,datetime,symbol,open,high,low,close,volume,interval,datetime_sec,profit_in_bars_13,profit_in_bars_14,profit_in_bars_15,profit_in_bars_16,profit_in_bars_17,profit_in_bars_18,profit_in_bars_19,profit_in_bars_20,profit_in_bars_21,profit_in_bars_22,profit_in_bars_23,profit_in_bars_24,profit_in_bars_25,profit_in_bars_26,profit_in_bars_27,profit_in_bars_28,profit_in_bars_29,profit_in_bars_30,NW3,NW2,sob_delta_include_breaking,sob_delta,sp8/10/8,sp16/12/16,volume2,volume3,volume4,uma3,uma4,uma5,uma6,uma7,uma8,uma9,uma10,uma11,uma12,uma13,uma14,uma15,uma16,uma17,uma18,uma19,uma20,profit_in_bars_1,profit_in_bars_2,profit_in_bars_3,profit_in_bars_4,profit_in_bars_5,profit_in_bars_6,profit_in_bars_7,profit_in_bars_8,profit_in_bars_9,profit_in_bars_10,profit_in_bars_11,profit_in_bars_12
0,2023-10-27 12:00:00,OANDA:GBPUSD,1.21282,1.2134049999999998,1.212615,1.21322,413.0,Interval.in_2_hour,57412800.0,,,,,,,,,,,,,,,,,,,short,long,neutral,neutral,long,short,long,neutral,neutral,short,short,short,short,short,long,long,long,long,long,long,long,long,long,long,long,long,long,,,,,,,,,,,,
1,2023-10-27 10:00:00,OANDA:GBPUSD,1.21212,1.21298,1.211175,1.21282,10088.0,Interval.in_2_hour,57405600.0,,,,,,,,,,,,,,,,,,,short,long,neutral,neutral,long,short,neutral,neutral,neutral,short,short,short,short,long,long,short,long,long,long,long,long,long,long,long,long,long,short,long,,,,,,,,,,,
2,2023-10-27 08:00:00,OANDA:GBPUSD,1.21378,1.21417,1.21146,1.21212,7245.0,Interval.in_2_hour,57398400.0,,,,,,,,,,,,,,,,,,,short,long,neutral,neutral,long,short,neutral,neutral,neutral,short,short,short,long,long,long,long,long,long,long,long,long,long,long,long,long,short,short,long,long,,,,,,,,,,
3,2023-10-27 06:00:00,OANDA:GBPUSD,1.21368,1.21388,1.21302,1.21378,3864.0,Interval.in_2_hour,57391200.0,,,,,,,,,,,,,,,,,,,short,long,neutral,neutral,long,short,long,neutral,neutral,long,long,long,long,long,long,long,long,long,long,long,long,long,long,long,long,long,long,short,short,short,,,,,,,,,
4,2023-10-27 04:00:00,OANDA:GBPUSD,1.21273,1.21394,1.21225,1.21368,5956.0,Interval.in_2_hour,57384000.0,,,,,,,,,,,,,,,,,,,short,long,neutral,neutral,long,short,neutral,neutral,neutral,long,long,long,long,long,long,long,long,long,long,long,long,long,long,short,short,long,long,long,short,short,short,,,,,,,,
5,2023-10-27 02:00:00,OANDA:GBPUSD,1.21343,1.21392,1.21269,1.21273,5303.0,Interval.in_2_hour,57376800.0,,,,,,,,,,,,,,,,,,,short,long,neutral,neutral,long,short,neutral,neutral,neutral,long,long,long,long,long,long,long,long,long,long,long,long,long,short,short,long,neutral,short,long,long,short,long,long,,,,,,,
6,2023-10-27 00:00:00,OANDA:GBPUSD,1.21286,1.21352,1.21264,1.21343,1146.0,Interval.in_2_hour,57369600.0,,,,,,,,,,,,,,,,,,,short,long,neutral,neutral,long,short,neutral,neutral,neutral,long,long,long,long,long,long,long,long,long,long,long,long,short,short,long,long,short,short,short,long,long,short,short,short,,,,,,
7,2023-10-26 22:00:00,OANDA:GBPUSD,1.2135,1.21372,1.2118,1.21286,5593.0,Interval.in_2_hour,57362400.0,,,,,,,,,,,,,,,,,,,short,long,neutral,neutral,long,short,neutral,neutral,neutral,long,long,long,long,long,long,long,long,long,long,long,short,short,long,long,short,short,short,long,short,long,long,short,short,long,,,,,
8,2023-10-26 20:00:00,OANDA:GBPUSD,1.21046,1.21396,1.2104,1.2135,9748.0,Interval.in_2_hour,57355200.0,,,,,,,,,,,,,,,,,,,short,long,neutral,neutral,long,short,neutral,neutral,neutral,long,long,long,long,long,long,long,long,long,short,short,short,short,short,short,short,short,short,short,short,short,long,long,short,short,short,,,,
9,2023-10-26 18:00:00,OANDA:GBPUSD,1.21272,1.21322,1.2098,1.21046,11428.0,Interval.in_2_hour,57348000.0,,,,,,,,,,,,,,,,,,,short,short,neutral,neutral,long,short,neutral,neutral,neutral,long,long,long,long,long,long,long,long,short,short,short,short,short,short,short,short,short,short,long,long,long,long,long,long,long,long,long,,,
10,2023-10-26 16:00:00,OANDA:GBPUSD,1.21248,1.21338,1.21039,1.21272,18345.0,Interval.in_2_hour,57340800.0,,,,,,,,,,,,,,,,,,,short,short,neutral,neutral,long,short,long,neutral,neutral,long,long,long,long,long,long,long,long,short,short,short,short,short,short,short,short,short,short,short,long,long,long,long,long,long,short,long,long,,
11,2023-10-26 14:00:00,OANDA:GBPUSD,1.20756,1.21248,1.20753,1.21248,14793.0,Interval.in_2_hour,57333600.0,,,,,,,,,,,,,,,,,,,short,short,short,neutral,long,short,neutral,neutral,neutral,long,long,long,long,short,short,short,short,short,short,short,short,short,short,short,short,short,short,long,short,long,long,long,long,long,long,short,long,long,
12,2023-10-26 12:00:00,OANDA:GBPUSD,1.20794,1.20948,1.20744,1.20756,7204.0,Interval.in_2_hour,57326400.0,,,,,,,,,,,,,,,,,,,short,short,neutral,neutral,long,short,neutral,neutral,neutral,short,short,short,short,short,short,short,short,short,short,short,short,short,short,short,short,short,short,long,long,long,long,long,long,long,long,long,long,long,long
13,2023-10-26 10:00:00,OANDA:GBPUSD,1.20763,1.20962,1.20751,1.20794,9302.0,Interval.in_2_hour,57319200.0,long,,,,,,,,,,,,,,,,,,short,short,neutral,neutral,long,short,neutral,neutral,neutral,short,short,short,short,short,short,short,short,short,short,short,short,short,short,short,short,short,short,short,long,long,long,long,long,long,long,long,long,long,long
14,2023-10-26 08:00:00,OANDA:GBPUSD,1.208,1.20881,1.20695,1.20763,8134.0,Interval.in_2_hour,57312000.0,long,long,,,,,,,,,,,,,,,,,short,long,short,neutral,long,short,short,short,short,short,short,short,short,short,short,short,short,short,short,short,short,short,short,short,short,short,short,long,short,long,long,long,long,long,long,long,long,long,long
15,2023-10-26 06:00:00,OANDA:GBPUSD,1.20828,1.20845,1.20768,1.208,4834.0,Interval.in_2_hour,57304800.0,long,long,long,,,,,,,,,,,,,,,,short,long,neutral,neutral,long,short,short,short,short,short,short,short,short,short,short,short,short,short,short,short,short,short,short,short,short,short,short,short,short,short,long,long,long,long,long,long,long,long,long
16,2023-10-26 04:00:00,OANDA:GBPUSD,1.20906,1.20996,1.20795,1.20828,7106.0,Interval.in_2_hour,57297600.0,long,long,long,long,,,,,,,,,,,,,,,short,long,neutral,neutral,long,short,short,short,short,short,short,short,short,short,short,short,short,short,short,short,short,short,short,short,short,short,short,short,short,short,short,long,long,long,long,long,long,long,long
17,2023-10-26 02:00:00,OANDA:GBPUSD,1.21032,1.21049,1.20877,1.20906,4837.0,Interval.in_2_hour,57290400.0,long,long,long,long,long,,,,,,,,,,,,,,short,long,neutral,neutral,long,short,short,short,short,short,short,short,short,short,short,short,short,short,short,short,short,short,short,short,short,short,short,short,short,short,short,short,long,long,long,long,long,long,long
18,2023-10-26 00:00:00,OANDA:GBPUSD,1.21115,1.21138,1.21014,1.21032,1674.0,Interval.in_2_hour,57283200.0,long,long,long,long,long,long,,,,,,,,,,,,,short,long,neutral,neutral,long,short,short,short,short,short,short,short,short,short,short,short,short,short,short,short,short,short,short,short,short,short,short,short,short,short,short,short,short,long,long,long,long,long,long
19,2023-10-25 22:00:00,OANDA:GBPUSD,1.2116,1.212,1.21066,1.21115,5523.0,Interval.in_2_hour,57276000.0,long,long,long,long,long,long,long,,,,,,,,,,,,short,short,neutral,neutral,long,short,short,short,neutral,short,short,short,short,short,short,short,short,short,short,short,short,short,short,short,short,short,short,short,short,short,short,short,short,short,long,long,short,long,long
20,2023-10-25 20:00:00,OANDA:GBPUSD,1.21276,1.21306,1.21136,1.2116,10539.0,Interval.in_2_hour,57268800.0,long,long,long,long,long,long,long,long,,,,,,,,,,,short,long,neutral,neutral,long,short,short,neutral,neutral,short,short,short,short,short,short,short,short,short,short,short,short,short,short,short,short,short,short,short,short,short,short,short,short,short,short,long,long,short,long
21,2023-10-25 18:00:00,OANDA:GBPUSD,1.21422,1.21531,1.212235,1.21276,12309.0,Interval.in_2_hour,57261600.0,long,long,long,short,long,long,short,long,long,,,,,,,,,,short,long,neutral,neutral,long,short,neutral,neutral,neutral,long,short,short,short,short,short,short,short,short,short,short,short,short,short,short,short,short,short,short,short,short,short,short,short,short,short,short,short,short,short
22,2023-10-25 16:00:00,OANDA:GBPUSD,1.21306,1.21562,1.212255,1.21422,16761.0,Interval.in_2_hour,57254400.0,short,short,short,short,short,short,short,short,short,short,,,,,,,,,short,long,short,short,long,short,long,neutral,neutral,short,short,short,short,short,short,short,short,short,short,short,short,short,short,short,short,short,short,short,short,short,short,short,short,short,short,short,short,short,short
23,2023-10-25 14:00:00,OANDA:GBPUSD,1.21232,1.2137,1.21144,1.21306,8891.0,Interval.in_2_hour,57247200.0,short,short,long,short,long,short,long,long,short,short,long,,,,,,,,short,long,neutral,neutral,long,short,neutral,neutral,neutral,short,short,short,short,short,short,short,short,short,short,short,short,short,short,short,short,short,short,long,short,short,short,short,short,short,short,short,short,short,short
24,2023-10-25 12:00:00,OANDA:GBPUSD,1.21384,1.21388,1.2114,1.21232,8735.0,Interval.in_2_hour,57240000.0,long,long,short,long,long,long,long,long,long,short,long,long,,,,,,,short,long,neutral,neutral,long,short,short,short,neutral,short,short,short,short,short,short,short,short,short,short,short,short,short,short,short,short,short,short,long,long,long,short,short,short,short,short,short,short,short,short
25,2023-10-25 10:00:00,OANDA:GBPUSD,1.21614,1.21666,1.21334,1.21384,10347.0,Interval.in_2_hour,57232800.0,short,short,short,short,short,short,short,short,short,short,short,short,short,,,,,,short,long,neutral,neutral,long,short,short,neutral,neutral,short,short,short,short,short,short,short,short,short,short,short,short,short,short,short,short,short,short,short,short,long,short,short,short,short,short,short,short,short,short
26,2023-10-25 08:00:00,OANDA:GBPUSD,1.21752,1.21762,1.21597,1.21614,7365.0,Interval.in_2_hour,57225600.0,short,short,short,short,short,short,short,short,short,short,short,short,short,short,,,,,short,long,neutral,neutral,long,short,neutral,neutral,neutral,long,long,long,long,short,short,short,short,short,short,short,short,short,short,short,short,short,short,short,short,short,short,short,short,short,short,short,short,short,short
27,2023-10-25 06:00:00,OANDA:GBPUSD,1.21729,1.21755,1.217075,1.21752,3764.0,Interval.in_2_hour,57218400.0,short,short,short,short,short,short,short,short,short,short,short,short,short,short,short,,,,short,long,neutral,neutral,long,short,long,long,long,long,long,long,long,short,short,short,short,short,short,short,short,short,short,short,short,short,long,short,short,short,short,short,short,short,short,short,short,short,short
28,2023-10-25 04:00:00,OANDA:GBPUSD,1.21662,1.21744,1.21638,1.21729,6090.0,Interval.in_2_hour,57211200.0,short,short,short,short,short,short,short,short,short,short,short,short,short,short,short,short,,,short,long,neutral,neutral,long,short,long,long,neutral,long,long,long,short,short,short,short,short,short,short,short,short,short,short,short,short,long,long,long,short,short,short,short,short,short,short,short,short,short,short
29,2023-10-25 02:00:00,OANDA:GBPUSD,1.21613,1.2169,1.21588,1.21662,5166.0,Interval.in_2_hour,57204000.0,short,short,short,short,short,short,short,short,short,short,short,short,short,short,short,short,short,,short,long,neutral,neutral,long,short,long,neutral,neutral,long,short,short,short,short,short,short,short,short,short,short,short,short,short,short,long,long,long,long,long,short,short,short,short,short,short,short,short,short,short
30,2023-10-25 00:00:00,OANDA:GBPUSD,1.21605,1.21661,1.21564,1.21613,1489.0,Interval.in_2_hour,57196800.0,short,short,short,short,short,short,short,short,short,short,short,short,short,short,short,short,short,short,short,long,neutral,neutral,long,short,neutral,neutral,neutral,short,short,short,short,short,short,short,short,short,short,short,short,short,short,long,long,long,long,long,long,long,long,short,short,short,short,short,short,short,short
31,2023-10-24 22:00:00,OANDA:GBPUSD,1.21614,1.21659,1.215815,1.21605,5189.0,Interval.in_2_hour,57189600.0,short,short,short,short,short,short,short,short,short,short,short,short,short,short,short,short,short,short,long,long,neutral,neutral,long,short,neutral,neutral,neutral,short,short,short,short,short,short,short,short,short,short,short,short,short,long,long,long,long,long,long,long,long,long,long,short,short,short,short,short,short,short
32,2023-10-24 20:00:00,OANDA:GBPUSD,1.21586,1.21677,1.21558,1.21614,6405.0,Interval.in_2_hour,57182400.0,short,short,short,short,short,short,short,short,short,short,short,short,short,short,short,short,short,short,long,long,neutral,neutral,long,short,neutral,neutral,neutral,short,short,short,short,short,short,short,short,short,short,short,short,long,long,short,long,long,long,short,short,long,long,long,long,short,short,short,short,short,short
33,2023-10-24 18:00:00,OANDA:GBPUSD,1.21781,1.21784,1.21535,1.21586,11090.0,Interval.in_2_hour,57175200.0,short,short,short,short,short,short,short,short,short,short,short,short,short,short,short,short,short,short,long,long,neutral,neutral,long,short,short,short,short,short,short,short,short,short,short,short,short,short,short,short,long,long,long,long,long,long,long,long,long,long,long,long,long,long,short,short,short,short,short
34,2023-10-24 16:00:00,OANDA:GBPUSD,1.22036,1.22074,1.21663,1.21781,18653.0,Interval.in_2_hour,57168000.0,short,short,short,short,short,short,short,short,short,short,short,short,short,short,short,short,short,short,long,long,neutral,neutral,long,short,short,short,short,short,short,short,short,short,short,short,short,short,long,long,long,long,long,long,long,long,long,short,short,short,short,short,short,short,short,short,short,short,short
35,2023-10-24 14:00:00,OANDA:GBPUSD,1.22116,1.22337,1.219775,1.22036,11669.0,Interval.in_2_hour,57160800.0,short,short,short,short,short,short,short,short,short,short,short,short,short,short,short,short,short,short,short,short,neutral,neutral,long,short,short,short,neutral,short,short,short,short,short,short,short,short,long,long,long,long,long,long,long,long,long,long,short,short,short,short,short,short,short,short,short,short,short,short
36,2023-10-24 12:00:00,OANDA:GBPUSD,1.22639,1.22639,1.22104,1.22116,9355.0,Interval.in_2_hour,57153600.0,short,short,short,short,short,short,short,short,short,short,short,short,short,short,short,short,short,short,short,short,long,neutral,long,short,short,neutral,neutral,short,short,short,short,short,short,long,long,long,long,long,long,long,long,long,long,long,long,short,short,short,short,short,short,short,short,short,short,short,short
37,2023-10-24 10:00:00,OANDA:GBPUSD,1.2285,1.22888,1.22434,1.22639,13833.0,Interval.in_2_hour,57146400.0,short,short,short,short,short,short,short,short,short,short,short,short,short,short,short,short,short,short,short,short,long,neutral,long,short,neutral,neutral,neutral,long,long,long,long,long,long,long,long,long,long,long,long,long,long,long,long,long,long,short,short,short,short,short,short,short,short,short,short,short,short
38,2023-10-24 08:00:00,OANDA:GBPUSD,1.22654,1.22854,1.22627,1.2285,7919.0,Interval.in_2_hour,57139200.0,short,short,short,short,short,short,short,short,short,short,short,short,short,short,short,short,short,short,short,short,neutral,neutral,long,short,long,long,long,long,long,long,long,long,long,long,long,long,long,long,long,long,long,long,long,long,long,short,short,short,short,short,short,short,short,short,short,short,short
39,2023-10-24 06:00:00,OANDA:GBPUSD,1.22654,1.2267,1.22623,1.22654,4414.0,Interval.in_2_hour,57132000.0,short,short,short,short,short,short,short,short,short,short,short,short,short,short,short,short,short,short,short,short,neutral,neutral,long,short,long,long,long,long,long,long,long,long,long,long,long,long,long,long,long,long,long,long,long,long,long,long,short,short,short,short,short,short,short,short,short,short,short
40,2023-10-24 04:00:00,OANDA:GBPUSD,1.22554,1.22742,1.22487,1.22654,8615.0,Interval.in_2_hour,57124800.0,short,short,short,short,short,short,short,short,short,short,short,short,short,short,short,short,short,short,short,short,neutral,neutral,long,short,long,long,neutral,long,long,long,long,long,long,long,long,long,long,long,long,long,long,long,long,long,long,long,long,short,short,short,short,short,short,short,short,short,short
41,2023-10-24 02:00:00,OANDA:GBPUSD,1.22489,1.22571,1.22466,1.22554,3692.0,Interval.in_2_hour,57117600.0,short,short,short,short,short,short,short,short,short,short,short,short,short,short,short,short,short,short,short,short,neutral,neutral,long,short,long,neutral,neutral,long,long,long,long,long,long,long,long,long,long,long,long,long,long,long,long,long,long,long,long,long,long,short,short,short,short,short,short,short,short
42,2023-10-24 00:00:00,OANDA:GBPUSD,1.22467,1.22538,1.22419,1.22489,1706.0,Interval.in_2_hour,57110400.0,short,short,short,short,short,short,short,short,short,short,short,short,short,short,short,short,short,short,short,short,neutral,neutral,long,short,neutral,neutral,neutral,long,long,long,long,long,long,long,long,long,long,long,long,long,long,long,long,long,long,long,long,long,long,long,short,short,short,short,short,short,short
43,2023-10-23 22:00:00,OANDA:GBPUSD,1.2255,1.22554,1.22374,1.22467,5588.0,Interval.in_2_hour,57103200.0,short,short,short,short,short,short,short,short,short,short,short,short,short,short,short,short,short,short,short,short,neutral,neutral,long,short,neutral,neutral,neutral,long,long,long,long,long,long,long,long,long,long,long,long,long,long,long,long,long,long,long,long,long,long,long,long,short,short,short,short,short,short
44,2023-10-23 20:00:00,OANDA:GBPUSD,1.2234,1.22587,1.22279,1.2255,7997.0,Interval.in_2_hour,57096000.0,short,short,short,short,short,short,short,short,short,short,short,short,short,short,short,short,short,short,short,short,neutral,neutral,long,short,long,long,long,long,long,long,long,long,long,long,long,long,long,long,long,long,long,long,long,long,long,short,short,long,long,long,long,long,short,short,short,short,short
45,2023-10-23 18:00:00,OANDA:GBPUSD,1.22078,1.2237,1.2206,1.2234,10450.0,Interval.in_2_hour,57088800.0,short,short,short,short,short,short,short,short,short,short,short,short,short,short,short,short,short,short,short,short,neutral,neutral,long,short,long,long,neutral,long,long,long,long,long,long,long,long,long,long,long,long,long,long,long,long,long,long,long,long,long,long,long,long,long,long,short,short,short,short
46,2023-10-23 16:00:00,OANDA:GBPUSD,1.21644,1.22146,1.21503,1.22078,15327.0,Interval.in_2_hour,57081600.0,short,short,short,short,short,short,short,short,short,short,short,short,short,short,short,short,short,short,long,short,neutral,neutral,long,short,long,neutral,neutral,long,long,long,long,long,long,long,long,long,long,long,long,long,long,long,long,long,long,long,long,long,long,long,long,long,long,long,long,short,short
47,2023-10-23 14:00:00,OANDA:GBPUSD,1.21552,1.21828,1.21523,1.21644,10205.0,Interval.in_2_hour,57074400.0,long,short,short,short,short,long,long,long,short,short,short,short,short,short,short,short,short,short,long,short,neutral,neutral,long,short,neutral,neutral,neutral,long,long,long,short,short,short,long,long,long,long,long,long,long,long,long,long,long,long,long,long,long,long,long,long,long,long,long,long,long,long
48,2023-10-23 12:00:00,OANDA:GBPUSD,1.21621,1.21724,1.21433,1.21552,10205.0,Interval.in_2_hour,57067200.0,long,long,long,long,long,long,long,long,long,long,short,short,short,short,short,short,short,short,long,short,neutral,neutral,long,short,neutral,neutral,neutral,long,long,short,short,short,long,long,long,long,long,long,long,long,long,long,long,long,long,long,long,long,long,long,long,long,long,long,long,long,long
49,2023-10-23 10:00:00,OANDA:GBPUSD,1.2158,1.21852,1.21482,1.21621,11921.0,Interval.in_2_hour,57060000.0,long,long,long,short,short,short,short,long,long,long,short,short,short,short,short,short,short,short,long,short,long,long,long,short,long,neutral,neutral,long,short,short,short,long,long,long,long,long,long,long,long,long,long,long,long,long,long,short,long,long,long,long,long,long,long,long,long,long,long
50,2023-10-23 08:00:00,OANDA:GBPUSD,1.21496,1.21666,1.21456,1.2158,6329.0,Interval.in_2_hour,57052800.0,long,long,long,long,long,long,long,long,long,long,long,long,short,short,short,short,short,short,long,short,neutral,neutral,long,short,neutral,neutral,neutral,short,short,short,short,long,long,long,long,long,long,long,long,long,long,long,short,short,long,long,short,long,long,long,long,long,long,long,long,long,long
51,2023-10-23 06:00:00,OANDA:GBPUSD,1.21502,1.21564,1.21443,1.21496,3332.0,Interval.in_2_hour,57045600.0,long,long,long,long,long,long,long,long,long,long,long,long,long,short,short,short,short,short,long,short,short,short,long,short,short,neutral,neutral,short,short,short,short,long,long,long,long,long,long,long,long,long,long,short,short,long,long,long,long,long,long,long,long,long,long,long,long,long,long
52,2023-10-23 04:00:00,OANDA:GBPUSD,1.21625,1.21625,1.21499,1.21502,4723.0,Interval.in_2_hour,57038400.0,long,long,long,long,long,long,long,long,long,long,long,long,long,long,short,short,short,short,long,short,neutral,neutral,long,short,neutral,neutral,neutral,short,long,long,long,long,long,long,long,long,long,long,long,long,short,short,long,long,long,short,long,long,long,long,long,long,long,long,long,long,long
53,2023-10-23 02:00:00,OANDA:GBPUSD,1.21613,1.21666,1.21552,1.21625,4312.0,Interval.in_2_hour,57031200.0,long,long,long,long,long,long,long,short,short,short,short,long,long,long,short,short,short,short,long,short,neutral,neutral,long,short,neutral,neutral,neutral,long,long,long,long,long,long,long,long,long,long,long,long,long,long,long,long,long,long,short,short,short,short,short,long,long,long,long,long,long,long
54,2023-10-23 00:00:00,OANDA:GBPUSD,1.21636,1.21646,1.21582,1.21613,1277.0,Interval.in_2_hour,57024000.0,long,long,long,long,long,long,long,long,short,long,short,long,long,long,long,long,short,short,long,short,neutral,neutral,long,short,neutral,neutral,neutral,long,long,long,long,long,long,long,long,long,long,long,long,long,long,long,long,long,long,long,short,short,short,long,short,long,long,long,long,long,long
55,2023-10-20 22:00:00,OANDA:GBPUSD,1.2157,1.21661,1.2153,1.21636,5506.0,Interval.in_2_hour,56844000.0,long,long,long,long,long,long,long,long,long,short,short,short,short,long,long,long,short,short,long,short,neutral,neutral,long,short,long,long,long,long,long,long,long,long,long,long,long,long,long,long,long,long,long,long,long,long,long,short,short,short,short,short,short,short,long,long,long,long,long
56,2023-10-20 20:00:00,OANDA:GBPUSD,1.21542,1.21704,1.21494,1.2157,10175.0,Interval.in_2_hour,56836800.0,long,long,long,long,long,long,long,long,long,long,long,long,long,long,long,long,long,long,long,short,neutral,neutral,long,short,long,long,long,long,long,long,long,long,long,long,long,long,short,short,long,long,long,long,long,long,long,long,long,long,short,short,long,long,short,long,long,long,long
57,2023-10-20 18:00:00,OANDA:GBPUSD,1.2148,1.216,1.21351,1.21542,10648.0,Interval.in_2_hour,56829600.0,long,long,long,long,long,long,long,long,long,long,long,long,long,long,long,long,long,long,long,short,neutral,neutral,long,short,long,long,neutral,long,long,long,long,long,long,long,long,short,short,long,long,long,long,long,long,long,long,long,long,long,long,short,short,long,long,long,long,long,long
58,2023-10-20 16:00:00,OANDA:GBPUSD,1.21404,1.21611,1.21312,1.2148,17802.0,Interval.in_2_hour,56822400.0,long,long,long,long,long,long,long,long,long,long,long,long,long,long,long,long,long,long,long,short,long,long,long,short,long,neutral,neutral,long,long,long,long,long,long,long,short,short,long,long,long,long,long,long,long,long,long,long,long,long,long,long,long,long,long,long,long,long,long
59,2023-10-20 14:00:00,OANDA:GBPUSD,1.2123,1.21495,1.212,1.21404,11262.0,Interval.in_2_hour,56815200.0,long,long,long,long,long,long,long,long,long,long,long,long,long,long,long,long,long,long,long,short,neutral,neutral,long,short,neutral,neutral,neutral,long,short,short,short,short,short,short,short,short,long,long,long,long,long,short,short,short,short,long,long,long,long,long,long,long,long,long,long,long,long
60,2023-10-20 12:00:00,OANDA:GBPUSD,1.2124,1.21325,1.2114,1.2123,9038.0,Interval.in_2_hour,56808000.0,long,long,long,long,long,long,long,long,long,long,long,long,long,long,long,long,long,long,long,short,short,neutral,long,short,neutral,neutral,neutral,short,short,short,short,short,short,short,short,short,long,long,short,short,short,short,short,short,short,long,long,long,long,long,long,long,long,long,long,long,long
61,2023-10-20 10:00:00,OANDA:GBPUSD,1.211,1.2127,1.20968,1.2124,12869.0,Interval.in_2_hour,56800800.0,long,long,long,long,long,long,long,long,long,long,long,long,long,long,long,long,long,long,long,short,neutral,neutral,long,short,neutral,neutral,neutral,short,short,short,short,short,short,short,short,long,short,short,short,short,short,short,short,short,short,short,long,long,long,long,long,long,long,long,long,long,long
62,2023-10-20 08:00:00,OANDA:GBPUSD,1.21344,1.21384,1.20933,1.211,8896.0,Interval.in_2_hour,56793600.0,long,long,long,long,long,long,long,long,long,long,long,long,long,long,long,long,long,long,long,short,neutral,neutral,long,short,short,neutral,neutral,short,short,short,short,short,short,short,long,long,short,short,short,short,short,short,short,short,short,long,long,long,long,long,long,long,long,long,long,long,long
63,2023-10-20 06:00:00,OANDA:GBPUSD,1.21418,1.21448,1.21312,1.21344,4825.0,Interval.in_2_hour,56786400.0,long,long,long,long,long,long,long,long,long,long,long,long,long,long,long,long,long,long,long,long,long,long,long,short,neutral,neutral,neutral,short,short,short,short,short,long,long,long,long,long,long,short,short,short,short,short,short,short,short,short,short,long,long,long,long,long,long,long,long,long
64,2023-10-20 04:00:00,OANDA:GBPUSD,1.21258,1.2143,1.21181,1.21418,6578.0,Interval.in_2_hour,56779200.0,long,long,long,long,long,long,long,long,long,long,long,long,long,long,long,long,long,long,long,long,neutral,neutral,long,short,neutral,neutral,neutral,short,short,short,short,long,long,long,long,long,short,short,short,short,short,short,short,short,short,short,short,short,short,short,long,long,long,long,long,long,long
65,2023-10-20 02:00:00,OANDA:GBPUSD,1.21403,1.21415,1.21224,1.21258,5024.0,Interval.in_2_hour,56772000.0,long,long,long,long,long,long,long,long,long,long,long,long,long,long,long,long,long,long,long,long,neutral,neutral,long,short,short,neutral,neutral,short,short,short,long,long,long,long,long,short,short,short,short,short,short,short,short,short,short,long,long,short,short,short,long,long,long,long,long,long,long
66,2023-10-20 00:00:00,OANDA:GBPUSD,1.2142,1.21464,1.21395,1.21403,1153.0,Interval.in_2_hour,56764800.0,long,long,long,long,long,long,long,long,long,long,long,long,long,long,long,long,long,long,long,long,neutral,neutral,long,short,neutral,neutral,neutral,short,short,long,long,long,long,long,long,short,short,short,short,short,short,short,short,short,short,short,long,short,short,short,short,long,long,long,long,long,long
67,2023-10-19 22:00:00,OANDA:GBPUSD,1.2142,1.21534,1.21382,1.2142,7289.0,Interval.in_2_hour,56757600.0,long,long,long,long,long,long,long,long,long,long,long,long,long,long,long,long,long,long,long,long,neutral,neutral,long,short,neutral,neutral,neutral,short,long,long,long,long,long,long,long,long,short,short,short,short,short,short,short,short,short,short,short,short,short,short,short,short,short,long,long,long,long
68,2023-10-19 20:00:00,OANDA:GBPUSD,1.21742,1.21832,1.21386,1.2142,17483.0,Interval.in_2_hour,56750400.0,long,long,long,long,long,long,long,long,long,long,long,long,long,long,long,long,long,long,long,long,neutral,neutral,long,short,neutral,neutral,neutral,long,long,long,long,long,long,long,long,long,long,long,short,short,short,short,short,short,short,long,short,short,short,short,short,short,short,short,long,long,long
69,2023-10-19 18:00:00,OANDA:GBPUSD,1.21434,1.2192,1.21258,1.21742,24845.0,Interval.in_2_hour,56743200.0,short,short,short,short,short,short,short,short,short,short,long,long,long,long,long,long,long,long,long,long,long,long,long,short,long,long,long,long,long,long,long,long,long,long,long,long,long,short,short,short,short,short,short,short,short,short,short,short,short,short,short,short,short,short,short,short,short
70,2023-10-19 16:00:00,OANDA:GBPUSD,1.21414,1.21624,1.21372,1.21434,15752.0,Interval.in_2_hour,56736000.0,long,long,long,long,long,long,long,long,long,long,long,long,long,long,long,long,long,long,long,long,neutral,neutral,long,short,long,long,neutral,long,long,long,long,long,long,long,short,short,short,short,short,short,short,short,short,short,short,long,short,short,short,short,short,short,short,short,short,short,long
71,2023-10-19 14:00:00,OANDA:GBPUSD,1.21208,1.21449,1.21176,1.21414,11976.0,Interval.in_2_hour,56728800.0,long,long,long,long,long,long,long,long,long,long,long,long,long,long,long,long,long,long,long,long,neutral,neutral,long,short,long,neutral,neutral,long,long,short,short,short,short,short,short,short,short,short,short,short,short,short,short,short,short,long,long,long,long,short,short,long,short,short,short,short,short
72,2023-10-19 12:00:00,OANDA:GBPUSD,1.21066,1.21223,1.20899,1.21208,8664.0,Interval.in_2_hour,56721600.0,long,long,long,long,long,long,long,long,long,long,long,long,long,long,long,long,long,long,long,long,short,short,long,short,neutral,neutral,neutral,short,short,short,short,short,short,short,short,short,short,short,short,short,short,short,short,short,short,long,long,long,long,long,long,long,long,long,short,long,long
73,2023-10-19 10:00:00,OANDA:GBPUSD,1.21332,1.2145,1.2102,1.21066,13232.0,Interval.in_2_hour,56714400.0,long,long,long,long,long,long,long,long,long,long,long,long,long,long,long,long,long,long,long,long,neutral,neutral,long,short,neutral,neutral,neutral,short,short,short,short,short,short,short,short,short,short,short,short,short,short,short,short,short,short,long,long,long,long,long,long,long,long,long,long,long,long
74,2023-10-19 08:00:00,OANDA:GBPUSD,1.21255,1.21383,1.21112,1.21332,7104.0,Interval.in_2_hour,56707200.0,short,short,long,long,long,long,long,long,long,long,long,long,long,long,long,long,long,long,long,long,short,neutral,long,short,neutral,neutral,neutral,short,short,short,short,short,short,short,short,short,short,short,short,short,short,short,short,short,short,short,short,long,long,long,long,long,long,short,long,long,short
75,2023-10-19 06:00:00,OANDA:GBPUSD,1.21327,1.21362,1.21238,1.21255,4582.0,Interval.in_2_hour,56700000.0,short,short,short,long,long,long,long,long,long,long,long,long,long,long,long,long,long,long,long,long,neutral,neutral,long,short,short,neutral,neutral,short,short,short,short,short,short,short,short,short,short,short,short,short,short,short,short,short,short,long,short,short,long,long,long,long,long,long,long,long,long
76,2023-10-19 04:00:00,OANDA:GBPUSD,1.21416,1.2145,1.21319,1.21327,7265.0,Interval.in_2_hour,56692800.0,long,short,short,short,long,long,long,long,long,long,long,long,long,long,long,long,long,long,long,long,neutral,neutral,long,short,neutral,neutral,neutral,short,short,short,short,short,short,short,short,short,short,short,short,short,short,short,short,short,short,short,long,short,short,long,long,long,long,long,long,short,long
77,2023-10-19 02:00:00,OANDA:GBPUSD,1.21416,1.21458,1.21365,1.21416,4948.0,Interval.in_2_hour,56685600.0,long,short,short,short,short,short,long,long,long,long,long,long,long,long,long,long,long,long,long,long,neutral,neutral,long,short,long,neutral,neutral,short,short,short,short,short,short,short,short,short,short,short,short,short,short,short,short,short,short,short,short,short,short,short,short,long,long,long,long,short,short
78,2023-10-19 00:00:00,OANDA:GBPUSD,1.21408,1.21464,1.21399,1.21416,893.0,Interval.in_2_hour,56678400.0,short,long,short,short,short,short,short,long,long,long,long,long,long,long,long,long,long,long,long,long,neutral,neutral,long,short,neutral,neutral,neutral,short,short,short,short,short,short,short,short,short,short,short,short,short,short,short,short,short,short,long,short,short,short,short,short,short,long,long,long,long,short
79,2023-10-18 22:00:00,OANDA:GBPUSD,1.21438,1.21453,1.21372,1.21408,5286.0,Interval.in_2_hour,56671200.0,short,short,long,short,short,short,short,short,long,long,long,long,long,long,long,long,long,long,long,long,neutral,neutral,long,short,short,neutral,neutral,short,short,short,short,short,short,short,short,short,short,short,short,short,short,short,short,short,short,long,long,short,short,short,short,short,long,long,long,long,long
80,2023-10-18 20:00:00,OANDA:GBPUSD,1.21528,1.21764,1.21434,1.21438,11118.0,Interval.in_2_hour,56664000.0,short,short,short,short,short,short,short,short,short,long,long,long,long,long,long,long,long,long,long,long,short,neutral,long,short,neutral,neutral,neutral,short,short,short,short,short,short,short,short,short,short,short,short,short,short,short,short,short,short,short,short,short,short,short,short,short,short,short,short,long,short
81,2023-10-18 18:00:00,OANDA:GBPUSD,1.21463,1.21538,1.21378,1.21528,13223.0,Interval.in_2_hour,56656800.0,short,short,short,short,short,short,short,short,short,short,short,long,long,long,long,long,short,short,long,long,neutral,neutral,long,short,neutral,neutral,neutral,short,short,short,short,short,short,short,short,short,short,short,long,short,short,short,short,short,short,short,short,short,short,short,short,short,short,short,short,short,long
82,2023-10-18 16:00:00,OANDA:GBPUSD,1.21764,1.21866,1.21388,1.21463,16472.0,Interval.in_2_hour,56649600.0,long,short,short,short,short,short,short,short,short,short,short,long,long,long,long,long,long,long,long,long,neutral,neutral,long,short,short,short,neutral,short,short,short,short,short,short,short,short,short,neutral,long,long,short,short,short,short,short,short,long,short,short,short,short,short,short,short,short,short,short,short
83,2023-10-18 14:00:00,OANDA:GBPUSD,1.21816,1.22065,1.21716,1.21764,11388.0,Interval.in_2_hour,56642400.0,short,short,short,short,short,short,short,short,short,short,short,short,short,short,short,short,short,short,long,long,neutral,neutral,long,short,short,neutral,neutral,short,long,long,long,short,long,short,short,long,long,long,long,short,short,short,short,short,short,short,short,short,short,short,short,short,short,short,short,short,short
84,2023-10-18 12:00:00,OANDA:GBPUSD,1.21996,1.22105,1.21762,1.21816,10474.0,Interval.in_2_hour,56635200.0,short,short,short,short,short,short,short,short,short,short,short,short,short,short,short,short,short,short,long,long,neutral,neutral,long,short,neutral,neutral,neutral,long,long,long,long,long,long,long,long,long,long,long,long,short,short,short,short,short,short,short,short,short,short,short,short,short,short,short,short,short,short
85,2023-10-18 10:00:00,OANDA:GBPUSD,1.21938,1.22074,1.21776,1.21996,11248.0,Interval.in_2_hour,56628000.0,short,short,short,short,short,short,short,short,short,short,short,short,short,short,short,short,short,short,long,long,neutral,neutral,long,short,long,long,long,long,long,long,long,long,long,long,long,long,long,long,short,short,short,short,short,short,long,short,short,short,short,short,short,short,short,short,short,short,short
86,2023-10-18 08:00:00,OANDA:GBPUSD,1.21809,1.22112,1.21796,1.21938,9145.0,Interval.in_2_hour,56620800.0,short,short,short,short,short,short,short,short,short,short,short,short,short,short,short,short,short,short,long,long,neutral,neutral,long,short,long,long,neutral,long,long,long,long,long,long,long,long,long,long,short,short,short,short,short,short,short,long,long,short,short,short,short,short,short,short,short,short,short,short
87,2023-10-18 06:00:00,OANDA:GBPUSD,1.21758,1.21843,1.21715,1.21809,4825.0,Interval.in_2_hour,56613600.0,short,short,short,short,short,short,short,short,short,short,short,short,short,short,short,short,short,short,long,long,neutral,neutral,long,short,long,neutral,neutral,short,short,short,short,long,long,long,long,short,short,short,short,short,short,short,short,short,long,long,long,long,short,short,short,short,short,short,short,short,short
88,2023-10-18 04:00:00,OANDA:GBPUSD,1.21628,1.21796,1.21591,1.21758,7348.0,Interval.in_2_hour,56606400.0,short,short,short,short,short,short,short,short,short,short,short,short,short,short,short,short,short,short,long,long,neutral,neutral,long,short,neutral,neutral,neutral,short,short,short,long,long,long,long,short,short,short,short,short,short,short,short,short,long,long,long,long,long,long,long,short,short,short,short,short,short,short
89,2023-10-18 02:00:00,OANDA:GBPUSD,1.21804,1.2181,1.21584,1.21628,3715.0,Interval.in_2_hour,56599200.0,short,short,short,short,short,short,short,long,short,short,short,short,short,short,short,short,short,short,long,long,neutral,neutral,long,short,short,neutral,neutral,short,short,long,long,long,long,short,short,short,short,short,short,short,short,short,long,long,long,long,long,long,long,long,long,short,short,short,short,short,short
90,2023-10-18 00:00:00,OANDA:GBPUSD,1.21826,1.21948,1.21766,1.21804,1641.0,Interval.in_2_hour,56592000.0,short,short,short,short,short,short,short,short,short,short,short,short,short,short,short,short,short,short,long,long,neutral,neutral,long,short,neutral,neutral,neutral,short,long,long,long,long,short,short,short,short,short,short,short,short,short,long,long,long,long,short,short,long,long,long,long,short,short,short,short,short,short
91,2023-10-17 22:00:00,OANDA:GBPUSD,1.21746,1.21884,1.21746,1.21826,4518.0,Interval.in_2_hour,56584800.0,short,short,short,short,short,short,short,short,short,short,short,short,short,short,short,short,short,short,long,long,short,short,long,short,neutral,neutral,neutral,long,long,long,long,short,short,short,short,short,short,short,short,short,long,long,long,long,long,short,short,short,short,long,long,short,short,short,short,short,short
92,2023-10-17 20:00:00,OANDA:GBPUSD,1.21916,1.21934,1.2171,1.21746,7374.0,Interval.in_2_hour,56577600.0,short,short,short,short,short,short,short,short,short,short,short,short,short,short,short,short,short,short,long,long,neutral,neutral,long,short,neutral,neutral,neutral,long,long,long,neutral,short,short,short,short,short,short,short,long,long,long,long,long,long,long,long,long,short,long,long,long,long,long,long,short,short,short
93,2023-10-17 18:00:00,OANDA:GBPUSD,1.21817,1.22121,1.21801,1.21916,11170.0,Interval.in_2_hour,56570400.0,short,short,short,short,short,short,short,short,short,short,short,short,short,short,short,short,short,short,long,long,short,neutral,long,short,long,neutral,neutral,long,long,long,short,short,short,short,short,short,short,long,long,long,long,long,long,long,long,short,short,short,short,short,short,long,long,short,short,short,short
94,2023-10-17 16:00:00,OANDA:GBPUSD,1.2141,1.21951,1.21368,1.21817,18850.0,Interval.in_2_hour,56563200.0,short,short,short,short,short,short,short,short,short,short,short,short,short,short,short,short,short,short,long,long,short,neutral,long,short,neutral,neutral,neutral,short,short,short,short,short,short,short,short,short,short,short,long,short,short,long,long,long,long,long,short,long,short,short,short,short,long,long,short,short,short
95,2023-10-17 14:00:00,OANDA:GBPUSD,1.21576,1.21912,1.2133,1.2141,14397.0,Interval.in_2_hour,56556000.0,long,long,long,short,long,long,short,short,short,short,short,long,long,long,long,long,short,short,long,long,short,short,long,short,neutral,neutral,neutral,short,short,short,short,short,short,short,short,short,short,short,short,short,short,short,long,long,long,long,long,long,long,long,long,long,long,long,long,long,long
96,2023-10-17 12:00:00,OANDA:GBPUSD,1.2155,1.2174,1.21502,1.21576,10436.0,Interval.in_2_hour,56548800.0,long,short,short,short,short,short,short,short,short,short,short,short,short,short,long,short,short,short,long,short,neutral,neutral,long,short,neutral,neutral,neutral,short,short,short,short,short,short,short,short,short,long,short,short,short,long,long,long,long,long,short,long,long,long,long,long,long,long,long,long,long,long
97,2023-10-17 10:00:00,OANDA:GBPUSD,1.21694,1.21848,1.21496,1.2155,11424.0,Interval.in_2_hour,56541600.0,long,long,short,short,short,short,short,short,short,short,short,short,short,short,short,long,short,short,long,long,neutral,neutral,long,short,short,short,short,short,short,short,short,short,short,short,short,long,short,short,long,long,long,long,long,long,long,long,short,long,long,long,long,long,long,long,long,long,long
98,2023-10-17 08:00:00,OANDA:GBPUSD,1.21968,1.22008,1.21652,1.21694,7793.0,Interval.in_2_hour,56534400.0,long,long,long,short,short,short,short,short,short,short,short,short,short,short,short,short,long,short,long,long,neutral,neutral,long,short,short,short,short,short,short,short,short,short,long,long,long,long,long,long,long,long,long,long,long,long,long,short,short,short,long,long,long,long,long,short,long,long,long
99,2023-10-17 06:00:00,OANDA:GBPUSD,1.21988,1.22066,1.21954,1.21968,5415.0,Interval.in_2_hour,56527200.0,short,long,short,short,short,short,short,short,short,short,short,short,short,short,short,short,short,short,long,long,neutral,neutral,long,short,short,short,short,short,short,short,long,long,long,long,long,long,long,long,long,long,long,long,long,long,long,short,short,short,short,short,short,short,short,short,short,short,short
100,2023-10-17 04:00:00,OANDA:GBPUSD,1.22094,1.22096,1.21932,1.21988,5951.0,Interval.in_2_hour,56520000.0,short,short,long,short,short,short,short,short,short,short,short,short,short,short,short,short,short,short,long,long,long,neutral,long,short,short,short,neutral,short,short,long,long,long,long,long,long,long,long,long,long,long,long,long,long,long,long,short,short,short,short,short,short,short,short,short,short,short,short
101,2023-10-17 02:00:00,OANDA:GBPUSD,1.22126,1.2216,1.2208,1.22094,3857.0,Interval.in_2_hour,56512800.0,short,short,short,short,short,short,short,short,short,short,short,short,short,short,short,short,short,short,long,long,neutral,neutral,long,short,short,neutral,neutral,long,long,long,long,long,long,long,long,long,long,long,long,long,long,long,long,long,long,short,short,short,short,short,short,short,short,short,short,short,short
102,2023-10-17 00:00:00,OANDA:GBPUSD,1.22166,1.22178,1.2204,1.22126,1501.0,Interval.in_2_hour,56505600.0,short,short,short,short,short,short,short,short,short,short,short,short,short,short,short,short,short,short,long,short,long,neutral,long,short,neutral,neutral,neutral,long,long,long,long,long,long,long,long,long,long,long,long,long,long,long,long,long,long,short,short,short,short,short,short,short,short,short,short,short,short
103,2023-10-16 22:00:00,OANDA:GBPUSD,1.2213,1.22194,1.22094,1.22166,4430.0,Interval.in_2_hour,56498400.0,short,short,short,short,short,short,short,short,short,short,short,short,short,short,short,short,short,short,long,short,neutral,neutral,long,short,long,long,long,long,long,long,long,long,long,long,long,long,long,long,long,long,long,long,long,long,long,short,short,short,short,short,short,short,short,short,short,short,short
104,2023-10-16 20:00:00,OANDA:GBPUSD,1.21999,1.22169,1.21986,1.2213,6719.0,Interval.in_2_hour,56491200.0,short,short,short,short,short,short,short,short,short,short,short,short,short,short,short,short,short,short,long,short,neutral,neutral,long,short,long,long,long,long,long,long,long,long,long,long,long,long,long,long,long,long,long,long,long,long,long,long,short,short,short,short,short,short,short,short,short,short,short
105,2023-10-16 18:00:00,OANDA:GBPUSD,1.2189,1.22052,1.21876,1.21999,8048.0,Interval.in_2_hour,56484000.0,short,short,short,short,short,short,short,short,short,short,short,short,short,short,short,short,short,short,long,long,neutral,neutral,long,short,long,long,neutral,long,long,long,long,long,long,long,long,long,long,long,long,long,short,short,short,short,long,long,long,long,long,short,short,short,short,short,short,short,short
106,2023-10-16 16:00:00,OANDA:GBPUSD,1.21762,1.21932,1.21534,1.2189,14182.0,Interval.in_2_hour,56476800.0,long,short,short,short,short,short,short,long,long,short,short,short,short,short,short,short,short,short,long,long,long,long,long,short,long,neutral,neutral,long,long,long,long,long,long,long,long,long,long,long,short,short,short,short,short,short,long,long,long,long,long,long,long,long,short,short,short,short,short
107,2023-10-16 14:00:00,OANDA:GBPUSD,1.21516,1.21846,1.21466,1.21762,12240.0,Interval.in_2_hour,56469600.0,long,long,short,long,long,short,short,long,long,long,long,long,short,short,short,short,short,short,long,long,neutral,neutral,long,short,neutral,neutral,neutral,short,long,long,long,long,long,long,long,short,short,short,short,short,short,short,short,short,short,long,long,long,long,long,long,long,long,short,short,short,short
108,2023-10-16 12:00:00,OANDA:GBPUSD,1.21596,1.21666,1.21428,1.21516,9412.0,Interval.in_2_hour,56462400.0,short,long,long,long,long,long,long,long,long,long,long,long,long,short,long,short,short,short,long,long,neutral,neutral,long,short,short,neutral,neutral,short,long,long,long,long,long,long,short,short,short,short,short,short,short,short,short,short,short,long,long,long,long,long,long,long,long,long,long,long,long
109,2023-10-16 10:00:00,OANDA:GBPUSD,1.21691,1.21782,1.21518,1.21596,12237.0,Interval.in_2_hour,56455200.0,short,short,long,long,long,long,long,long,long,long,long,long,long,long,short,short,short,short,long,long,neutral,neutral,long,short,neutral,neutral,neutral,long,long,long,long,long,long,short,short,short,short,short,short,short,short,short,short,short,short,short,long,long,long,long,long,long,long,long,long,long,short
110,2023-10-16 08:00:00,OANDA:GBPUSD,1.21602,1.21724,1.21576,1.21691,8306.0,Interval.in_2_hour,56448000.0,short,short,short,long,long,long,long,long,short,long,long,long,long,long,long,short,short,short,long,long,neutral,neutral,long,short,long,long,neutral,long,long,long,long,long,short,short,short,short,short,short,short,short,short,short,short,short,short,short,short,long,long,long,long,long,long,long,long,long,long
111,2023-10-16 06:00:00,OANDA:GBPUSD,1.21562,1.2162,1.21503,1.21602,3615.0,Interval.in_2_hour,56440800.0,long,short,short,short,long,long,long,long,long,long,long,long,long,long,long,long,short,short,long,long,neutral,neutral,long,short,long,neutral,neutral,long,long,long,long,short,short,short,short,short,short,short,short,short,short,short,short,short,short,long,short,short,long,long,long,long,long,long,long,long,long
112,2023-10-16 04:00:00,OANDA:GBPUSD,1.21468,1.2159,1.21468,1.21562,5309.0,Interval.in_2_hour,56433600.0,long,long,short,long,short,long,long,long,long,long,long,long,long,long,long,long,long,short,long,long,neutral,neutral,long,short,neutral,neutral,neutral,long,long,long,short,short,short,short,short,short,short,short,short,short,short,short,short,short,short,long,long,long,short,long,long,long,long,long,long,long,long
113,2023-10-16 02:00:00,OANDA:GBPUSD,1.21505,1.21574,1.21451,1.21468,5317.0,Interval.in_2_hour,56426400.0,long,long,long,long,long,short,long,long,long,long,long,long,long,long,long,long,long,long,long,long,neutral,neutral,long,short,neutral,neutral,neutral,long,long,short,short,short,short,short,short,short,short,short,short,short,short,short,short,short,short,long,long,long,long,long,long,long,long,long,long,long,long
114,2023-10-16 00:00:00,OANDA:GBPUSD,1.2146,1.21578,1.21385,1.21505,2017.0,Interval.in_2_hour,56419200.0,long,long,long,long,long,long,short,long,long,long,long,long,long,long,long,long,long,long,long,long,long,long,long,short,long,neutral,neutral,long,short,short,short,short,short,short,short,short,short,short,short,short,short,short,short,short,short,short,long,long,long,long,long,long,long,long,long,long,long
115,2023-10-13 22:00:00,OANDA:GBPUSD,1.21356,1.2146,1.21338,1.2146,5620.0,Interval.in_2_hour,56239200.0,long,long,long,long,long,long,long,short,long,long,long,long,long,long,long,long,long,long,long,long,neutral,neutral,long,short,neutral,neutral,neutral,short,short,short,short,short,short,short,short,short,short,short,short,short,short,short,short,short,short,long,long,long,long,long,long,long,long,long,long,long,long
116,2023-10-13 20:00:00,OANDA:GBPUSD,1.21366,1.21418,1.21226,1.21356,9131.0,Interval.in_2_hour,56232000.0,long,long,long,long,long,long,long,long,long,long,long,long,long,long,long,long,long,long,long,long,neutral,neutral,long,short,short,short,neutral,short,short,short,short,short,short,short,short,short,short,short,short,short,short,short,short,short,short,long,long,long,long,long,long,long,long,long,long,long,long
117,2023-10-13 18:00:00,OANDA:GBPUSD,1.21407,1.21464,1.21314,1.21366,12092.0,Interval.in_2_hour,56224800.0,long,long,long,long,long,long,long,long,long,long,long,long,long,long,long,long,long,long,long,long,neutral,neutral,long,short,short,neutral,neutral,short,short,short,short,short,short,short,short,short,short,short,short,short,short,short,short,short,short,short,long,long,long,long,long,long,long,long,long,long,long
118,2023-10-13 16:00:00,OANDA:GBPUSD,1.21888,1.2194,1.21343,1.21407,20734.0,Interval.in_2_hour,56217600.0,long,long,long,long,long,long,long,long,long,long,long,long,long,long,long,long,long,long,long,long,neutral,neutral,long,short,neutral,neutral,neutral,short,short,short,short,short,short,short,short,short,short,short,short,short,short,short,short,short,short,short,short,long,long,long,long,long,long,long,long,long,long
119,2023-10-13 14:00:00,OANDA:GBPUSD,1.21673,1.22016,1.21602,1.21888,15562.0,Interval.in_2_hour,56210400.0,long,long,long,long,long,long,long,long,short,short,short,short,short,long,short,short,short,short,long,long,short,short,long,short,neutral,neutral,neutral,short,short,short,short,long,long,short,short,short,short,short,short,short,short,short,short,short,short,short,short,short,short,short,short,short,short,short,short,short,short
120,2023-10-13 12:00:00,OANDA:GBPUSD,1.22138,1.22142,1.21673,1.21673,11703.0,Interval.in_2_hour,56203200.0,long,long,long,long,long,long,long,long,long,long,short,short,short,long,long,long,long,long,long,long,long,neutral,long,short,neutral,neutral,neutral,short,short,long,long,long,long,short,short,short,short,short,short,short,short,short,short,short,short,long,short,short,short,short,short,short,short,short,long,short,short
121,2023-10-13 10:00:00,OANDA:GBPUSD,1.21876,1.22255,1.21866,1.22138,13146.0,Interval.in_2_hour,56196000.0,short,short,short,short,short,long,short,short,short,short,short,short,short,short,short,short,short,short,long,long,short,short,long,short,neutral,neutral,neutral,long,long,long,long,long,short,short,short,short,short,short,short,short,short,short,short,short,short,short,short,short,short,short,short,short,short,short,short,short,short
122,2023-10-13 08:00:00,OANDA:GBPUSD,1.22035,1.2208,1.2185,1.21876,7995.0,Interval.in_2_hour,56188800.0,short,short,short,long,long,long,long,long,long,long,long,short,short,short,short,short,long,short,long,long,neutral,neutral,long,short,short,neutral,neutral,long,long,long,long,short,short,short,short,short,short,short,short,short,short,short,short,short,short,long,short,long,short,short,short,short,short,short,short,short,short
123,2023-10-13 06:00:00,OANDA:GBPUSD,1.22046,1.22082,1.22008,1.22035,4068.0,Interval.in_2_hour,56181600.0,short,short,short,short,short,short,long,long,long,long,short,short,short,short,short,short,short,short,long,long,neutral,neutral,long,short,neutral,neutral,neutral,long,long,long,short,short,short,short,short,short,short,short,short,short,short,short,short,short,short,short,long,short,short,short,short,short,short,short,short,short,short
124,2023-10-13 04:00:00,OANDA:GBPUSD,1.21878,1.22052,1.21864,1.22046,5668.0,Interval.in_2_hour,56174400.0,short,short,short,short,short,short,short,long,long,long,long,short,short,short,short,short,short,short,long,long,neutral,neutral,long,short,long,long,long,long,long,short,short,short,short,short,short,short,short,short,short,short,short,short,short,short,short,short,short,long,short,short,short,short,short,short,short,short,short
125,2023-10-13 02:00:00,OANDA:GBPUSD,1.218,1.21898,1.21786,1.21878,3545.0,Interval.in_2_hour,56167200.0,short,short,short,short,short,short,long,long,long,long,long,long,long,long,short,short,short,short,long,long,neutral,neutral,long,short,long,long,neutral,short,short,short,short,short,short,short,short,short,short,short,short,short,short,short,short,short,short,long,long,short,long,short,long,short,short,short,short,short,short
126,2023-10-13 00:00:00,OANDA:GBPUSD,1.21746,1.21844,1.21746,1.218,1731.0,Interval.in_2_hour,56160000.0,short,short,short,short,short,short,short,long,long,long,long,long,long,long,long,short,short,short,long,long,short,short,long,short,long,neutral,neutral,short,short,short,short,short,short,short,short,short,short,short,short,short,short,short,short,short,short,long,long,long,long,long,short,long,short,short,short,short,short
127,2023-10-12 22:00:00,OANDA:GBPUSD,1.21732,1.21803,1.21718,1.21746,4956.0,Interval.in_2_hour,56152800.0,short,short,short,short,short,short,short,long,long,long,long,long,long,long,long,long,short,short,long,long,neutral,neutral,long,short,neutral,neutral,neutral,short,short,short,short,short,short,short,short,short,short,short,short,short,short,short,short,short,short,long,long,long,long,long,long,short,long,short,short,short,short
128,2023-10-12 20:00:00,OANDA:GBPUSD,1.22012,1.22022,1.21726,1.21732,12474.0,Interval.in_2_hour,56145600.0,short,short,short,short,short,short,short,short,long,long,long,long,long,long,long,long,long,short,long,long,neutral,neutral,long,short,short,short,short,short,short,short,short,short,short,short,short,short,short,short,short,short,short,short,short,short,short,long,long,long,long,long,long,long,short,long,short,short,short
129,2023-10-12 18:00:00,OANDA:GBPUSD,1.22138,1.22242,1.21989,1.22012,11592.0,Interval.in_2_hour,56138400.0,short,short,short,short,short,short,short,short,short,short,short,short,long,long,long,long,short,short,long,long,neutral,neutral,long,short,short,short,short,short,short,short,short,short,short,short,short,short,short,short,short,short,short,short,short,short,short,short,short,short,short,long,long,short,long,short,short,short,short
130,2023-10-12 16:00:00,OANDA:GBPUSD,1.22626,1.22702,1.22116,1.22138,21157.0,Interval.in_2_hour,56131200.0,short,short,short,short,short,short,short,short,short,short,short,short,short,short,long,short,short,short,long,long,neutral,neutral,long,short,short,short,short,short,short,short,short,short,short,short,short,short,short,short,short,short,short,short,short,short,short,short,short,short,short,short,short,short,short,long,short,short,short
131,2023-10-12 14:00:00,OANDA:GBPUSD,1.22944,1.2315,1.22518,1.22626,16272.0,Interval.in_2_hour,56124000.0,short,short,short,short,short,short,short,short,short,short,short,short,short,short,short,short,short,short,long,long,short,short,long,short,short,short,neutral,short,short,short,short,short,short,short,short,short,short,short,short,short,short,short,short,short,short,short,short,short,short,short,short,short,short,short,short,short,short
132,2023-10-12 12:00:00,OANDA:GBPUSD,1.22962,1.23047,1.22933,1.22944,8184.0,Interval.in_2_hour,56116800.0,short,short,short,short,short,short,short,short,short,short,short,short,short,short,short,short,short,short,long,long,neutral,neutral,long,short,short,neutral,neutral,short,short,short,short,short,short,short,short,short,long,long,long,long,short,long,long,long,long,short,short,short,short,short,short,short,short,short,short,short,short
133,2023-10-12 10:00:00,OANDA:GBPUSD,1.23236,1.23238,1.2293,1.22962,10114.0,Interval.in_2_hour,56109600.0,short,short,short,short,short,short,short,short,short,short,short,short,short,short,short,short,short,short,long,long,neutral,neutral,long,short,neutral,neutral,neutral,short,short,short,long,long,long,short,long,long,long,long,long,long,long,long,long,long,long,short,short,short,short,short,short,short,short,short,short,short,short
134,2023-10-12 08:00:00,OANDA:GBPUSD,1.23191,1.23316,1.23156,1.23236,9272.0,Interval.in_2_hour,56102400.0,short,short,short,short,short,short,short,short,short,short,short,short,short,short,short,short,short,short,long,long,neutral,neutral,long,short,long,long,long,long,long,long,long,long,long,long,long,long,long,long,long,long,long,long,long,long,long,short,short,short,short,short,short,short,short,short,short,short,short
135,2023-10-12 06:00:00,OANDA:GBPUSD,1.23154,1.23206,1.23124,1.23191,4989.0,Interval.in_2_hour,56095200.0,short,short,short,short,short,short,short,short,short,short,short,short,short,short,short,short,short,short,long,long,neutral,neutral,long,short,long,long,long,long,long,long,long,long,long,long,long,long,long,long,long,long,long,long,long,long,long,long,short,short,short,short,short,short,short,short,short,short,short
136,2023-10-12 04:00:00,OANDA:GBPUSD,1.23134,1.2323,1.23112,1.23154,7756.0,Interval.in_2_hour,56088000.0,short,short,short,short,short,short,short,short,short,short,short,short,short,short,short,short,short,short,long,long,neutral,neutral,long,short,long,long,long,long,long,long,long,long,long,long,long,long,long,long,long,long,long,long,long,long,long,long,long,short,short,short,short,short,short,short,short,short,short
137,2023-10-12 02:00:00,OANDA:GBPUSD,1.23132,1.23194,1.23106,1.23134,4655.0,Interval.in_2_hour,56080800.0,short,short,short,short,short,short,short,short,short,short,short,short,short,short,short,short,short,short,long,long,neutral,neutral,long,short,long,long,long,long,long,long,long,long,long,long,long,long,long,long,long,long,long,long,long,long,long,long,long,long,short,short,short,short,short,short,short,short,short
138,2023-10-12 00:00:00,OANDA:GBPUSD,1.23112,1.2314,1.23003,1.23132,1068.0,Interval.in_2_hour,56073600.0,short,short,short,short,short,short,short,short,short,short,short,short,short,short,short,short,short,short,long,long,neutral,neutral,long,short,long,long,neutral,long,short,long,long,long,long,long,long,long,long,long,long,long,long,long,long,long,long,long,long,long,long,short,short,short,short,short,short,short,short
139,2023-10-11 22:00:00,OANDA:GBPUSD,1.23044,1.23145,1.23038,1.23112,5555.0,Interval.in_2_hour,56066400.0,short,short,short,short,short,short,short,short,short,short,short,short,short,short,short,short,short,short,long,long,neutral,neutral,long,short,long,neutral,neutral,short,long,long,long,long,long,long,long,long,long,long,long,long,long,long,long,long,long,long,long,long,long,long,short,short,short,short,short,short,short
140,2023-10-11 20:00:00,OANDA:GBPUSD,1.22967,1.2306,1.22752,1.23044,10718.0,Interval.in_2_hour,56059200.0,short,short,short,short,short,short,short,short,short,short,short,short,short,short,short,short,short,short,long,long,short,short,long,short,neutral,neutral,neutral,short,long,long,long,long,long,long,long,long,long,long,long,long,long,long,long,long,long,long,long,long,long,long,long,short,short,short,short,short,short
141,2023-10-11 18:00:00,OANDA:GBPUSD,1.23126,1.2314,1.22886,1.22967,11674.0,Interval.in_2_hour,56052000.0,short,short,short,short,short,short,short,short,short,short,short,short,short,short,short,short,short,short,long,long,long,neutral,long,short,neutral,neutral,neutral,long,long,long,long,long,long,long,long,long,long,long,long,long,long,long,long,long,long,long,long,long,long,long,long,long,short,short,short,short,short
142,2023-10-11 16:00:00,OANDA:GBPUSD,1.23125,1.23376,1.23036,1.23126,20063.0,Interval.in_2_hour,56044800.0,short,short,short,short,short,short,short,short,short,short,short,short,short,short,short,short,short,short,long,long,neutral,neutral,long,short,long,long,neutral,long,long,long,long,long,long,long,long,long,long,long,long,long,long,long,long,long,long,short,short,short,long,long,long,long,long,short,short,short,short
143,2023-10-11 14:00:00,OANDA:GBPUSD,1.22916,1.2316,1.22692,1.23125,16093.0,Interval.in_2_hour,56037600.0,short,short,short,short,short,short,short,short,short,short,short,short,short,short,short,short,short,short,long,long,neutral,neutral,long,short,long,neutral,neutral,long,long,long,long,long,long,long,long,long,long,long,long,long,long,long,long,long,long,long,short,short,short,long,long,long,long,long,short,short,short
144,2023-10-11 12:00:00,OANDA:GBPUSD,1.22806,1.22918,1.22738,1.22916,9875.0,Interval.in_2_hour,56030400.0,short,short,short,short,short,short,short,short,short,short,short,short,short,short,short,short,short,short,long,long,neutral,neutral,long,short,neutral,neutral,neutral,short,short,short,short,long,long,long,long,long,long,long,long,long,long,long,long,long,long,long,long,long,long,long,long,long,long,long,long,long,long
145,2023-10-11 10:00:00,OANDA:GBPUSD,1.22866,1.23045,1.22698,1.22806,15953.0,Interval.in_2_hour,56023200.0,long,short,short,short,short,short,short,short,short,short,short,short,short,short,short,short,short,short,long,long,neutral,neutral,long,short,short,short,short,short,short,short,long,short,long,long,long,long,long,long,long,long,long,long,long,long,long,long,long,long,long,long,long,long,long,long,long,long,long
146,2023-10-11 08:00:00,OANDA:GBPUSD,1.22928,1.22994,1.22836,1.22866,8048.0,Interval.in_2_hour,56016000.0,long,long,short,short,short,short,short,short,short,short,short,short,short,short,short,short,short,short,long,long,neutral,neutral,long,short,short,short,neutral,short,long,long,long,long,long,long,long,long,long,long,long,long,long,long,long,long,long,short,long,long,long,long,long,long,long,long,long,long,long
147,2023-10-11 06:00:00,OANDA:GBPUSD,1.22958,1.22964,1.2289,1.22928,4646.0,Interval.in_2_hour,56008800.0,long,long,long,short,short,short,short,short,short,short,short,short,short,short,short,short,short,short,long,long,neutral,neutral,long,short,short,neutral,neutral,long,long,long,long,long,long,long,long,long,long,long,long,long,long,long,long,long,long,short,short,short,long,long,long,long,long,long,long,long,long
148,2023-10-11 04:00:00,OANDA:GBPUSD,1.2299,1.23014,1.22874,1.22958,7542.0,Interval.in_2_hour,56001600.0,long,long,long,short,short,short,short,short,short,short,short,short,short,short,short,short,short,short,long,short,neutral,neutral,long,short,neutral,neutral,neutral,long,long,long,long,long,long,long,long,long,long,long,long,long,long,long,long,long,long,short,short,short,short,long,long,long,long,long,long,long,long
149,2023-10-11 02:00:00,OANDA:GBPUSD,1.22878,1.2304,1.22868,1.2299,4887.0,Interval.in_2_hour,55994400.0,long,long,long,short,short,short,short,short,short,short,short,short,short,short,short,short,short,short,long,short,neutral,neutral,long,short,long,long,neutral,long,long,long,long,long,long,long,long,long,long,long,long,long,long,long,long,long,long,short,short,short,short,short,long,long,short,long,long,long,long
150,2023-10-11 00:00:00,OANDA:GBPUSD,1.22854,1.22878,1.22782,1.22878,3302.0,Interval.in_2_hour,55987200.0,long,long,long,long,long,long,short,short,short,short,short,short,short,short,short,short,short,short,long,short,neutral,neutral,long,short,long,neutral,neutral,long,long,long,long,long,long,long,long,long,long,long,long,long,long,long,long,long,long,long,long,long,short,short,long,long,long,long,long,long,long
151,2023-10-10 22:00:00,OANDA:GBPUSD,1.22798,1.22886,1.22728,1.22854,4893.0,Interval.in_2_hour,55980000.0,long,long,long,long,long,long,long,short,short,short,short,short,short,short,short,short,short,short,long,short,neutral,neutral,long,short,neutral,neutral,neutral,long,long,long,long,long,long,long,long,long,long,long,long,long,long,long,long,long,long,long,long,long,long,long,short,long,long,long,long,long,long
152,2023-10-10 20:00:00,OANDA:GBPUSD,1.2291,1.22917,1.22639,1.22798,9777.0,Interval.in_2_hour,55972800.0,long,long,long,long,long,long,long,long,short,short,short,short,short,short,short,short,short,short,long,short,neutral,neutral,long,short,neutral,neutral,neutral,long,long,long,long,long,long,long,long,long,long,long,long,long,long,long,long,long,long,long,long,long,long,long,long,long,long,long,long,long,long
153,2023-10-10 18:00:00,OANDA:GBPUSD,1.22576,1.22916,1.22568,1.2291,11444.0,Interval.in_2_hour,55965600.0,long,long,long,long,long,long,long,long,long,short,short,short,short,short,short,short,short,short,long,short,long,long,long,short,long,neutral,neutral,long,long,long,long,long,long,long,long,long,long,long,long,long,long,long,long,long,long,short,short,short,long,long,long,short,short,long,long,long,long
154,2023-10-10 16:00:00,OANDA:GBPUSD,1.22496,1.22668,1.22384,1.22576,16705.0,Interval.in_2_hour,55958400.0,long,long,long,long,long,long,long,long,long,long,long,short,short,short,short,short,short,short,long,short,neutral,neutral,long,short,neutral,neutral,neutral,long,long,long,long,long,long,long,long,long,long,long,long,long,long,long,long,long,long,long,long,long,long,long,long,long,long,long,long,long,long
155,2023-10-10 14:00:00,OANDA:GBPUSD,1.22574,1.22575,1.22353,1.22496,14744.0,Interval.in_2_hour,55951200.0,long,long,long,long,long,long,long,long,long,long,long,long,short,short,short,short,short,short,long,short,long,neutral,long,short,short,neutral,neutral,long,long,long,long,long,long,long,long,long,long,long,long,long,long,long,long,long,long,long,long,long,long,long,long,long,long,long,long,long,long
156,2023-10-10 12:00:00,OANDA:GBPUSD,1.2271,1.22759,1.22524,1.22574,12101.0,Interval.in_2_hour,55944000.0,long,long,long,long,long,long,long,long,long,long,long,long,long,short,short,short,short,short,long,short,neutral,neutral,long,short,neutral,neutral,neutral,long,long,long,long,long,long,long,long,long,long,long,long,long,long,long,long,long,long,short,long,long,long,long,long,long,long,long,long,long,long
157,2023-10-10 10:00:00,OANDA:GBPUSD,1.2221,1.22756,1.22118,1.2271,15940.0,Interval.in_2_hour,55936800.0,long,long,long,long,long,long,long,long,long,long,long,long,long,short,short,short,short,short,long,short,neutral,neutral,long,short,neutral,neutral,neutral,long,long,long,long,long,long,long,long,long,long,long,long,long,long,long,long,long,long,short,short,short,long,long,long,long,long,long,long,long,long
158,2023-10-10 08:00:00,OANDA:GBPUSD,1.22266,1.22362,1.22159,1.2221,9149.0,Interval.in_2_hour,55929600.0,long,long,long,long,long,long,long,long,long,long,long,long,long,long,long,short,short,short,long,long,neutral,neutral,long,short,short,short,neutral,short,short,short,long,long,long,long,long,long,long,long,long,long,short,short,short,long,long,long,long,long,long,long,long,long,long,long,long,long,long
159,2023-10-10 06:00:00,OANDA:GBPUSD,1.22368,1.22402,1.22245,1.22266,5500.0,Interval.in_2_hour,55922400.0,long,long,long,long,long,long,long,long,long,long,long,long,long,long,long,long,short,short,long,long,neutral,neutral,long,short,short,neutral,neutral,short,short,long,long,long,long,long,long,long,long,long,long,long,short,short,long,long,long,short,long,long,long,long,long,long,long,long,long,long,long
160,2023-10-10 04:00:00,OANDA:GBPUSD,1.22475,1.2257,1.2236,1.22368,7924.0,Interval.in_2_hour,55915200.0,long,long,long,long,long,long,long,long,long,long,long,long,long,long,long,long,long,short,long,short,neutral,neutral,long,short,neutral,neutral,neutral,long,long,long,long,long,long,long,long,long,long,long,long,long,long,long,long,long,long,short,short,long,long,long,long,long,long,long,long,long,long
161,2023-10-10 02:00:00,OANDA:GBPUSD,1.22396,1.22551,1.22396,1.22475,6217.0,Interval.in_2_hour,55908000.0,long,long,long,long,long,long,long,long,long,long,long,long,long,long,long,long,long,long,long,short,neutral,neutral,long,short,long,long,long,long,long,long,long,long,long,long,long,long,long,long,long,long,long,long,long,long,long,short,short,short,long,long,long,long,long,long,long,long,long
162,2023-10-10 00:00:00,OANDA:GBPUSD,1.22376,1.22452,1.22348,1.22396,1653.0,Interval.in_2_hour,55900800.0,long,long,long,long,long,long,long,long,long,long,long,long,long,long,long,long,long,long,long,long,neutral,neutral,long,short,long,long,neutral,long,long,long,long,long,long,long,long,long,long,short,short,long,long,long,long,long,long,long,short,short,short,long,long,long,long,long,long,long,long
163,2023-10-09 22:00:00,OANDA:GBPUSD,1.22342,1.22444,1.22342,1.22376,4438.0,Interval.in_2_hour,55893600.0,long,long,long,long,long,long,long,long,long,long,long,long,long,long,long,long,long,long,short,short,neutral,neutral,long,short,long,neutral,neutral,long,long,long,long,long,long,long,long,long,short,short,long,long,long,long,long,long,long,long,long,short,short,short,long,long,long,long,long,long,long
164,2023-10-09 20:00:00,OANDA:GBPUSD,1.21974,1.22414,1.21974,1.22342,8100.0,Interval.in_2_hour,55886400.0,long,long,long,long,long,long,long,long,long,long,long,long,long,long,long,long,long,long,short,short,neutral,neutral,long,short,neutral,neutral,neutral,long,long,long,long,long,short,short,short,short,short,long,long,long,long,long,long,long,long,long,long,long,long,short,short,long,long,long,long,long,long
165,2023-10-09 18:00:00,OANDA:GBPUSD,1.22108,1.22206,1.21965,1.21974,8495.0,Interval.in_2_hour,55879200.0,long,long,long,long,long,long,long,long,long,long,long,long,long,long,long,long,long,long,short,short,neutral,neutral,long,short,neutral,neutral,neutral,long,long,long,long,short,short,short,short,short,short,long,long,short,long,long,long,long,long,long,long,long,long,long,long,long,long,long,long,long,long
166,2023-10-09 16:00:00,OANDA:GBPUSD,1.21838,1.22176,1.21836,1.22108,15156.0,Interval.in_2_hour,55872000.0,long,long,long,long,long,long,long,long,long,long,long,long,long,long,long,long,long,long,short,short,neutral,neutral,long,short,long,neutral,neutral,long,long,short,short,short,short,short,short,short,long,long,short,long,long,long,long,long,long,short,long,long,long,long,long,long,long,long,long,long,long
167,2023-10-09 14:00:00,OANDA:GBPUSD,1.21708,1.21854,1.21632,1.21838,9115.0,Interval.in_2_hour,55864800.0,long,long,long,long,long,long,long,long,long,long,long,long,long,long,long,long,long,long,short,short,neutral,neutral,long,short,neutral,neutral,neutral,short,short,short,short,short,short,short,short,long,long,short,short,long,short,short,short,short,short,long,long,long,long,long,long,long,long,long,long,long,long
168,2023-10-09 12:00:00,OANDA:GBPUSD,1.21779,1.21912,1.21638,1.21708,7664.0,Interval.in_2_hour,55857600.0,long,long,long,long,long,long,long,long,long,long,long,long,long,long,long,long,long,long,short,short,short,short,long,short,short,short,short,short,short,short,short,short,short,short,long,long,short,short,long,short,short,short,short,short,short,long,long,long,long,long,long,long,long,long,long,long,long
169,2023-10-09 10:00:00,OANDA:GBPUSD,1.21798,1.21895,1.21639,1.21779,12147.0,Interval.in_2_hour,55850400.0,long,long,long,long,long,long,long,long,long,long,long,long,long,long,long,long,long,long,short,short,neutral,neutral,long,short,short,short,short,short,short,short,short,short,short,long,long,short,short,long,short,short,short,short,short,short,long,short,long,long,long,long,long,long,long,long,long,long,long
170,2023-10-09 08:00:00,OANDA:GBPUSD,1.21941,1.22172,1.21764,1.21798,8568.0,Interval.in_2_hour,55843200.0,long,long,long,long,long,long,long,long,long,long,long,long,long,long,long,long,long,long,short,short,neutral,neutral,long,short,short,short,neutral,short,short,short,short,short,long,long,short,long,long,long,long,long,short,short,long,long,long,short,short,long,long,long,long,long,long,long,long,long,long
171,2023-10-09 06:00:00,OANDA:GBPUSD,1.22122,1.22122,1.21922,1.21941,4824.0,Interval.in_2_hour,55836000.0,long,long,long,long,long,long,long,long,long,long,long,long,long,long,long,long,long,long,long,short,neutral,neutral,long,short,short,neutral,neutral,short,short,short,short,long,long,short,long,long,long,long,long,long,long,long,long,long,long,short,short,short,short,long,long,long,long,long,long,long,long
172,2023-10-09 04:00:00,OANDA:GBPUSD,1.22228,1.2224,1.22086,1.22122,7752.0,Interval.in_2_hour,55828800.0,long,long,long,long,long,long,long,long,long,long,long,long,long,long,long,long,long,long,long,short,neutral,neutral,long,short,neutral,neutral,neutral,short,short,long,long,long,long,long,long,long,long,long,long,long,long,long,long,long,long,short,short,short,short,short,short,short,long,long,long,long,long
173,2023-10-09 02:00:00,OANDA:GBPUSD,1.22132,1.22248,1.22108,1.22228,5905.0,Interval.in_2_hour,55821600.0,long,long,short,long,long,long,long,long,long,long,long,long,long,long,long,long,long,long,long,short,neutral,neutral,long,short,neutral,neutral,neutral,short,long,long,long,long,long,long,long,long,long,long,long,long,long,long,long,long,long,short,short,short,short,short,short,short,short,long,long,long,long
174,2023-10-09 00:00:00,OANDA:GBPUSD,1.22378,1.22378,1.22,1.22132,3814.0,Interval.in_2_hour,55814400.0,long,long,long,long,long,long,long,long,long,long,long,long,long,long,long,long,long,long,short,short,neutral,neutral,long,short,short,neutral,neutral,long,long,long,long,long,long,long,long,long,long,long,long,long,long,long,long,long,long,long,short,short,short,short,short,short,short,short,long,long,long
175,2023-10-06 22:00:00,OANDA:GBPUSD,1.22458,1.22511,1.22326,1.22378,5361.0,Interval.in_2_hour,55634400.0,long,long,short,short,short,long,long,long,long,long,long,long,long,long,long,long,long,long,short,short,neutral,neutral,long,short,neutral,neutral,neutral,long,long,long,long,long,long,long,long,long,long,long,long,long,long,long,long,long,long,short,short,short,short,short,short,short,short,short,short,short,short
176,2023-10-06 20:00:00,OANDA:GBPUSD,1.2234,1.22556,1.22312,1.22458,7475.0,Interval.in_2_hour,55627200.0,short,short,long,short,short,short,long,long,long,long,long,long,long,long,long,long,long,long,short,short,neutral,neutral,long,short,long,long,neutral,long,long,long,long,long,long,long,long,long,long,long,long,long,long,long,long,long,long,short,short,short,short,short,short,short,short,short,short,short,short
177,2023-10-06 18:00:00,OANDA:GBPUSD,1.2188,1.22616,1.21866,1.2234,17796.0,Interval.in_2_hour,55620000.0,long,long,long,long,long,short,short,long,long,long,long,long,long,long,long,long,long,long,short,short,neutral,neutral,long,short,long,neutral,neutral,long,long,long,long,long,long,long,long,long,long,long,long,long,long,long,long,long,long,long,long,short,short,short,short,short,short,short,short,short,short
178,2023-10-06 16:00:00,OANDA:GBPUSD,1.2123,1.22106,1.21171,1.2188,27047.0,Interval.in_2_hour,55612800.0,long,long,long,long,long,long,long,long,long,long,long,long,long,long,long,long,long,long,long,long,short,short,long,short,neutral,neutral,neutral,short,short,short,short,short,short,short,short,short,long,long,long,long,long,short,long,long,long,long,long,long,long,long,long,long,short,short,short,short,long
179,2023-10-06 14:00:00,OANDA:GBPUSD,1.22124,1.22172,1.2106,1.2123,19817.0,Interval.in_2_hour,55605600.0,long,long,long,long,long,long,long,long,long,long,long,long,long,long,long,long,long,long,long,long,long,neutral,long,short,neutral,neutral,neutral,short,short,short,short,short,short,short,short,long,long,long,long,long,long,long,long,long,long,long,long,long,long,long,long,long,long,long,long,long,long
180,2023-10-06 12:00:00,OANDA:GBPUSD,1.21984,1.222,1.21946,1.22124,10255.0,Interval.in_2_hour,55598400.0,short,short,short,long,long,long,long,long,long,long,long,long,long,long,long,long,long,long,short,short,neutral,neutral,long,short,long,neutral,neutral,long,long,long,long,long,long,long,long,long,long,long,long,long,long,long,long,long,long,short,short,long,long,long,long,long,short,short,short,short,short
181,2023-10-06 10:00:00,OANDA:GBPUSD,1.21704,1.2207,1.21691,1.21984,11185.0,Interval.in_2_hour,55591200.0,short,short,long,short,long,long,long,long,long,long,long,long,long,long,long,long,long,long,short,short,neutral,neutral,long,short,neutral,neutral,neutral,long,short,short,short,short,long,long,long,long,long,long,long,long,long,long,long,long,long,long,short,short,long,long,long,long,long,long,short,short,short
182,2023-10-06 08:00:00,OANDA:GBPUSD,1.2177,1.2178,1.2164,1.21704,6639.0,Interval.in_2_hour,55584000.0,long,long,long,long,long,long,long,long,long,long,long,long,long,long,long,long,long,long,short,short,neutral,neutral,long,short,short,neutral,neutral,short,short,short,short,long,long,long,long,long,long,long,long,long,long,long,long,long,long,long,long,short,long,long,long,long,long,long,long,long,long
183,2023-10-06 06:00:00,OANDA:GBPUSD,1.21856,1.21872,1.21758,1.2177,6297.0,Interval.in_2_hour,55576800.0,long,long,short,long,long,long,long,long,long,long,long,long,long,long,long,long,long,long,short,short,neutral,neutral,long,short,neutral,neutral,neutral,short,short,short,long,long,long,long,long,long,long,long,long,long,long,long,long,long,long,short,long,long,short,long,long,long,long,long,long,long,long
184,2023-10-06 04:00:00,OANDA:GBPUSD,1.2181,1.2189,1.21771,1.21856,8223.0,Interval.in_2_hour,55569600.0,long,short,short,short,short,long,long,long,long,long,long,long,long,long,long,long,long,long,short,short,neutral,neutral,long,short,neutral,neutral,neutral,short,short,long,long,long,long,long,long,long,long,long,long,long,long,long,long,long,long,short,short,long,long,short,long,long,long,long,long,long,long
185,2023-10-06 02:00:00,OANDA:GBPUSD,1.21898,1.21914,1.21808,1.2181,5521.0,Interval.in_2_hour,55562400.0,long,long,short,short,short,long,long,long,long,long,long,long,long,long,long,long,long,long,short,short,neutral,neutral,long,short,short,short,neutral,short,long,long,long,long,long,long,long,long,long,long,long,long,long,long,long,long,long,long,short,short,long,long,short,long,long,long,long,long,long
186,2023-10-06 00:00:00,OANDA:GBPUSD,1.21922,1.21936,1.21884,1.21898,1063.0,Interval.in_2_hour,55555200.0,long,long,long,short,short,short,short,long,long,long,long,long,long,long,long,long,long,long,short,short,long,long,long,short,short,neutral,neutral,long,long,long,long,long,long,long,long,long,long,long,long,long,long,long,long,long,long,short,short,short,short,long,long,short,short,long,long,long,long
187,2023-10-05 22:00:00,OANDA:GBPUSD,1.21941,1.2196,1.21896,1.21922,4826.0,Interval.in_2_hour,55548000.0,long,long,long,long,short,short,short,short,long,long,long,long,long,long,long,long,long,long,short,short,neutral,neutral,long,short,neutral,neutral,neutral,long,long,long,long,long,long,long,long,long,long,long,long,long,long,long,long,long,long,short,short,short,short,short,long,long,short,short,long,long,long
188,2023-10-05 20:00:00,OANDA:GBPUSD,1.21798,1.21955,1.21696,1.21941,8799.0,Interval.in_2_hour,55540800.0,long,long,long,long,long,short,short,short,short,long,long,long,long,long,long,long,long,long,short,short,neutral,neutral,long,short,long,long,neutral,long,long,long,long,long,long,long,long,long,long,long,long,long,long,long,long,long,long,short,short,short,short,short,short,long,long,short,short,long,long
189,2023-10-05 18:00:00,OANDA:GBPUSD,1.21598,1.2188,1.21522,1.21798,13048.0,Interval.in_2_hour,55533600.0,long,long,long,long,long,long,long,short,short,long,long,long,long,long,long,long,long,long,short,short,long,long,long,short,long,neutral,neutral,long,long,long,long,long,long,long,long,long,long,long,long,long,long,long,long,long,long,long,long,long,long,long,short,short,long,long,short,long,long
190,2023-10-05 16:00:00,OANDA:GBPUSD,1.2131,1.21614,1.2126,1.21598,18426.0,Interval.in_2_hour,55526400.0,long,long,long,long,long,long,long,long,long,long,long,long,long,long,long,long,long,long,short,short,neutral,neutral,long,short,neutral,neutral,neutral,long,short,short,short,long,long,long,long,long,long,short,long,long,long,long,long,long,long,long,long,long,long,long,long,long,long,long,long,short,long
191,2023-10-05 14:00:00,OANDA:GBPUSD,1.21392,1.2156,1.21078,1.2131,14347.0,Interval.in_2_hour,55519200.0,long,long,long,long,long,long,long,long,long,long,long,long,long,long,long,long,long,long,short,short,short,neutral,long,short,neutral,neutral,neutral,short,short,short,short,short,short,short,long,short,short,long,long,long,long,long,long,long,long,long,long,long,long,long,long,long,long,long,long,long,short
192,2023-10-05 12:00:00,OANDA:GBPUSD,1.21226,1.21424,1.21188,1.21392,10336.0,Interval.in_2_hour,55512000.0,short,long,long,long,long,long,long,long,long,long,long,long,long,long,long,long,long,long,short,short,neutral,neutral,long,short,neutral,neutral,neutral,short,short,short,short,short,short,short,short,short,long,long,long,long,long,long,long,long,long,short,long,long,long,long,long,long,long,long,long,long,long
193,2023-10-05 10:00:00,OANDA:GBPUSD,1.2139,1.21448,1.2116,1.21226,11685.0,Interval.in_2_hour,55504800.0,long,long,long,long,long,long,long,long,long,long,long,long,long,long,long,long,long,long,short,short,neutral,neutral,long,short,short,short,neutral,short,short,short,short,short,short,short,short,long,long,long,long,long,long,long,long,long,long,long,long,long,long,long,long,long,long,long,long,long,long
194,2023-10-05 08:00:00,OANDA:GBPUSD,1.21562,1.2162,1.21361,1.2139,7266.0,Interval.in_2_hour,55497600.0,long,long,short,long,long,long,long,long,long,long,long,long,long,long,long,long,long,long,short,short,long,neutral,long,short,short,neutral,neutral,long,long,long,long,long,long,long,long,long,long,long,long,long,long,long,long,long,long,short,long,short,long,long,long,long,long,long,long,long,long
195,2023-10-05 06:00:00,OANDA:GBPUSD,1.21578,1.21633,1.21548,1.21562,7085.0,Interval.in_2_hour,55490400.0,long,long,long,short,long,long,long,long,long,long,long,long,long,long,long,long,long,long,short,short,neutral,neutral,long,short,neutral,neutral,neutral,long,long,long,long,long,long,long,long,long,long,long,long,long,long,long,long,long,long,short,short,short,short,long,long,long,long,long,long,long,long
196,2023-10-05 04:00:00,OANDA:GBPUSD,1.21503,1.21628,1.21494,1.21578,9187.0,Interval.in_2_hour,55483200.0,long,long,long,long,short,long,long,long,long,long,long,long,long,long,long,long,long,long,short,short,neutral,neutral,long,short,long,long,neutral,long,long,long,long,long,long,long,long,long,long,long,long,long,long,long,long,long,long,short,short,short,short,short,long,long,long,long,long,long,long
197,2023-10-05 02:00:00,OANDA:GBPUSD,1.2138,1.21518,1.2131,1.21503,4526.0,Interval.in_2_hour,55476000.0,long,long,long,long,long,short,long,long,long,long,long,long,long,long,long,long,long,long,short,short,neutral,neutral,long,short,long,neutral,neutral,short,long,long,short,long,long,long,long,long,long,long,long,long,long,long,long,long,long,long,long,short,short,short,short,long,long,long,long,long,long
198,2023-10-05 00:00:00,OANDA:GBPUSD,1.21368,1.21526,1.21352,1.2138,1518.0,Interval.in_2_hour,55468800.0,long,long,long,long,long,long,short,long,long,long,long,long,long,long,long,long,long,long,short,short,neutral,neutral,long,short,neutral,neutral,neutral,long,short,short,long,long,long,long,long,long,long,long,long,long,long,long,long,long,long,long,long,long,long,short,long,short,long,long,long,long,long
199,2023-10-04 22:00:00,OANDA:GBPUSD,1.21378,1.21568,1.21352,1.21368,5280.0,Interval.in_2_hour,55461600.0,long,long,long,long,long,long,long,short,long,long,long,long,long,long,long,long,long,long,short,short,neutral,neutral,long,short,short,neutral,neutral,short,short,long,long,long,long,long,long,long,long,long,long,long,long,long,long,long,long,long,long,long,long,long,short,long,short,long,long,long,long
200,2023-10-04 20:00:00,OANDA:GBPUSD,1.21518,1.21527,1.21308,1.21378,10174.0,Interval.in_2_hour,55454400.0,long,long,long,long,long,long,long,long,short,long,long,long,long,long,long,long,long,long,short,short,neutral,neutral,long,short,neutral,neutral,neutral,short,long,long,long,long,long,long,long,long,long,long,long,long,long,long,long,long,long,short,long,long,long,long,long,short,long,short,long,long,long
201,2023-10-04 18:00:00,OANDA:GBPUSD,1.21152,1.21664,1.21094,1.21518,13022.0,Interval.in_2_hour,55447200.0,long,long,long,long,long,long,long,long,long,short,long,long,long,long,long,long,long,long,short,short,short,short,long,short,neutral,neutral,neutral,long,long,long,long,long,long,long,long,long,long,long,long,long,long,long,long,long,long,short,short,short,short,long,long,short,short,short,short,long,long
202,2023-10-04 16:00:00,OANDA:GBPUSD,1.21698,1.21738,1.21064,1.21152,19647.0,Interval.in_2_hour,55440000.0,long,long,long,long,long,long,long,long,long,long,long,long,long,long,long,long,long,long,short,short,long,long,long,short,neutral,neutral,neutral,long,long,long,long,long,long,long,long,long,long,long,long,long,long,long,long,long,long,long,long,long,long,long,long,long,long,long,long,long,long
203,2023-10-04 14:00:00,OANDA:GBPUSD,1.21234,1.21769,1.21177,1.21698,17059.0,Interval.in_2_hour,55432800.0,short,long,long,long,long,long,long,long,long,long,long,short,long,long,long,long,long,long,short,short,neutral,neutral,long,short,long,long,neutral,long,long,long,long,long,long,long,long,long,long,long,long,long,long,long,long,long,long,short,short,short,short,short,short,short,short,short,short,short,short
204,2023-10-04 12:00:00,OANDA:GBPUSD,1.21136,1.21387,1.21128,1.21234,10218.0,Interval.in_2_hour,55425600.0,long,long,long,long,long,long,long,long,long,long,long,long,short,long,long,long,long,long,short,short,neutral,neutral,long,short,long,neutral,neutral,long,long,long,long,long,long,long,long,long,long,long,long,long,long,long,long,long,long,long,short,long,long,long,long,long,long,long,long,short,long
205,2023-10-04 10:00:00,OANDA:GBPUSD,1.20545,1.21159,1.20372,1.21136,12608.0,Interval.in_2_hour,55418400.0,long,long,long,long,long,long,long,long,long,long,long,long,long,long,long,long,long,long,short,short,short,neutral,long,short,neutral,neutral,neutral,long,long,long,long,long,long,long,long,long,short,long,long,long,short,short,short,short,short,long,long,long,long,long,long,long,long,long,long,long,long
206,2023-10-04 08:00:00,OANDA:GBPUSD,1.20818,1.20842,1.20532,1.20545,7188.0,Interval.in_2_hour,55411200.0,long,long,long,long,long,long,long,long,long,long,long,long,long,long,long,long,long,long,short,long,neutral,neutral,long,short,neutral,neutral,neutral,short,short,short,short,short,short,long,short,short,short,short,short,short,short,short,short,short,short,long,long,long,long,long,long,long,long,long,long,long,long
207,2023-10-04 06:00:00,OANDA:GBPUSD,1.20686,1.2082,1.20604,1.20818,5822.0,Interval.in_2_hour,55404000.0,long,long,long,long,long,long,long,long,long,long,long,long,long,long,long,long,long,long,short,long,short,short,long,short,neutral,neutral,neutral,short,short,short,short,short,long,long,short,long,long,short,short,short,short,short,short,short,short,short,long,long,long,long,long,long,long,long,long,long,long
208,2023-10-04 04:00:00,OANDA:GBPUSD,1.20808,1.20816,1.20624,1.20686,8475.0,Interval.in_2_hour,55396800.0,long,long,long,long,long,long,long,long,long,long,long,long,long,long,long,long,long,long,short,long,neutral,neutral,long,short,neutral,neutral,neutral,short,short,short,short,long,long,short,long,long,short,short,short,short,short,short,short,short,short,long,short,long,long,long,long,long,long,long,long,long,long
209,2023-10-04 02:00:00,OANDA:GBPUSD,1.20735,1.20844,1.20723,1.20808,4826.0,Interval.in_2_hour,55389600.0,long,long,long,long,long,long,long,long,long,long,long,long,long,long,long,long,long,long,short,long,neutral,neutral,long,short,neutral,neutral,neutral,short,long,long,long,long,short,long,long,short,short,short,short,short,short,short,short,short,short,short,long,short,long,long,long,long,long,long,long,long,long
210,2023-10-04 00:00:00,OANDA:GBPUSD,1.20772,1.20814,1.20734,1.20735,1221.0,Interval.in_2_hour,55382400.0,long,long,long,long,long,long,long,long,long,long,long,long,long,long,long,long,long,long,short,long,neutral,neutral,long,short,short,neutral,neutral,short,short,long,long,short,long,long,short,short,short,short,short,short,short,short,short,short,short,long,short,long,short,long,long,long,long,long,long,long,long
211,2023-10-03 22:00:00,OANDA:GBPUSD,1.20858,1.2088,1.20744,1.20772,5667.0,Interval.in_2_hour,55375200.0,long,long,long,long,long,long,long,long,long,long,long,long,long,long,long,long,long,long,short,long,neutral,neutral,long,short,neutral,neutral,neutral,long,long,long,short,long,long,long,short,short,short,short,short,short,short,short,short,short,short,short,long,short,long,short,long,long,long,long,long,long,long
212,2023-10-03 20:00:00,OANDA:GBPUSD,1.20752,1.20916,1.20694,1.20858,9319.0,Interval.in_2_hour,55368000.0,long,long,long,long,long,long,long,long,long,long,long,long,long,long,long,long,long,long,short,long,neutral,neutral,long,short,neutral,neutral,neutral,long,long,short,long,long,long,short,short,short,short,short,short,short,short,short,short,short,short,short,short,short,short,short,short,long,long,long,long,long,long
213,2023-10-03 18:00:00,OANDA:GBPUSD,1.2079,1.20876,1.20615,1.20752,13708.0,Interval.in_2_hour,55360800.0,long,long,long,long,long,long,long,long,long,long,long,long,long,long,long,long,long,long,short,long,neutral,neutral,long,short,neutral,neutral,neutral,long,short,long,long,short,short,short,short,short,short,short,short,short,short,short,short,short,short,long,long,short,long,short,long,short,long,long,long,long,long
214,2023-10-03 16:00:00,OANDA:GBPUSD,1.20738,1.21018,1.20532,1.2079,25828.0,Interval.in_2_hour,55353600.0,long,long,long,long,long,long,long,long,long,long,long,long,long,long,long,long,long,long,short,long,neutral,neutral,long,short,long,neutral,neutral,short,long,long,short,short,short,short,short,short,short,short,short,short,short,short,short,short,short,short,long,short,short,long,short,long,short,long,long,long,long
215,2023-10-03 14:00:00,OANDA:GBPUSD,1.20565,1.2081,1.20524,1.20738,11997.0,Interval.in_2_hour,55346400.0,long,long,long,long,long,long,long,long,long,long,long,long,long,long,long,long,long,long,short,long,short,short,long,short,neutral,neutral,neutral,short,short,short,short,short,short,short,short,short,short,short,short,short,short,short,short,short,short,long,long,long,long,short,long,short,long,short,long,long,long
216,2023-10-03 12:00:00,OANDA:GBPUSD,1.20874,1.2089,1.2054,1.20565,9084.0,Interval.in_2_hour,55339200.0,long,long,long,long,long,long,long,long,long,long,long,long,long,long,long,long,long,long,short,long,neutral,neutral,long,short,neutral,neutral,neutral,long,short,short,short,short,short,short,short,short,short,short,short,short,short,short,short,short,short,long,long,long,long,long,long,long,long,long,short,long,long
217,2023-10-03 10:00:00,OANDA:GBPUSD,1.20846,1.2097,1.20634,1.20874,10783.0,Interval.in_2_hour,55332000.0,long,long,long,long,long,long,long,long,long,long,long,long,long,long,long,long,long,long,long,long,neutral,neutral,long,short,long,neutral,neutral,long,short,short,short,short,short,short,short,short,short,short,short,short,short,short,short,short,short,short,short,short,short,short,short,short,short,short,short,short,long
218,2023-10-03 08:00:00,OANDA:GBPUSD,1.20643,1.2088,1.20612,1.20846,7894.0,Interval.in_2_hour,55324800.0,long,long,long,long,long,long,long,long,long,long,long,long,long,long,long,long,long,long,long,long,neutral,neutral,long,short,neutral,neutral,neutral,short,short,short,short,short,short,short,short,short,short,short,short,short,short,short,short,short,short,long,short,short,short,short,long,short,short,short,short,short,short
219,2023-10-03 06:00:00,OANDA:GBPUSD,1.20744,1.20816,1.2061,1.20643,5741.0,Interval.in_2_hour,55317600.0,short,long,long,long,long,long,long,long,long,long,long,long,long,long,long,long,long,long,long,long,neutral,neutral,long,short,short,short,neutral,short,short,short,short,short,short,short,short,short,short,short,short,short,short,short,short,short,short,long,long,short,long,long,long,long,long,long,long,long,long
220,2023-10-03 04:00:00,OANDA:GBPUSD,1.20862,1.20877,1.20711,1.20744,7779.0,Interval.in_2_hour,55310400.0,long,short,long,long,long,long,long,long,long,long,long,long,long,long,long,long,long,long,long,long,short,short,long,short,short,neutral,neutral,short,short,short,short,short,short,short,short,short,short,short,short,short,short,short,short,short,short,short,long,long,short,short,long,long,long,long,short,long,short
221,2023-10-03 02:00:00,OANDA:GBPUSD,1.20872,1.20928,1.20778,1.20862,6311.0,Interval.in_2_hour,55303200.0,short,short,short,long,long,long,long,long,long,long,long,long,long,long,long,long,long,long,long,long,neutral,neutral,long,short,neutral,neutral,neutral,short,short,short,short,short,short,short,short,short,short,short,short,short,short,short,short,short,short,short,short,short,long,short,short,short,short,short,short,short,short
222,2023-10-03 00:00:00,OANDA:GBPUSD,1.20865,1.2094,1.20865,1.20872,1633.0,Interval.in_2_hour,55296000.0,short,short,short,short,long,long,long,long,long,long,long,long,long,long,long,long,long,long,long,long,neutral,neutral,long,short,neutral,neutral,neutral,short,short,short,short,short,short,short,short,short,short,short,short,short,short,short,short,short,short,short,short,short,short,long,short,short,short,short,short,short,short
223,2023-10-02 22:00:00,OANDA:GBPUSD,1.21057,1.21065,1.20864,1.20865,5766.0,Interval.in_2_hour,55288800.0,short,short,short,short,short,long,long,long,long,long,long,long,long,long,long,long,long,long,long,long,neutral,neutral,long,short,short,short,short,short,short,short,short,short,short,short,short,short,short,short,short,short,short,short,short,short,short,long,short,short,short,short,long,short,short,short,short,short,short
224,2023-10-02 20:00:00,OANDA:GBPUSD,1.21084,1.21273,1.21036,1.21057,8566.0,Interval.in_2_hour,55281600.0,short,short,short,short,short,short,long,long,long,long,long,long,long,long,long,long,long,long,long,long,neutral,neutral,long,short,short,short,short,short,short,short,short,short,short,short,short,short,short,short,short,short,short,short,short,short,short,short,short,short,short,short,short,short,short,short,short,short,short
225,2023-10-02 18:00:00,OANDA:GBPUSD,1.21208,1.21464,1.21078,1.21084,11879.0,Interval.in_2_hour,55274400.0,short,short,short,short,short,short,short,long,long,long,long,long,long,long,long,long,long,long,long,long,neutral,neutral,long,short,short,short,short,short,short,short,short,short,short,short,short,short,short,short,short,short,short,short,short,short,short,short,short,short,short,short,short,short,short,short,short,short,short
226,2023-10-02 16:00:00,OANDA:GBPUSD,1.21513,1.21522,1.2114,1.21208,17342.0,Interval.in_2_hour,55267200.0,short,short,short,short,short,short,short,short,short,long,long,short,long,long,long,long,long,long,long,long,neutral,neutral,long,short,short,short,short,short,short,short,short,short,short,short,short,short,short,short,short,short,short,short,short,short,short,short,short,short,short,short,short,short,short,short,short,short,short
227,2023-10-02 14:00:00,OANDA:GBPUSD,1.21562,1.21674,1.21484,1.21513,9377.0,Interval.in_2_hour,55260000.0,short,short,short,short,short,short,short,short,short,short,short,long,short,long,short,short,short,short,short,long,neutral,neutral,long,short,short,short,neutral,short,short,short,short,short,short,short,short,short,short,short,short,short,short,short,short,short,short,short,short,short,short,short,short,short,short,short,short,short,short
228,2023-10-02 12:00:00,OANDA:GBPUSD,1.21873,1.2188,1.21518,1.21562,9279.0,Interval.in_2_hour,55252800.0,short,short,short,short,short,short,short,short,short,short,short,short,long,short,short,short,short,short,short,long,neutral,neutral,long,short,short,neutral,neutral,short,short,short,short,short,short,short,short,short,short,short,short,short,short,short,short,short,short,short,short,short,short,short,short,short,short,short,short,short,short
229,2023-10-02 10:00:00,OANDA:GBPUSD,1.22132,1.22198,1.21811,1.21873,10445.0,Interval.in_2_hour,55245600.0,short,short,short,short,short,short,short,short,short,short,short,short,short,short,short,short,short,short,short,short,long,long,long,short,neutral,neutral,neutral,long,long,long,short,short,short,short,short,short,short,short,short,short,short,short,long,long,long,short,short,short,short,short,short,short,short,short,short,short,short
230,2023-10-02 08:00:00,OANDA:GBPUSD,1.21869,1.22134,1.21755,1.22132,6372.0,Interval.in_2_hour,55238400.0,short,short,short,short,short,short,short,short,short,short,short,short,short,short,short,short,short,short,short,short,short,neutral,long,short,neutral,neutral,neutral,long,long,short,short,short,short,short,short,short,short,short,short,short,short,short,long,long,long,short,short,short,short,short,short,short,short,short,short,short,short
231,2023-10-02 06:00:00,OANDA:GBPUSD,1.21879,1.21932,1.21862,1.21869,4154.0,Interval.in_2_hour,55231200.0,short,short,short,short,short,short,short,short,short,short,short,short,short,short,short,short,short,short,short,short,neutral,neutral,long,short,short,neutral,neutral,short,short,short,short,short,short,short,short,short,short,short,short,short,short,short,short,short,short,long,long,short,short,short,short,short,short,short,short,short,short
232,2023-10-02 04:00:00,OANDA:GBPUSD,1.21884,1.21954,1.21876,1.21879,5535.0,Interval.in_2_hour,55224000.0,short,short,short,short,short,short,short,short,short,short,short,short,short,short,short,short,short,short,short,short,neutral,neutral,long,short,neutral,neutral,neutral,short,short,short,short,short,short,short,short,short,short,short,short,short,short,short,long,short,long,short,long,short,short,short,short,short,short,short,short,short,short
233,2023-10-02 02:00:00,OANDA:GBPUSD,1.21836,1.21965,1.2182,1.21884,5428.0,Interval.in_2_hour,55216800.0,short,short,short,short,short,short,short,short,short,short,short,short,short,short,short,short,short,short,short,short,neutral,neutral,long,short,neutral,neutral,neutral,short,short,short,short,short,short,short,short,short,short,short,short,short,short,short,short,long,long,short,short,long,short,short,short,short,short,short,short,short,short
234,2023-10-02 00:00:00,OANDA:GBPUSD,1.22042,1.22089,1.21803,1.21836,2307.0,Interval.in_2_hour,55209600.0,short,short,short,short,short,short,short,short,short,short,short,short,short,short,short,short,short,short,short,long,neutral,neutral,long,short,short,neutral,neutral,short,short,short,short,short,short,short,short,short,short,short,short,short,long,long,long,long,long,long,long,long,long,long,short,short,short,short,short,short,short
235,2023-09-29 22:00:00,OANDA:GBPUSD,1.22058,1.22066,1.21988,1.22042,6082.0,Interval.in_2_hour,55029600.0,short,short,short,short,short,short,short,short,short,short,short,short,short,short,short,short,short,short,short,short,neutral,neutral,long,short,neutral,neutral,neutral,short,short,short,short,short,short,short,long,short,long,long,long,long,long,long,long,long,long,short,short,short,short,long,short,short,short,short,short,short,short
236,2023-09-29 20:00:00,OANDA:GBPUSD,1.22056,1.22083,1.21862,1.22058,9286.0,Interval.in_2_hour,55022400.0,short,short,short,short,short,short,short,short,short,short,short,short,short,short,short,short,short,short,short,short,neutral,neutral,long,short,neutral,neutral,neutral,short,short,short,short,short,short,long,short,long,long,long,long,long,long,long,long,long,long,short,short,short,short,short,long,short,short,short,short,short,short
237,2023-09-29 18:00:00,OANDA:GBPUSD,1.2206,1.2219,1.21943,1.22056,13539.0,Interval.in_2_hour,55015200.0,short,short,short,short,short,short,short,short,short,short,short,short,short,short,short,short,short,short,short,short,neutral,neutral,long,short,short,short,neutral,short,short,short,short,short,long,short,long,long,long,long,long,long,long,long,long,long,long,long,short,short,short,short,short,long,short,short,short,short,short
238,2023-09-29 16:00:00,OANDA:GBPUSD,1.22596,1.22632,1.21803,1.2206,19904.0,Interval.in_2_hour,55008000.0,short,short,short,short,short,short,short,short,short,short,short,short,short,short,short,short,short,short,short,short,long,neutral,long,short,short,neutral,neutral,short,neutral,long,long,long,long,long,long,long,long,long,long,long,long,long,long,long,long,short,short,short,short,short,short,short,long,short,short,short,short
239,2023-09-29 14:00:00,OANDA:GBPUSD,1.22661,1.22718,1.22357,1.22596,13822.0,Interval.in_2_hour,55000800.0,short,short,short,short,short,short,short,short,short,short,short,short,short,short,short,short,short,short,short,short,long,long,long,short,neutral,neutral,neutral,long,long,long,long,long,long,long,long,long,long,long,long,long,long,long,long,long,long,short,short,short,short,short,short,short,short,short,short,short,short
240,2023-09-29 12:00:00,OANDA:GBPUSD,1.22356,1.22696,1.22319,1.22661,9195.0,Interval.in_2_hour,54993600.0,short,short,short,short,short,short,short,short,short,short,short,short,short,short,short,short,short,short,short,short,neutral,neutral,long,short,neutral,neutral,neutral,long,long,long,long,long,long,long,long,long,long,long,long,long,long,long,long,long,long,short,short,short,short,short,short,short,short,short,short,short,short
241,2023-09-29 10:00:00,OANDA:GBPUSD,1.22433,1.22545,1.22292,1.22356,11426.0,Interval.in_2_hour,54986400.0,short,short,short,short,short,short,short,short,short,short,short,short,short,short,short,short,short,short,short,short,neutral,neutral,long,short,neutral,neutral,neutral,long,long,long,long,long,long,long,long,long,long,long,long,long,long,long,long,long,long,long,long,short,short,short,short,short,short,short,short,short,short
242,2023-09-29 08:00:00,OANDA:GBPUSD,1.22223,1.22466,1.22198,1.22433,10537.0,Interval.in_2_hour,54979200.0,short,short,short,short,short,short,short,short,short,short,short,short,short,short,short,short,short,short,short,short,neutral,neutral,long,short,neutral,neutral,neutral,long,long,long,long,long,long,long,long,long,long,long,long,long,long,long,long,long,long,short,long,long,short,short,short,short,short,short,short,short,short
243,2023-09-29 06:00:00,OANDA:GBPUSD,1.22226,1.22256,1.22172,1.22223,6773.0,Interval.in_2_hour,54972000.0,short,short,short,short,short,short,short,short,short,short,short,short,short,short,short,short,short,short,short,short,neutral,neutral,long,short,neutral,neutral,neutral,long,long,long,long,long,long,long,long,long,long,long,long,long,long,long,long,long,long,long,long,long,long,short,short,short,short,short,short,short,short
244,2023-09-29 04:00:00,OANDA:GBPUSD,1.22016,1.22285,1.21995,1.22226,7905.0,Interval.in_2_hour,54964800.0,short,short,short,short,short,short,short,short,short,short,short,short,short,short,short,short,short,short,short,short,neutral,neutral,long,short,neutral,neutral,neutral,long,long,long,long,long,long,long,long,long,long,long,long,long,long,long,long,long,long,short,long,long,long,long,short,short,short,short,short,short,short
245,2023-09-29 02:00:00,OANDA:GBPUSD,1.2208,1.22082,1.21964,1.22016,3413.0,Interval.in_2_hour,54957600.0,short,short,long,short,short,short,short,short,short,short,short,short,short,short,short,short,short,short,short,short,neutral,neutral,long,short,neutral,neutral,neutral,long,long,long,long,long,long,long,long,long,long,long,long,long,long,long,long,long,long,long,long,long,long,long,long,long,long,long,long,short,short
246,2023-09-29 00:00:00,OANDA:GBPUSD,1.2205,1.2211,1.21947,1.2208,1640.0,Interval.in_2_hour,54950400.0,short,short,short,long,short,short,short,short,short,short,short,short,short,short,short,short,short,short,short,short,neutral,neutral,long,short,long,neutral,neutral,long,long,long,long,long,long,long,long,long,long,long,long,long,long,long,long,long,long,short,long,long,long,long,long,long,short,short,short,short,short
247,2023-09-28 22:00:00,OANDA:GBPUSD,1.21953,1.22053,1.21916,1.2205,4931.0,Interval.in_2_hour,54943200.0,short,short,short,short,long,short,short,short,short,short,short,short,short,short,short,short,short,short,short,short,neutral,neutral,long,short,neutral,neutral,neutral,long,long,long,long,long,long,long,long,long,long,long,long,long,long,long,long,long,long,long,short,long,long,long,long,long,long,long,long,long,short
248,2023-09-28 20:00:00,OANDA:GBPUSD,1.21998,1.22053,1.21879,1.21953,8628.0,Interval.in_2_hour,54936000.0,long,short,short,short,short,long,short,short,short,short,short,short,short,short,short,short,short,short,short,short,neutral,neutral,long,short,neutral,neutral,neutral,long,long,long,long,long,long,long,long,long,long,long,long,long,long,long,long,long,long,long,long,long,long,long,long,long,long,long,long,long,long
249,2023-09-28 18:00:00,OANDA:GBPUSD,1.21981,1.22246,1.21951,1.21998,11167.0,Interval.in_2_hour,54928800.0,long,long,short,short,short,short,long,short,short,short,short,short,short,short,short,short,short,short,short,short,neutral,neutral,long,short,long,neutral,neutral,long,long,long,long,long,long,long,long,long,long,long,long,long,long,long,long,long,long,short,long,long,long,long,long,long,long,long,long,long,long
250,2023-09-28 16:00:00,OANDA:GBPUSD,1.21778,1.22056,1.21754,1.21981,17944.0,Interval.in_2_hour,54921600.0,long,long,long,short,short,short,short,long,short,short,short,short,short,short,short,short,short,short,short,short,long,long,long,short,neutral,neutral,neutral,long,long,long,long,long,long,long,long,long,long,long,long,long,long,long,long,long,long,long,short,long,long,long,long,long,long,long,long,long,long
251,2023-09-28 14:00:00,OANDA:GBPUSD,1.21998,1.22241,1.21768,1.21778,12880.0,Interval.in_2_hour,54914400.0,long,long,long,long,long,long,long,long,long,long,short,short,short,short,short,short,short,short,short,short,neutral,neutral,long,short,neutral,neutral,neutral,long,long,long,long,long,long,long,long,long,long,long,long,long,long,long,long,long,long,long,long,long,long,long,long,long,long,long,long,long,long
252,2023-09-28 12:00:00,OANDA:GBPUSD,1.21715,1.22065,1.21709,1.21998,9541.0,Interval.in_2_hour,54907200.0,long,long,long,long,long,short,short,short,short,long,short,short,short,short,short,short,short,short,short,short,neutral,neutral,long,short,long,neutral,neutral,long,long,long,long,long,long,long,long,long,long,long,long,long,long,long,long,long,long,short,short,long,short,long,long,long,long,long,long,long,long
253,2023-09-28 10:00:00,OANDA:GBPUSD,1.21264,1.21746,1.21246,1.21715,10452.0,Interval.in_2_hour,54900000.0,long,long,long,long,long,long,long,long,long,long,long,long,short,short,short,short,short,short,short,long,short,neutral,long,short,neutral,neutral,neutral,long,long,long,long,long,long,long,long,long,short,short,long,long,long,short,short,short,short,long,long,long,long,long,long,long,long,long,long,long,long
254,2023-09-28 08:00:00,OANDA:GBPUSD,1.21406,1.21468,1.212,1.21264,7355.0,Interval.in_2_hour,54892800.0,long,long,long,long,long,long,long,long,long,long,long,long,long,long,long,short,short,short,short,long,neutral,neutral,long,short,neutral,neutral,neutral,short,long,short,long,long,short,short,short,short,short,short,short,short,short,short,short,short,short,long,long,long,long,long,long,long,long,long,long,long,long
255,2023-09-28 06:00:00,OANDA:GBPUSD,1.21315,1.21409,1.21302,1.21406,5332.0,Interval.in_2_hour,54885600.0,long,long,long,long,long,long,long,long,long,long,long,long,long,long,long,long,short,short,short,long,neutral,neutral,long,short,neutral,neutral,neutral,long,short,long,long,short,short,short,short,short,short,short,short,short,short,short,short,short,short,short,long,long,long,long,long,long,long,long,long,long,long
256,2023-09-28 04:00:00,OANDA:GBPUSD,1.21441,1.21454,1.21306,1.21315,9010.0,Interval.in_2_hour,54878400.0,long,long,long,long,long,long,long,long,long,long,long,long,long,long,long,long,long,short,short,long,neutral,neutral,long,short,neutral,neutral,neutral,long,long,long,long,short,short,short,short,short,short,short,short,short,short,short,short,short,short,long,short,long,long,long,long,long,long,long,long,long,long
257,2023-09-28 02:00:00,OANDA:GBPUSD,1.21323,1.21446,1.21312,1.21441,5293.0,Interval.in_2_hour,54871200.0,long,long,long,long,long,long,long,long,long,long,long,long,long,long,long,long,long,long,short,long,neutral,neutral,long,short,neutral,neutral,neutral,long,long,long,short,short,short,short,short,short,short,short,short,short,short,short,short,short,short,short,short,short,long,long,long,long,long,long,long,long,long
258,2023-09-28 00:00:00,OANDA:GBPUSD,1.21344,1.21444,1.21304,1.21323,1909.0,Interval.in_2_hour,54864000.0,long,long,long,long,long,long,long,long,long,long,long,long,long,long,long,long,long,long,short,long,neutral,neutral,long,short,short,neutral,neutral,long,short,short,short,short,short,short,short,short,short,short,short,short,short,short,short,short,short,long,short,long,short,long,long,long,long,long,long,long,long
259,2023-09-27 22:00:00,OANDA:GBPUSD,1.21384,1.21532,1.21326,1.21344,5756.0,Interval.in_2_hour,54856800.0,long,long,long,long,long,long,long,long,long,long,long,long,long,long,long,long,long,long,short,long,neutral,neutral,long,short,neutral,neutral,neutral,short,short,short,short,short,short,short,short,short,short,short,short,short,short,short,short,short,short,short,long,short,long,short,long,long,long,long,long,long,long
260,2023-09-27 20:00:00,OANDA:GBPUSD,1.2125,1.21414,1.21104,1.21384,10180.0,Interval.in_2_hour,54849600.0,long,long,long,long,long,long,long,long,long,long,long,long,long,long,long,long,long,long,short,long,neutral,neutral,long,short,neutral,neutral,neutral,short,short,short,short,short,short,short,short,short,short,short,short,short,short,short,short,short,short,short,short,long,short,long,short,long,long,long,long,long,long
261,2023-09-27 18:00:00,OANDA:GBPUSD,1.21287,1.21504,1.2117,1.2125,11684.0,Interval.in_2_hour,54842400.0,long,long,long,long,long,long,long,long,long,long,long,long,long,long,long,long,long,long,short,long,short,short,long,short,short,neutral,neutral,short,short,short,short,short,short,short,short,short,short,short,short,short,short,short,short,short,short,long,long,long,long,long,long,long,long,long,long,long,long
262,2023-09-27 16:00:00,OANDA:GBPUSD,1.21448,1.21594,1.21282,1.21287,13852.0,Interval.in_2_hour,54835200.0,long,long,long,long,long,long,long,long,long,long,long,long,long,long,long,long,long,long,short,long,neutral,neutral,long,short,neutral,neutral,neutral,short,short,short,short,short,short,short,short,short,short,short,short,short,short,short,short,short,short,short,long,long,long,long,long,long,short,long,long,long,long
263,2023-09-27 14:00:00,OANDA:GBPUSD,1.21419,1.21503,1.21311,1.21448,12278.0,Interval.in_2_hour,54828000.0,long,long,long,long,long,long,long,long,long,long,long,long,long,long,long,long,long,long,short,long,neutral,neutral,long,short,neutral,neutral,neutral,short,short,short,short,short,short,short,short,short,short,short,short,short,short,short,short,short,short,short,short,short,short,short,short,short,short,short,long,long,long
264,2023-09-27 12:00:00,OANDA:GBPUSD,1.21496,1.21562,1.2139,1.21419,8204.0,Interval.in_2_hour,54820800.0,long,long,long,long,long,long,long,long,long,long,long,long,long,long,long,long,long,long,short,long,neutral,neutral,long,short,short,neutral,neutral,short,long,short,short,short,short,short,short,short,short,short,short,short,short,short,short,short,short,long,short,short,short,short,short,long,short,short,short,long,long
265,2023-09-27 10:00:00,OANDA:GBPUSD,1.21536,1.21646,1.21422,1.21496,9445.0,Interval.in_2_hour,54813600.0,long,long,long,long,long,long,long,long,long,long,long,long,long,long,long,long,long,long,short,long,long,long,long,short,neutral,neutral,neutral,long,long,short,short,short,short,short,short,short,short,short,short,short,short,short,short,short,short,short,short,short,short,short,short,short,short,short,short,short,long
266,2023-09-27 08:00:00,OANDA:GBPUSD,1.2147,1.2159,1.21358,1.21536,7142.0,Interval.in_2_hour,54806400.0,long,long,long,long,long,long,long,long,long,long,long,long,long,long,long,long,long,long,short,long,neutral,neutral,long,short,neutral,neutral,neutral,long,short,short,short,short,short,short,short,short,short,short,short,short,short,short,short,short,short,short,short,short,short,short,short,short,short,short,short,short,short
267,2023-09-27 06:00:00,OANDA:GBPUSD,1.21472,1.2149,1.21402,1.2147,4669.0,Interval.in_2_hour,54799200.0,short,long,long,long,long,long,long,long,long,long,long,long,long,long,long,long,long,long,short,long,neutral,neutral,long,short,neutral,neutral,neutral,short,short,short,short,short,short,short,short,short,short,short,short,short,short,short,short,short,short,long,long,short,short,short,short,short,short,short,short,short,short
268,2023-09-27 04:00:00,OANDA:GBPUSD,1.21423,1.21576,1.21414,1.21472,8392.0,Interval.in_2_hour,54792000.0,short,short,long,long,long,long,long,long,long,long,long,long,long,long,long,long,long,long,short,long,neutral,neutral,long,short,neutral,neutral,neutral,short,short,short,short,short,short,short,short,short,short,short,short,short,short,short,short,short,short,short,long,long,short,short,short,short,short,short,short,short,short
269,2023-09-27 02:00:00,OANDA:GBPUSD,1.2154,1.21554,1.2141,1.21423,4509.0,Interval.in_2_hour,54784800.0,short,short,short,long,long,long,long,long,long,long,long,long,long,long,long,long,long,long,short,long,neutral,neutral,long,short,short,short,short,short,short,short,short,short,short,short,short,short,short,short,short,short,short,short,short,short,short,long,long,long,long,short,long,short,short,short,short,short,long
270,2023-09-27 00:00:00,OANDA:GBPUSD,1.21568,1.21647,1.21531,1.2154,1063.0,Interval.in_2_hour,54777600.0,short,short,short,short,long,long,long,long,long,long,long,long,long,long,long,long,long,long,short,long,neutral,neutral,long,short,short,short,neutral,short,short,short,short,short,short,short,short,short,short,short,short,short,short,short,short,short,short,short,short,short,short,short,short,short,short,short,short,short,short
271,2023-09-26 22:00:00,OANDA:GBPUSD,1.21572,1.21641,1.21524,1.21568,4073.0,Interval.in_2_hour,54770400.0,short,short,short,short,short,long,long,long,long,long,long,long,long,long,long,long,long,long,short,long,short,short,long,short,short,neutral,neutral,short,short,short,short,short,short,short,short,short,short,short,short,short,short,short,short,short,short,short,short,short,short,short,short,short,short,short,short,short,short
272,2023-09-26 20:00:00,OANDA:GBPUSD,1.2171,1.2176,1.21542,1.21572,6069.0,Interval.in_2_hour,54763200.0,short,short,short,short,short,short,long,long,long,long,long,long,long,long,long,long,long,long,short,long,neutral,neutral,long,short,neutral,neutral,neutral,short,short,short,short,short,short,short,short,short,short,short,short,short,short,short,short,short,short,short,short,short,short,short,short,short,short,short,short,short,short
273,2023-09-26 18:00:00,OANDA:GBPUSD,1.21687,1.21738,1.21593,1.2171,8247.0,Interval.in_2_hour,54756000.0,short,short,short,short,short,short,short,long,long,long,long,long,long,long,long,long,long,long,short,long,short,short,long,short,neutral,neutral,neutral,short,short,short,short,short,short,short,short,short,short,short,short,short,short,short,short,short,short,short,short,short,short,short,short,short,short,short,short,short,short
274,2023-09-26 16:00:00,OANDA:GBPUSD,1.21911,1.21928,1.21661,1.21687,15493.0,Interval.in_2_hour,54748800.0,short,short,short,short,short,short,short,short,long,long,long,long,long,long,long,long,long,long,short,long,neutral,neutral,long,short,neutral,neutral,neutral,long,short,short,short,short,short,short,short,short,short,short,short,short,short,short,short,short,short,long,short,short,short,short,short,short,short,short,short,short,short
275,2023-09-26 14:00:00,OANDA:GBPUSD,1.2185,1.21923,1.21702,1.21911,11053.0,Interval.in_2_hour,54741600.0,short,short,short,short,short,short,short,short,short,short,long,short,long,long,long,long,long,long,short,long,neutral,neutral,long,short,long,long,neutral,short,short,short,short,short,short,short,short,short,short,short,short,short,short,short,short,short,short,short,short,short,short,short,short,short,short,short,short,short,short
276,2023-09-26 12:00:00,OANDA:GBPUSD,1.21846,1.21944,1.21759,1.2185,7866.0,Interval.in_2_hour,54734400.0,short,short,short,short,short,short,short,short,short,short,short,long,short,long,long,long,long,long,short,long,short,short,long,short,long,neutral,neutral,short,short,short,short,short,short,short,short,short,short,short,short,short,short,short,short,short,short,long,short,short,short,short,short,short,short,short,short,short,short
277,2023-09-26 10:00:00,OANDA:GBPUSD,1.21708,1.21936,1.21674,1.21846,11743.0,Interval.in_2_hour,54727200.0,short,short,short,short,short,short,short,short,short,short,short,short,long,short,long,long,long,long,short,long,neutral,neutral,long,short,neutral,neutral,neutral,short,short,short,short,short,short,short,short,short,short,short,short,short,short,short,short,short,short,long,long,short,short,short,short,short,short,short,short,short,short
278,2023-09-26 08:00:00,OANDA:GBPUSD,1.22056,1.22072,1.21704,1.21708,9549.0,Interval.in_2_hour,54720000.0,short,short,short,short,short,short,short,short,short,short,short,short,long,long,long,long,long,long,short,long,neutral,neutral,long,short,neutral,neutral,neutral,short,short,short,short,short,short,short,short,short,short,short,short,short,short,short,short,short,short,long,long,long,short,long,short,short,short,short,short,short,short
279,2023-09-26 06:00:00,OANDA:GBPUSD,1.21953,1.22056,1.21938,1.22056,6545.0,Interval.in_2_hour,54712800.0,short,short,short,short,short,short,short,short,short,short,short,short,short,short,short,short,short,short,short,long,neutral,neutral,long,short,neutral,neutral,neutral,short,short,short,short,short,short,short,short,short,short,short,short,short,short,short,short,short,short,short,short,short,short,short,short,short,short,short,short,short,short
280,2023-09-26 04:00:00,OANDA:GBPUSD,1.22058,1.2209,1.21952,1.21953,8753.0,Interval.in_2_hour,54705600.0,short,short,short,short,short,short,short,short,short,short,short,short,short,short,short,long,short,long,short,long,short,short,long,short,short,neutral,neutral,short,short,short,short,short,short,short,short,short,short,short,short,short,short,short,short,short,short,long,short,short,short,short,short,short,short,short,short,short,short
281,2023-09-26 02:00:00,OANDA:GBPUSD,1.22118,1.22156,1.22045,1.22058,5161.0,Interval.in_2_hour,54698400.0,short,short,short,short,short,short,short,short,short,short,short,short,short,short,short,short,short,short,short,long,neutral,neutral,long,short,neutral,neutral,neutral,short,long,long,short,short,short,short,short,short,short,short,short,short,short,short,short,short,short,short,short,short,short,short,short,short,short,short,short,short,short
282,2023-09-26 00:00:00,OANDA:GBPUSD,1.22114,1.22136,1.22084,1.22118,1583.0,Interval.in_2_hour,54691200.0,short,short,short,short,short,short,short,short,short,short,short,short,short,short,short,short,short,short,short,long,neutral,neutral,long,short,long,neutral,neutral,long,long,short,short,short,short,short,short,short,short,short,short,short,short,short,short,short,short,short,short,short,short,short,short,short,short,short,short,short,short
283,2023-09-25 22:00:00,OANDA:GBPUSD,1.22079,1.22149,1.22055,1.22114,3507.0,Interval.in_2_hour,54684000.0,short,short,short,short,short,short,short,short,short,short,short,short,short,short,short,short,short,short,short,long,neutral,neutral,long,short,neutral,neutral,neutral,long,short,short,short,short,short,short,short,short,short,short,short,short,short,short,short,short,short,long,short,short,short,short,short,short,short,short,short,short,short
284,2023-09-25 20:00:00,OANDA:GBPUSD,1.22116,1.22221,1.22066,1.22079,6218.0,Interval.in_2_hour,54676800.0,short,short,short,short,short,short,short,short,short,short,short,short,short,short,short,short,short,short,short,long,neutral,neutral,long,short,neutral,neutral,neutral,short,short,short,short,short,short,short,short,short,short,short,short,short,short,short,short,short,short,long,long,short,short,short,short,short,short,short,short,short,short
285,2023-09-25 18:00:00,OANDA:GBPUSD,1.2198,1.2219,1.21978,1.22116,9477.0,Interval.in_2_hour,54669600.0,short,short,short,short,short,short,short,short,short,short,short,short,short,short,short,short,short,short,short,long,neutral,neutral,long,short,neutral,neutral,neutral,short,short,short,short,short,short,short,short,short,short,short,short,short,short,short,short,short,short,short,short,long,short,short,short,short,short,short,short,short,short
286,2023-09-25 16:00:00,OANDA:GBPUSD,1.22172,1.22207,1.21939,1.2198,14581.0,Interval.in_2_hour,54662400.0,short,short,short,short,short,short,short,short,short,short,short,short,short,short,short,short,short,short,short,long,neutral,neutral,long,short,short,neutral,neutral,short,short,short,short,short,short,short,short,short,short,short,short,short,short,short,short,short,short,long,long,long,long,long,short,long,short,short,short,short,short
287,2023-09-25 14:00:00,OANDA:GBPUSD,1.22377,1.22434,1.2213,1.22172,8842.0,Interval.in_2_hour,54655200.0,short,short,short,short,short,short,short,short,short,short,short,short,short,short,short,short,short,short,short,long,neutral,neutral,long,short,neutral,neutral,neutral,short,short,short,short,short,short,short,short,short,short,short,short,short,short,short,short,short,short,short,short,short,short,short,short,short,short,short,short,short,short
288,2023-09-25 12:00:00,OANDA:GBPUSD,1.22203,1.22398,1.22125,1.22377,8145.0,Interval.in_2_hour,54648000.0,short,short,short,short,short,short,short,short,short,short,short,short,short,short,short,short,short,short,short,long,short,short,long,short,neutral,neutral,neutral,short,short,short,short,short,short,short,short,short,short,short,short,short,short,short,short,short,short,short,short,short,short,short,short,short,short,short,short,short,short
289,2023-09-25 10:00:00,OANDA:GBPUSD,1.22432,1.22504,1.22182,1.22203,11308.0,Interval.in_2_hour,54640800.0,short,short,short,short,short,short,short,short,short,short,short,short,short,short,short,short,short,short,short,long,neutral,neutral,long,short,neutral,neutral,neutral,short,short,short,short,short,short,short,short,short,short,short,short,short,short,short,short,short,short,long,short,short,short,short,short,short,short,short,short,short,short
290,2023-09-25 08:00:00,OANDA:GBPUSD,1.22417,1.22462,1.22329,1.22432,6156.0,Interval.in_2_hour,54633600.0,short,short,short,short,short,short,short,short,short,short,short,short,short,short,short,short,short,short,short,long,neutral,neutral,long,short,long,neutral,neutral,short,long,long,short,short,short,short,short,short,short,short,short,short,short,short,short,short,short,short,short,short,short,short,short,short,short,short,short,short,short
291,2023-09-25 06:00:00,OANDA:GBPUSD,1.22407,1.2243,1.2237,1.22417,5540.0,Interval.in_2_hour,54626400.0,short,short,short,short,short,short,short,short,short,short,short,short,short,short,short,short,short,short,short,long,neutral,neutral,long,short,neutral,neutral,neutral,short,long,short,short,short,short,short,short,short,short,short,short,short,short,short,short,short,short,long,short,short,short,short,short,short,short,short,short,short,short
292,2023-09-25 04:00:00,OANDA:GBPUSD,1.22488,1.22496,1.22374,1.22407,6347.0,Interval.in_2_hour,54619200.0,short,short,short,short,short,short,short,short,short,short,short,short,short,short,short,short,short,short,short,long,neutral,neutral,long,short,neutral,neutral,neutral,long,short,short,short,short,short,short,short,short,short,short,short,short,short,short,short,short,short,long,long,short,short,short,short,short,short,short,short,short,short
293,2023-09-25 02:00:00,OANDA:GBPUSD,1.22444,1.22497,1.22405,1.22488,5662.0,Interval.in_2_hour,54612000.0,short,short,short,short,short,short,short,short,short,short,short,short,short,short,short,short,short,short,short,long,neutral,neutral,long,short,long,neutral,neutral,long,short,short,short,short,short,short,short,short,short,short,short,short,short,short,short,short,short,short,short,short,short,short,short,short,short,short,short,short,short
294,2023-09-25 00:00:00,OANDA:GBPUSD,1.22394,1.2257,1.22389,1.22444,9794.0,Interval.in_2_hour,54604800.0,short,short,short,short,short,short,short,short,short,short,short,short,short,short,short,short,short,short,short,long,neutral,neutral,long,short,neutral,neutral,neutral,short,short,short,short,short,short,short,short,short,short,short,short,short,short,short,short,short,short,long,short,short,short,short,short,short,short,short,short,short,short
295,2023-09-22 22:00:00,OANDA:GBPUSD,1.22414,1.22485,1.22362,1.22394,4159.0,Interval.in_2_hour,54424800.0,short,short,short,short,short,short,short,short,short,short,short,short,short,short,short,short,short,short,short,long,neutral,neutral,long,short,short,short,neutral,short,short,short,short,short,short,short,short,short,short,short,short,short,short,short,short,short,short,long,long,long,long,long,short,short,short,short,short,short,short
296,2023-09-22 20:00:00,OANDA:GBPUSD,1.22516,1.2259,1.22307,1.22414,5995.0,Interval.in_2_hour,54417600.0,short,short,short,short,short,short,short,short,short,short,short,short,short,short,short,short,short,short,short,long,short,short,long,short,short,neutral,neutral,short,short,short,short,short,short,short,short,short,short,short,short,short,short,short,short,short,short,short,long,long,short,long,long,short,short,short,short,short,short
297,2023-09-22 18:00:00,OANDA:GBPUSD,1.22646,1.22692,1.22504,1.22516,7428.0,Interval.in_2_hour,54410400.0,short,short,short,short,short,short,short,short,short,short,short,short,short,short,short,short,short,short,short,long,neutral,neutral,long,short,neutral,neutral,neutral,long,short,short,short,short,short,short,short,short,short,short,short,short,short,short,short,short,short,short,short,short,short,short,short,short,short,short,short,short,short
298,2023-09-22 16:00:00,OANDA:GBPUSD,1.22571,1.22849,1.22526,1.22646,14545.0,Interval.in_2_hour,54403200.0,short,short,short,short,short,short,short,short,short,short,short,short,short,short,short,short,short,short,short,long,neutral,neutral,long,short,long,neutral,neutral,short,short,short,short,short,short,short,short,short,short,short,short,short,short,short,short,short,short,short,short,short,short,short,short,short,short,short,short,short,short
299,2023-09-22 14:00:00,OANDA:GBPUSD,1.2247,1.2267,1.2245,1.22571,9522.0,Interval.in_2_hour,54396000.0,short,short,short,short,short,short,short,short,short,short,short,short,short,short,short,short,short,short,short,long,short,short,long,short,neutral,neutral,neutral,short,short,short,short,short,short,short,short,short,short,short,short,short,short,short,short,short,short,long,short,short,short,short,short,short,short,short,short,short,short
300,2023-09-22 12:00:00,OANDA:GBPUSD,1.22531,1.22554,1.2233,1.2247,8216.0,Interval.in_2_hour,54388800.0,short,short,short,short,short,short,short,short,short,short,short,short,short,short,short,short,short,short,short,long,neutral,neutral,long,short,short,short,neutral,short,short,short,short,short,short,short,short,short,short,short,short,short,short,short,short,short,short,long,long,long,short,short,short,long,short,short,short,short,short
301,2023-09-22 10:00:00,OANDA:GBPUSD,1.22822,1.22858,1.22385,1.22531,16510.0,Interval.in_2_hour,54381600.0,short,short,short,short,short,short,short,short,short,short,short,short,short,short,short,short,short,short,short,long,neutral,neutral,long,short,short,neutral,neutral,short,short,short,short,short,short,short,short,short,short,short,short,short,short,short,short,short,short,short,long,long,short,short,short,short,short,short,short,short,short
302,2023-09-22 08:00:00,OANDA:GBPUSD,1.22845,1.22885,1.2269,1.22822,9336.0,Interval.in_2_hour,54374400.0,short,short,short,short,short,short,short,short,short,short,short,short,short,short,short,short,short,short,short,long,short,short,long,short,neutral,neutral,neutral,short,short,short,short,short,long,short,short,short,short,short,short,short,short,short,short,short,short,short,short,short,short,short,short,short,short,short,short,short,short
303,2023-09-22 06:00:00,OANDA:GBPUSD,1.22776,1.22852,1.22754,1.22845,5209.0,Interval.in_2_hour,54367200.0,short,short,short,short,short,short,short,short,short,short,short,short,short,short,short,short,short,short,short,long,neutral,neutral,long,short,neutral,neutral,neutral,short,short,short,short,long,short,short,short,short,short,short,short,short,short,short,short,short,short,short,short,short,short,short,short,short,short,short,short,short,short
304,2023-09-22 04:00:00,OANDA:GBPUSD,1.22862,1.22864,1.2273,1.22776,7506.0,Interval.in_2_hour,54360000.0,short,short,short,short,short,short,short,short,short,short,short,short,short,short,short,short,short,short,short,long,neutral,neutral,long,short,short,short,neutral,short,short,short,long,short,short,short,short,short,short,short,short,short,short,short,short,short,short,long,long,short,short,short,short,short,short,short,short,short,short
305,2023-09-22 02:00:00,OANDA:GBPUSD,1.22906,1.2294,1.22815,1.22862,4141.0,Interval.in_2_hour,54352800.0,short,short,short,short,short,short,short,short,short,short,short,short,short,short,short,short,short,short,short,long,neutral,neutral,long,short,short,neutral,neutral,short,short,long,long,short,short,short,short,short,short,short,short,short,short,short,short,short,short,short,short,short,short,short,short,short,short,short,short,short,short
306,2023-09-22 00:00:00,OANDA:GBPUSD,1.22946,1.23002,1.22906,1.22906,1121.0,Interval.in_2_hour,54345600.0,short,short,short,short,short,short,short,short,short,short,short,short,short,short,short,short,short,short,short,long,neutral,neutral,long,short,neutral,neutral,neutral,long,long,long,short,short,short,short,short,short,short,short,short,short,short,short,short,short,short,short,short,short,short,short,short,short,short,short,short,short,short
307,2023-09-21 22:00:00,OANDA:GBPUSD,1.22895,1.22976,1.22885,1.22946,4105.0,Interval.in_2_hour,54338400.0,short,short,short,short,short,short,short,short,short,short,short,short,short,short,short,short,short,short,short,long,neutral,neutral,long,short,neutral,neutral,neutral,long,long,short,short,short,short,short,short,short,short,short,short,short,short,short,short,short,short,short,short,short,short,short,short,short,short,short,short,short,short
308,2023-09-21 20:00:00,OANDA:GBPUSD,1.22967,1.23075,1.22895,1.22895,6491.0,Interval.in_2_hour,54331200.0,short,short,short,short,short,short,short,short,short,short,short,short,short,short,short,short,short,short,short,long,neutral,neutral,long,short,neutral,neutral,neutral,long,short,short,short,short,short,short,short,short,short,short,short,short,short,short,short,short,short,long,long,short,short,short,short,short,short,short,short,short,short
309,2023-09-21 18:00:00,OANDA:GBPUSD,1.22872,1.23066,1.22856,1.22967,9055.0,Interval.in_2_hour,54324000.0,short,short,short,short,short,short,short,short,short,short,short,short,short,short,short,short,short,short,long,long,neutral,neutral,long,short,long,neutral,neutral,short,short,short,short,short,short,short,short,short,short,short,short,short,short,short,short,short,short,short,short,short,short,short,short,short,short,short,short,short,short
310,2023-09-21 16:00:00,OANDA:GBPUSD,1.2268,1.22966,1.22577,1.22872,16499.0,Interval.in_2_hour,54316800.0,short,short,short,short,short,short,short,short,short,short,short,short,short,short,short,short,short,short,long,long,neutral,neutral,long,short,neutral,neutral,neutral,short,short,short,short,short,short,short,short,short,short,short,short,short,short,short,short,short,short,long,long,long,long,short,short,short,short,short,short,short,short
311,2023-09-21 14:00:00,OANDA:GBPUSD,1.2301,1.2301,1.22338,1.2268,19271.0,Interval.in_2_hour,54309600.0,short,short,short,short,short,short,short,short,short,short,short,short,short,short,short,short,short,short,long,long,neutral,neutral,long,short,short,short,neutral,short,short,short,short,short,short,short,short,short,short,short,short,short,short,short,short,short,short,long,long,long,long,long,long,long,long,long,short,short,short
312,2023-09-21 12:00:00,OANDA:GBPUSD,1.23042,1.23082,1.22818,1.2301,9626.0,Interval.in_2_hour,54302400.0,short,short,short,short,short,short,short,short,short,short,short,short,short,short,short,short,short,short,short,long,neutral,neutral,long,short,short,neutral,neutral,short,short,short,short,short,short,short,short,short,short,short,short,short,short,short,short,short,short,short,short,short,short,short,short,short,short,short,short,short,short
313,2023-09-21 10:00:00,OANDA:GBPUSD,1.23272,1.23308,1.22946,1.23042,13888.0,Interval.in_2_hour,54295200.0,short,short,short,short,short,short,short,short,short,short,short,short,short,short,short,short,short,short,long,long,neutral,neutral,long,short,neutral,neutral,neutral,long,short,short,short,short,short,short,short,short,short,short,short,short,short,short,short,short,short,short,short,short,short,short,short,short,short,short,short,short,short
314,2023-09-21 08:00:00,OANDA:GBPUSD,1.232,1.23317,1.23124,1.23272,6954.0,Interval.in_2_hour,54288000.0,short,short,short,short,short,short,short,short,short,short,short,short,short,short,short,short,short,short,long,long,short,short,long,short,long,neutral,neutral,short,short,short,short,short,short,short,short,short,short,short,short,short,short,short,short,short,short,short,short,short,short,short,short,short,short,short,short,short,short
315,2023-09-21 06:00:00,OANDA:GBPUSD,1.23094,1.2324,1.23094,1.232,4266.0,Interval.in_2_hour,54280800.0,short,short,short,short,short,short,short,short,short,short,short,short,short,short,short,short,short,short,long,long,neutral,neutral,long,short,neutral,neutral,neutral,short,short,short,short,short,short,short,short,short,short,short,short,short,short,short,short,short,short,long,short,short,short,short,short,short,short,short,short,short,short
316,2023-09-21 04:00:00,OANDA:GBPUSD,1.23136,1.23253,1.23045,1.23094,6978.0,Interval.in_2_hour,54273600.0,short,short,short,short,short,short,short,short,short,short,short,short,short,short,short,short,short,short,long,long,neutral,neutral,long,short,short,short,short,short,short,short,short,short,short,short,short,short,short,short,short,short,short,short,short,short,short,long,long,short,short,short,short,short,short,short,short,short,short
317,2023-09-21 02:00:00,OANDA:GBPUSD,1.23366,1.23366,1.23109,1.23136,5443.0,Interval.in_2_hour,54266400.0,short,short,short,short,short,short,short,short,short,short,short,short,short,short,short,short,short,short,long,long,neutral,neutral,long,short,short,short,short,short,short,short,short,short,short,short,short,short,short,short,short,short,short,short,short,short,short,short,long,long,short,short,short,short,short,short,short,short,short
318,2023-09-21 00:00:00,OANDA:GBPUSD,1.23436,1.23471,1.23335,1.23366,2552.0,Interval.in_2_hour,54259200.0,short,short,short,short,short,short,short,short,short,short,short,short,short,short,short,short,short,short,long,long,neutral,neutral,long,short,short,short,neutral,short,short,short,short,short,short,short,short,short,short,short,short,short,short,short,short,short,short,short,short,short,short,short,short,short,short,short,short,short,short
319,2023-09-20 22:00:00,OANDA:GBPUSD,1.23608,1.2366,1.2332,1.23436,11218.0,Interval.in_2_hour,54252000.0,short,short,short,short,short,short,short,short,short,short,short,short,short,short,short,short,short,short,long,short,neutral,neutral,long,short,short,neutral,neutral,short,short,short,short,short,short,short,short,short,short,short,short,short,short,short,short,short,short,short,short,short,short,short,short,short,short,short,short,short,short
320,2023-09-20 20:00:00,OANDA:GBPUSD,1.2417,1.2417,1.23504,1.23608,23639.0,Interval.in_2_hour,54244800.0,short,short,short,short,short,short,short,short,short,short,short,short,short,short,short,short,short,short,long,short,long,neutral,long,short,neutral,neutral,neutral,long,long,long,long,long,long,short,short,short,neutral,short,short,short,long,long,long,long,long,short,short,short,short,short,short,short,short,short,short,short,short
321,2023-09-20 18:00:00,OANDA:GBPUSD,1.23992,1.24216,1.23849,1.2417,8460.0,Interval.in_2_hour,54237600.0,short,short,short,short,short,short,short,short,short,short,short,short,short,short,short,short,short,short,long,short,neutral,neutral,long,short,long,long,neutral,long,long,long,long,long,long,long,long,long,long,long,long,long,long,long,long,long,long,short,short,short,short,short,short,short,short,short,short,short,short
322,2023-09-20 16:00:00,OANDA:GBPUSD,1.23768,1.24102,1.23756,1.23992,13246.0,Interval.in_2_hour,54230400.0,short,short,short,short,short,short,short,short,short,short,short,short,short,short,short,short,short,short,long,short,short,neutral,long,short,long,neutral,neutral,long,long,long,short,short,short,short,short,short,short,short,long,long,long,long,long,long,long,long,short,short,short,short,short,short,short,short,short,short,short
323,2023-09-20 14:00:00,OANDA:GBPUSD,1.23654,1.23807,1.23597,1.23768,7475.0,Interval.in_2_hour,54223200.0,short,short,short,short,short,short,short,short,short,short,short,short,short,short,short,short,short,short,long,short,neutral,neutral,long,short,neutral,neutral,neutral,short,short,short,short,short,short,short,short,short,short,short,short,short,short,short,short,short,short,long,long,short,short,short,short,short,short,short,short,short,short
324,2023-09-20 12:00:00,OANDA:GBPUSD,1.23689,1.2377,1.23578,1.23654,6953.0,Interval.in_2_hour,54216000.0,short,short,short,short,short,short,short,short,short,short,short,short,short,short,short,short,short,short,long,short,short,short,long,short,neutral,neutral,neutral,short,short,short,short,short,short,short,short,short,short,short,short,short,short,short,short,short,short,long,long,long,short,short,short,short,short,short,short,short,short
325,2023-09-20 10:00:00,OANDA:GBPUSD,1.23548,1.23725,1.23342,1.23689,11892.0,Interval.in_2_hour,54208800.0,short,short,short,short,short,short,short,short,short,short,short,short,short,short,short,short,short,short,long,short,neutral,neutral,long,short,neutral,neutral,neutral,short,short,short,short,short,short,short,short,short,short,short,short,short,short,short,short,short,short,short,long,long,long,short,short,short,short,short,short,short,short
326,2023-09-20 08:00:00,OANDA:GBPUSD,1.23884,1.23956,1.23332,1.23548,11243.0,Interval.in_2_hour,54201600.0,short,short,short,short,short,short,short,short,short,short,short,short,short,short,short,short,short,short,long,short,neutral,neutral,long,short,neutral,neutral,neutral,short,short,short,short,short,short,short,short,short,short,short,short,short,short,short,short,short,short,long,long,long,long,long,long,short,short,short,short,short,short
327,2023-09-20 06:00:00,OANDA:GBPUSD,1.23873,1.23896,1.23824,1.23884,5769.0,Interval.in_2_hour,54194400.0,short,short,short,short,short,short,short,short,short,short,short,short,short,short,short,short,short,short,long,short,neutral,neutral,long,short,neutral,neutral,neutral,short,short,short,short,short,short,long,long,long,long,long,long,long,long,long,short,long,short,short,short,short,short,long,long,short,short,short,short,short,short
328,2023-09-20 04:00:00,OANDA:GBPUSD,1.23898,1.23938,1.23858,1.23873,8106.0,Interval.in_2_hour,54187200.0,short,short,short,short,short,short,short,short,short,short,short,short,short,short,short,short,short,short,long,short,neutral,neutral,long,short,short,neutral,neutral,short,short,short,short,short,long,long,long,long,long,long,long,long,long,long,long,short,short,long,short,short,short,short,long,long,short,short,short,short,short
329,2023-09-20 02:00:00,OANDA:GBPUSD,1.23934,1.23949,1.2386,1.23898,2977.0,Interval.in_2_hour,54180000.0,short,short,short,short,short,short,short,short,short,short,short,short,short,short,short,short,short,short,long,short,neutral,neutral,long,short,neutral,neutral,neutral,long,short,short,short,long,long,long,long,long,long,long,long,long,long,long,long,long,long,short,short,short,short,short,short,long,long,short,short,short,short
330,2023-09-20 00:00:00,OANDA:GBPUSD,1.23921,1.23971,1.23886,1.23934,1156.0,Interval.in_2_hour,54172800.0,short,short,short,short,short,short,short,short,short,short,short,short,short,short,short,short,short,short,long,short,neutral,neutral,long,short,long,long,neutral,short,short,short,long,long,long,long,long,long,long,long,long,long,long,long,long,long,long,short,short,short,short,short,short,short,long,long,short,short,short
331,2023-09-19 22:00:00,OANDA:GBPUSD,1.23908,1.23966,1.23899,1.23921,4456.0,Interval.in_2_hour,54165600.0,short,short,short,short,short,short,short,short,short,short,short,short,short,short,short,short,short,short,long,short,neutral,neutral,long,short,long,neutral,neutral,short,short,long,long,long,long,long,long,long,long,long,long,long,long,long,long,short,short,long,short,short,short,short,short,short,short,long,long,short,short
332,2023-09-19 20:00:00,OANDA:GBPUSD,1.2387,1.23968,1.23859,1.23908,5657.0,Interval.in_2_hour,54158400.0,short,short,short,short,short,short,short,short,short,short,short,short,short,short,short,short,short,short,long,short,neutral,neutral,long,short,neutral,neutral,neutral,short,long,long,long,long,long,long,long,long,long,long,long,short,short,long,short,short,short,long,long,short,short,short,short,short,short,short,long,long,short
333,2023-09-19 18:00:00,OANDA:GBPUSD,1.24016,1.24028,1.23824,1.2387,7555.0,Interval.in_2_hour,54151200.0,short,short,short,short,short,short,short,short,short,short,short,short,short,short,short,short,short,short,long,short,neutral,neutral,long,short,short,neutral,neutral,long,long,long,long,long,long,long,long,long,long,long,long,long,long,long,long,short,short,long,long,long,long,long,long,short,short,short,short,long,long
334,2023-09-19 16:00:00,OANDA:GBPUSD,1.24055,1.24068,1.2388,1.24016,14395.0,Interval.in_2_hour,54144000.0,long,short,short,short,short,short,short,short,short,short,short,short,short,short,short,short,short,short,long,short,neutral,neutral,long,short,neutral,neutral,neutral,long,long,long,long,long,long,long,long,long,long,long,long,long,long,long,long,long,long,short,short,short,short,short,short,short,short,short,short,short,short
335,2023-09-19 14:00:00,OANDA:GBPUSD,1.23955,1.2425,1.23924,1.24055,10272.0,Interval.in_2_hour,54136800.0,short,long,short,short,short,short,short,short,short,short,short,short,short,short,short,short,short,short,long,short,long,long,long,short,long,neutral,neutral,long,long,long,long,long,long,long,long,long,long,long,long,long,long,long,long,long,long,short,short,short,short,short,short,short,short,short,short,short,short
336,2023-09-19 12:00:00,OANDA:GBPUSD,1.23762,1.24027,1.23712,1.23955,7304.0,Interval.in_2_hour,54129600.0,short,long,long,short,short,short,short,short,short,short,short,short,short,short,short,short,short,short,long,short,neutral,neutral,long,short,neutral,neutral,neutral,long,long,long,long,long,long,short,long,short,short,long,short,short,short,short,short,long,short,long,long,short,short,short,short,short,short,short,short,short,short
337,2023-09-19 10:00:00,OANDA:GBPUSD,1.23793,1.2393,1.23734,1.23762,9850.0,Interval.in_2_hour,54122400.0,short,long,long,long,short,short,short,short,short,short,short,short,short,short,short,short,short,short,long,short,neutral,neutral,long,short,neutral,neutral,neutral,short,short,short,short,short,short,short,short,short,short,short,short,short,short,short,short,short,short,long,long,long,long,long,long,long,long,long,long,short,short
338,2023-09-19 08:00:00,OANDA:GBPUSD,1.23786,1.23817,1.23702,1.23793,6058.0,Interval.in_2_hour,54115200.0,short,short,short,long,long,short,short,short,short,short,short,short,short,short,short,short,short,short,long,short,neutral,neutral,long,short,long,neutral,neutral,short,short,short,short,short,short,short,short,short,short,short,short,short,short,short,short,short,short,short,long,long,long,long,long,long,long,long,long,long,short
339,2023-09-19 06:00:00,OANDA:GBPUSD,1.23786,1.23817,1.23768,1.23786,4060.0,Interval.in_2_hour,54108000.0,short,short,short,short,long,long,short,short,short,short,short,short,short,short,short,short,short,short,long,short,neutral,neutral,long,short,neutral,neutral,neutral,short,short,short,short,short,short,short,short,short,short,short,short,short,short,short,short,short,short,long,short,long,long,long,long,long,long,long,long,long,long
340,2023-09-19 04:00:00,OANDA:GBPUSD,1.23822,1.23837,1.23753,1.23786,5332.0,Interval.in_2_hour,54100800.0,long,short,short,short,short,long,long,short,short,short,short,short,short,short,short,short,short,short,long,short,neutral,neutral,long,short,short,short,neutral,long,short,short,short,short,short,short,short,short,short,short,short,short,short,short,short,short,short,long,long,short,long,long,long,long,long,long,long,long,long
341,2023-09-19 02:00:00,OANDA:GBPUSD,1.2384,1.23917,1.23801,1.23822,3893.0,Interval.in_2_hour,54093600.0,long,long,short,short,short,short,long,long,short,short,short,short,short,short,short,short,short,short,long,short,neutral,neutral,long,short,short,neutral,neutral,short,short,long,short,short,short,short,short,short,short,short,long,short,short,short,short,short,short,short,short,short,short,long,long,long,long,long,long,long,long
342,2023-09-19 00:00:00,OANDA:GBPUSD,1.2385,1.23891,1.23822,1.2384,886.0,Interval.in_2_hour,54086400.0,long,long,long,short,short,short,short,long,long,short,short,short,short,short,short,short,short,short,long,short,neutral,neutral,long,short,neutral,neutral,neutral,short,long,short,short,long,short,short,short,short,short,long,short,short,short,short,short,short,short,short,short,short,short,short,long,long,long,long,long,long,long
343,2023-09-18 22:00:00,OANDA:GBPUSD,1.23753,1.23875,1.23752,1.2385,3326.0,Interval.in_2_hour,54079200.0,long,long,long,long,short,short,short,short,long,long,short,short,short,short,short,short,short,short,long,short,short,short,long,short,neutral,neutral,neutral,short,short,short,short,short,short,short,short,short,short,short,short,short,short,short,short,short,short,short,short,short,short,short,short,long,long,long,long,long,long
344,2023-09-18 20:00:00,OANDA:GBPUSD,1.23952,1.23991,1.23744,1.23753,4118.0,Interval.in_2_hour,54072000.0,long,long,long,long,long,short,short,short,long,long,long,short,short,short,short,short,short,short,long,short,neutral,neutral,long,short,neutral,neutral,neutral,short,short,long,short,short,short,short,short,long,short,short,short,short,short,short,short,short,short,long,long,long,long,long,long,long,long,long,long,long,long
345,2023-09-18 18:00:00,OANDA:GBPUSD,1.23808,1.24051,1.23788,1.23952,7534.0,Interval.in_2_hour,54064800.0,short,short,short,short,short,short,short,short,short,short,long,long,short,short,short,short,short,short,long,short,neutral,neutral,long,short,long,neutral,neutral,short,long,short,short,short,short,long,long,short,short,short,short,short,short,short,short,short,short,short,short,short,short,short,short,short,short,long,long,long,short
346,2023-09-18 16:00:00,OANDA:GBPUSD,1.23808,1.23934,1.2373,1.23808,10955.0,Interval.in_2_hour,54057600.0,long,long,long,long,long,long,long,short,short,short,short,long,long,short,short,short,short,short,long,short,neutral,neutral,long,short,neutral,neutral,neutral,short,short,short,short,short,short,short,short,short,short,short,short,short,short,short,short,short,short,long,short,long,long,long,short,short,short,short,long,long,long
347,2023-09-18 14:00:00,OANDA:GBPUSD,1.24014,1.2402,1.23774,1.23808,7557.0,Interval.in_2_hour,54050400.0,long,long,long,long,long,long,long,long,short,short,short,short,long,long,short,short,short,short,long,short,long,long,long,short,neutral,neutral,neutral,short,short,short,short,long,long,long,short,short,short,short,short,short,short,short,short,short,short,long,long,short,long,long,long,short,short,short,short,long,long
348,2023-09-18 12:00:00,OANDA:GBPUSD,1.23806,1.24108,1.23804,1.24014,6551.0,Interval.in_2_hour,54043200.0,long,long,short,short,short,short,short,short,short,short,short,short,short,short,long,short,short,short,long,short,neutral,neutral,long,short,neutral,neutral,neutral,short,short,short,long,long,long,short,short,short,short,short,short,short,short,short,short,short,short,short,short,short,short,short,short,short,short,short,short,short,short
349,2023-09-18 10:00:00,OANDA:GBPUSD,1.2388,1.2393,1.23704,1.23806,8081.0,Interval.in_2_hour,54036000.0,long,long,long,long,long,long,long,long,long,long,short,short,short,short,long,long,short,short,long,short,neutral,neutral,long,short,short,neutral,neutral,short,short,short,long,short,short,short,short,short,short,short,short,short,short,short,short,short,short,long,long,long,long,short,long,long,long,short,short,short,short
350,2023-09-18 08:00:00,OANDA:GBPUSD,1.2396,1.24048,1.23873,1.2388,6366.0,Interval.in_2_hour,54028800.0,short,long,long,long,short,long,long,long,long,short,long,short,short,short,short,long,long,short,long,short,neutral,neutral,long,short,neutral,neutral,neutral,short,long,long,long,short,short,short,short,short,short,short,short,short,short,short,short,short,short,short,long,short,short,long,short,short,short,short,short,short,short
351,2023-09-18 06:00:00,OANDA:GBPUSD,1.23892,1.23962,1.23862,1.2396,4518.0,Interval.in_2_hour,54021600.0,short,short,short,long,long,short,short,short,short,short,short,short,short,short,short,short,long,long,long,short,neutral,neutral,long,short,neutral,neutral,neutral,long,long,long,short,short,short,short,short,short,short,short,short,short,short,short,short,short,short,short,short,long,short,short,short,short,short,short,short,short,short
352,2023-09-18 04:00:00,OANDA:GBPUSD,1.23998,1.2404,1.23868,1.23892,6943.0,Interval.in_2_hour,54014400.0,short,short,short,long,long,long,short,long,long,long,long,short,short,short,short,short,short,long,long,short,long,long,long,short,neutral,neutral,neutral,long,long,short,long,short,short,short,short,short,short,short,short,short,short,short,short,short,short,long,short,short,long,short,short,long,short,short,short,short,short
353,2023-09-18 02:00:00,OANDA:GBPUSD,1.23902,1.24022,1.2389,1.23998,3375.0,Interval.in_2_hour,54007200.0,short,short,short,short,short,long,long,short,short,short,short,short,short,short,short,short,short,short,long,long,neutral,neutral,long,short,long,long,neutral,long,short,long,short,short,short,short,short,short,short,short,short,short,short,short,short,short,short,short,short,short,short,long,short,short,short,short,short,short,short
354,2023-09-18 00:00:00,OANDA:GBPUSD,1.23835,1.23915,1.23835,1.23902,899.0,Interval.in_2_hour,54000000.0,short,short,short,short,short,long,long,long,short,long,long,long,short,short,short,short,short,short,long,long,neutral,neutral,long,short,long,neutral,neutral,short,short,short,short,short,short,short,short,short,short,short,short,short,short,short,short,short,short,long,short,long,short,short,long,short,short,long,short,short,short
355,2023-09-15 22:00:00,OANDA:GBPUSD,1.2382,1.23864,1.23788,1.23835,5118.0,Interval.in_2_hour,53820000.0,long,short,short,short,short,short,long,long,long,long,long,long,long,long,long,long,short,short,long,long,short,short,long,short,neutral,neutral,neutral,short,short,short,short,short,short,short,short,short,short,short,short,short,short,short,short,short,short,long,long,long,long,long,short,long,short,short,long,short,long
356,2023-09-15 20:00:00,OANDA:GBPUSD,1.23996,1.24,1.23818,1.2382,6274.0,Interval.in_2_hour,53812800.0,long,long,long,short,short,short,short,long,long,long,long,long,long,long,long,long,long,short,long,long,neutral,neutral,long,short,neutral,neutral,neutral,short,short,short,short,short,short,short,short,short,short,short,short,short,short,short,short,short,short,long,long,long,long,long,long,short,long,short,short,long,short
357,2023-09-15 18:00:00,OANDA:GBPUSD,1.23947,1.2404,1.2385,1.23996,10806.0,Interval.in_2_hour,53805600.0,short,short,short,short,short,short,short,short,short,long,long,short,short,short,short,short,short,short,long,long,neutral,neutral,long,short,long,neutral,neutral,short,short,short,short,short,short,short,short,short,short,short,short,short,short,short,short,short,short,short,short,short,long,short,short,short,short,long,short,short,short
358,2023-09-15 16:00:00,OANDA:GBPUSD,1.23907,1.24258,1.23892,1.23947,17350.0,Interval.in_2_hour,53798400.0,long,short,short,short,short,short,short,short,short,long,long,long,short,short,short,short,short,short,long,long,short,short,long,short,neutral,neutral,neutral,short,short,short,short,short,short,short,short,short,short,short,short,short,short,short,short,short,short,long,short,short,short,long,short,long,short,short,long,short,short
359,2023-09-15 14:00:00,OANDA:GBPUSD,1.24134,1.24146,1.23902,1.23907,9784.0,Interval.in_2_hour,53791200.0,short,long,short,short,short,short,short,short,short,short,long,long,long,short,long,long,long,short,long,long,neutral,neutral,long,short,short,neutral,neutral,short,short,short,short,short,short,short,short,short,short,short,short,short,short,short,short,short,short,long,long,short,short,short,long,short,long,short,short,long,short
360,2023-09-15 12:00:00,OANDA:GBPUSD,1.24402,1.24404,1.24122,1.24134,7359.0,Interval.in_2_hour,53784000.0,short,short,short,short,short,short,short,short,short,short,short,short,short,short,short,short,short,short,long,long,long,long,long,short,neutral,neutral,neutral,long,long,long,long,long,long,long,short,short,short,short,short,short,short,short,short,short,short,short,short,short,short,short,short,short,short,short,short,short,short
361,2023-09-15 10:00:00,OANDA:GBPUSD,1.2427,1.2446,1.2416,1.24402,11221.0,Interval.in_2_hour,53776800.0,short,short,short,short,short,short,short,short,short,short,short,short,short,short,short,short,short,short,long,long,neutral,neutral,long,short,neutral,neutral,neutral,long,long,long,long,long,long,long,short,short,short,short,short,short,short,short,short,short,short,short,short,short,short,short,short,short,short,short,short,short,short
362,2023-09-15 08:00:00,OANDA:GBPUSD,1.24288,1.24338,1.2421,1.2427,8717.0,Interval.in_2_hour,53769600.0,short,short,short,short,short,short,short,short,short,short,short,short,short,short,short,short,short,short,long,long,neutral,neutral,long,short,neutral,neutral,neutral,long,long,long,long,long,short,short,short,short,short,short,short,short,short,short,short,short,short,long,short,short,short,short,short,short,short,short,short,short,short
363,2023-09-15 06:00:00,OANDA:GBPUSD,1.2419,1.24302,1.24152,1.24288,4981.0,Interval.in_2_hour,53762400.0,short,short,short,short,short,short,short,short,short,short,short,short,short,short,short,short,short,short,long,long,neutral,neutral,long,short,long,long,neutral,long,long,long,long,short,short,short,short,short,short,short,short,short,short,short,short,short,short,short,long,short,short,short,short,short,short,short,short,short,short
364,2023-09-15 04:00:00,OANDA:GBPUSD,1.24114,1.24222,1.24017,1.2419,8147.0,Interval.in_2_hour,53755200.0,short,short,short,short,short,short,short,short,short,short,short,short,short,short,short,short,short,short,long,long,neutral,neutral,long,short,long,neutral,neutral,long,long,long,short,short,short,short,short,short,short,short,short,short,short,short,short,short,short,long,long,long,short,short,short,short,short,short,short,short,short
365,2023-09-15 02:00:00,OANDA:GBPUSD,1.24089,1.24114,1.23998,1.24114,4445.0,Interval.in_2_hour,53748000.0,short,short,short,short,short,short,short,short,short,short,short,short,short,short,short,short,short,short,long,long,neutral,neutral,long,short,neutral,neutral,neutral,long,short,short,short,short,short,short,short,short,short,short,short,short,short,short,short,short,short,long,long,long,long,long,short,short,short,short,short,short,short
366,2023-09-15 00:00:00,OANDA:GBPUSD,1.24094,1.24125,1.24062,1.24089,1293.0,Interval.in_2_hour,53740800.0,short,short,short,short,short,short,short,short,short,short,short,short,short,short,short,short,short,short,long,long,neutral,neutral,long,short,neutral,neutral,neutral,short,short,short,short,short,short,short,short,short,short,short,short,short,short,short,short,short,short,long,long,long,long,long,long,short,short,short,short,short,short
367,2023-09-14 22:00:00,OANDA:GBPUSD,1.24021,1.24128,1.24019,1.24094,4452.0,Interval.in_2_hour,53733600.0,short,short,short,short,short,short,short,short,short,short,short,short,short,short,short,short,short,short,long,long,neutral,neutral,long,short,neutral,neutral,neutral,short,short,short,short,short,short,short,short,short,short,short,short,short,short,short,short,short,short,short,long,long,long,long,long,long,short,short,short,short,short
368,2023-09-14 20:00:00,OANDA:GBPUSD,1.24143,1.24177,1.23967,1.24021,6473.0,Interval.in_2_hour,53726400.0,short,short,short,short,short,short,short,short,short,short,short,short,short,short,short,short,short,short,long,long,neutral,neutral,long,short,short,short,short,short,short,short,short,short,short,short,short,short,short,short,short,short,short,short,short,short,short,long,long,long,long,long,long,long,long,short,short,short,short
369,2023-09-14 18:00:00,OANDA:GBPUSD,1.2416,1.24256,1.24037,1.24143,10786.0,Interval.in_2_hour,53719200.0,short,short,short,short,short,short,short,short,short,short,short,short,short,short,short,short,short,short,long,long,neutral,neutral,long,short,short,short,short,short,short,short,short,short,short,short,short,short,short,short,short,short,short,short,short,short,short,short,short,short,short,long,long,long,long,short,short,short,short
370,2023-09-14 16:00:00,OANDA:GBPUSD,1.244,1.24609,1.24009,1.2416,24699.0,Interval.in_2_hour,53712000.0,short,short,short,short,short,short,short,short,short,short,short,short,short,short,short,short,short,short,long,long,neutral,neutral,long,short,short,short,short,short,short,short,short,short,short,short,short,short,short,short,short,short,short,short,short,short,short,short,short,short,short,short,long,long,long,long,short,short,short
371,2023-09-14 14:00:00,OANDA:GBPUSD,1.24628,1.24804,1.24146,1.244,21203.0,Interval.in_2_hour,53704800.0,short,short,short,short,short,short,short,short,short,short,short,short,short,short,short,short,short,short,long,long,neutral,neutral,long,short,short,short,short,short,short,short,short,short,short,short,short,short,short,short,short,short,short,short,short,short,short,short,short,short,short,short,short,short,short,short,long,short,short
372,2023-09-14 12:00:00,OANDA:GBPUSD,1.24868,1.24868,1.24605,1.24628,8920.0,Interval.in_2_hour,53697600.0,short,short,short,short,short,short,short,short,short,short,short,short,short,short,short,short,short,short,long,long,neutral,neutral,long,short,short,short,neutral,short,short,short,short,short,short,short,short,short,short,long,long,short,short,short,short,short,short,short,short,short,short,short,short,short,short,short,short,short,short
373,2023-09-14 10:00:00,OANDA:GBPUSD,1.24934,1.24938,1.24796,1.24868,9663.0,Interval.in_2_hour,53690400.0,short,short,short,short,short,short,short,short,short,short,short,short,short,short,short,short,short,short,long,long,neutral,neutral,long,short,short,neutral,neutral,short,short,short,long,short,short,long,long,long,long,long,long,long,short,short,long,long,long,short,short,short,short,short,short,short,short,short,short,short,short
374,2023-09-14 08:00:00,OANDA:GBPUSD,1.25011,1.25064,1.24886,1.24934,6448.0,Interval.in_2_hour,53683200.0,short,short,short,short,short,short,short,short,short,short,short,short,short,short,short,short,short,short,long,long,neutral,neutral,long,short,neutral,neutral,neutral,long,long,long,long,long,long,long,long,long,long,long,long,long,long,long,long,long,long,short,short,short,short,short,short,short,short,short,short,short,short
375,2023-09-14 06:00:00,OANDA:GBPUSD,1.24934,1.25038,1.24928,1.25011,4844.0,Interval.in_2_hour,53676000.0,short,short,short,short,short,short,short,short,short,short,short,short,short,short,short,short,short,short,long,long,neutral,neutral,long,short,neutral,neutral,neutral,long,long,long,long,long,long,long,long,long,long,long,long,long,long,long,long,long,long,short,short,short,short,short,short,short,short,short,short,short,short
376,2023-09-14 04:00:00,OANDA:GBPUSD,1.25022,1.25044,1.24854,1.24934,7396.0,Interval.in_2_hour,53668800.0,short,short,short,short,short,short,short,short,short,short,short,short,short,short,short,short,short,short,long,long,neutral,neutral,long,short,neutral,neutral,neutral,long,long,long,long,long,long,long,long,long,long,long,long,long,long,long,long,long,long,long,long,short,short,short,short,short,short,short,short,short,short
377,2023-09-14 02:00:00,OANDA:GBPUSD,1.24911,1.25036,1.24848,1.25022,3718.0,Interval.in_2_hour,53661600.0,short,short,short,short,short,short,short,short,short,short,short,short,short,short,short,short,short,short,long,long,neutral,neutral,long,short,long,long,neutral,long,long,long,long,long,long,long,long,long,long,long,long,long,long,long,long,long,long,short,short,short,short,short,short,short,short,short,short,short,short
378,2023-09-14 00:00:00,OANDA:GBPUSD,1.24902,1.24918,1.2485,1.24911,2025.0,Interval.in_2_hour,53654400.0,short,short,short,short,short,short,short,short,short,short,short,short,short,short,short,short,short,short,long,long,neutral,neutral,long,short,long,neutral,neutral,short,long,long,long,long,long,long,long,short,short,long,long,long,long,long,long,long,short,long,long,long,long,short,short,short,short,short,short,short,short
379,2023-09-13 22:00:00,OANDA:GBPUSD,1.24874,1.2491,1.2481,1.24902,4688.0,Interval.in_2_hour,53647200.0,short,short,short,short,short,short,short,short,short,short,short,short,short,short,short,short,short,short,long,long,neutral,neutral,long,short,neutral,neutral,neutral,long,long,long,long,long,short,long,short,short,short,long,long,long,long,long,short,short,short,long,long,long,long,long,short,short,short,short,short,short,short
380,2023-09-13 20:00:00,OANDA:GBPUSD,1.24954,1.25063,1.24855,1.24874,7134.0,Interval.in_2_hour,53640000.0,short,short,short,short,short,short,short,short,short,short,short,short,short,short,short,short,short,short,long,long,neutral,neutral,long,short,neutral,neutral,neutral,long,long,long,long,long,long,short,short,long,long,long,long,long,long,long,short,short,short,long,long,long,long,long,long,short,short,short,short,short,short
381,2023-09-13 18:00:00,OANDA:GBPUSD,1.24912,1.25026,1.24817,1.24954,9894.0,Interval.in_2_hour,53632800.0,short,short,short,short,short,short,short,short,short,short,short,short,short,short,short,short,short,short,long,long,neutral,neutral,long,short,long,long,long,long,long,long,long,long,short,short,long,long,long,long,long,long,long,short,short,short,short,short,short,short,long,short,long,short,short,short,short,short,short
382,2023-09-13 16:00:00,OANDA:GBPUSD,1.2486,1.2512,1.24718,1.24912,20972.0,Interval.in_2_hour,53625600.0,short,short,short,short,short,short,short,short,short,short,short,short,short,short,short,short,short,short,long,long,neutral,neutral,long,short,long,long,long,long,long,short,short,short,short,short,long,long,long,long,long,short,short,short,short,short,short,long,short,short,short,long,long,long,long,short,short,short,short
383,2023-09-13 14:00:00,OANDA:GBPUSD,1.24778,1.25002,1.24348,1.2486,18990.0,Interval.in_2_hour,53618400.0,short,short,short,short,short,short,short,short,short,short,short,short,short,short,short,short,short,short,long,long,neutral,neutral,long,short,long,long,neutral,long,short,short,short,short,short,short,long,long,long,long,short,short,short,short,short,short,short,long,long,long,long,long,long,long,long,long,long,short,short
384,2023-09-13 12:00:00,OANDA:GBPUSD,1.24774,1.24869,1.24558,1.24778,9720.0,Interval.in_2_hour,53611200.0,short,short,short,short,short,short,short,short,short,short,short,short,short,short,short,short,short,short,long,long,short,short,long,short,long,neutral,neutral,short,short,short,short,short,short,long,long,long,long,short,short,short,short,short,short,short,short,long,long,long,long,long,long,long,long,long,long,long,short
385,2023-09-13 10:00:00,OANDA:GBPUSD,1.24499,1.24786,1.24414,1.24774,12077.0,Interval.in_2_hour,53604000.0,short,short,short,short,short,short,short,short,short,short,short,short,short,short,short,short,short,short,long,long,neutral,neutral,long,short,neutral,neutral,neutral,short,short,short,short,short,short,short,short,short,short,short,short,short,short,short,short,short,short,long,long,long,long,long,long,long,long,long,long,long,long
386,2023-09-13 08:00:00,OANDA:GBPUSD,1.24946,1.24981,1.24462,1.24499,10426.0,Interval.in_2_hour,53596800.0,long,long,short,short,short,short,short,short,short,short,short,short,short,short,short,short,short,short,long,long,long,neutral,long,short,neutral,neutral,neutral,short,short,short,short,long,long,long,long,short,short,short,short,short,short,short,short,short,short,long,long,long,long,long,long,long,long,long,long,long,long
387,2023-09-13 06:00:00,OANDA:GBPUSD,1.24832,1.24962,1.24822,1.24946,5453.0,Interval.in_2_hour,53589600.0,short,short,short,short,short,short,short,short,short,short,short,short,short,short,short,short,short,short,long,long,neutral,neutral,long,short,neutral,neutral,neutral,short,short,long,long,long,long,long,short,short,short,short,short,short,short,short,short,short,short,short,short,short,short,short,long,short,short,short,long,short,long
388,2023-09-13 04:00:00,OANDA:GBPUSD,1.24942,1.25026,1.24812,1.24832,7794.0,Interval.in_2_hour,53582400.0,long,long,long,short,short,short,short,short,short,short,short,short,short,short,short,short,short,short,long,long,neutral,neutral,long,short,short,neutral,neutral,short,long,long,long,long,long,short,short,short,short,short,short,short,short,short,short,short,short,long,short,short,short,long,long,long,long,long,long,long,long
389,2023-09-13 02:00:00,OANDA:GBPUSD,1.24944,1.25008,1.24908,1.24942,4012.0,Interval.in_2_hour,53575200.0,short,long,short,short,short,short,short,short,short,short,short,short,short,short,short,short,short,short,long,long,neutral,neutral,long,short,neutral,neutral,neutral,long,long,long,long,long,long,short,short,short,short,short,short,short,short,short,short,short,short,short,long,short,short,short,short,short,long,short,short,short,long
390,2023-09-13 00:00:00,OANDA:GBPUSD,1.24936,1.24974,1.24894,1.24944,1379.0,Interval.in_2_hour,53568000.0,long,short,long,short,short,short,short,short,short,short,short,short,short,short,short,short,short,short,long,long,neutral,neutral,long,short,long,long,long,long,long,long,long,long,short,short,short,short,short,short,short,short,short,short,short,short,short,short,short,long,short,short,short,short,short,long,short,short,short
391,2023-09-12 22:00:00,OANDA:GBPUSD,1.24859,1.24988,1.24847,1.24936,4882.0,Interval.in_2_hour,53560800.0,short,long,short,long,short,short,short,short,short,short,short,short,short,short,short,short,short,short,long,long,neutral,neutral,long,short,long,long,neutral,long,long,long,short,short,short,short,short,short,short,short,short,short,short,short,short,short,short,long,long,short,long,short,short,short,short,short,long,short,short
392,2023-09-12 20:00:00,OANDA:GBPUSD,1.24782,1.24904,1.24762,1.24859,5981.0,Interval.in_2_hour,53553600.0,long,long,long,long,long,long,long,short,short,short,short,short,short,short,short,short,short,short,long,long,neutral,neutral,long,short,long,neutral,neutral,long,long,short,short,short,short,short,short,short,short,short,short,short,short,short,short,short,short,long,long,long,short,long,short,short,short,long,long,long,long
393,2023-09-12 18:00:00,OANDA:GBPUSD,1.24652,1.24918,1.24646,1.24782,7507.0,Interval.in_2_hour,53546400.0,long,long,long,long,long,long,long,long,short,short,short,short,short,short,short,short,short,short,long,long,neutral,neutral,long,short,neutral,neutral,neutral,long,short,short,short,short,short,short,short,short,short,short,short,short,short,short,short,short,short,long,long,long,long,long,long,short,short,short,long,long,long
394,2023-09-12 16:00:00,OANDA:GBPUSD,1.24679,1.24755,1.24612,1.24652,12072.0,Interval.in_2_hour,53539200.0,long,long,long,long,long,long,long,long,long,short,short,short,short,short,short,short,short,short,long,long,neutral,neutral,long,short,short,neutral,neutral,short,short,short,short,short,short,short,short,short,short,short,short,short,short,short,short,short,short,long,long,long,long,long,long,long,short,long,long,long,long
395,2023-09-12 14:00:00,OANDA:GBPUSD,1.24686,1.24839,1.24597,1.24679,10276.0,Interval.in_2_hour,53532000.0,long,long,long,long,long,long,long,long,long,long,short,short,short,short,short,short,short,short,long,long,short,short,long,short,neutral,neutral,neutral,short,short,short,short,short,short,short,short,short,short,short,short,short,short,short,short,short,long,short,long,long,long,long,long,long,long,short,long,long,long
396,2023-09-12 12:00:00,OANDA:GBPUSD,1.24676,1.24774,1.24634,1.24686,7158.0,Interval.in_2_hour,53524800.0,long,long,long,long,long,long,long,long,long,long,long,short,short,short,short,short,short,short,long,long,neutral,neutral,long,short,neutral,neutral,neutral,short,short,short,short,short,short,short,short,short,short,short,short,short,short,short,short,long,long,short,short,long,long,long,long,long,long,long,short,long,long
397,2023-09-12 10:00:00,OANDA:GBPUSD,1.25126,1.25161,1.24632,1.24676,11639.0,Interval.in_2_hour,53517600.0,long,long,long,long,long,long,long,long,long,long,long,long,short,short,short,short,short,short,long,long,long,neutral,long,short,neutral,neutral,neutral,short,short,short,short,short,short,short,short,short,short,short,short,short,long,long,long,long,long,long,long,short,long,long,long,long,long,long,long,short,long
398,2023-09-12 08:00:00,OANDA:GBPUSD,1.2511,1.25306,1.24978,1.25126,8228.0,Interval.in_2_hour,53510400.0,short,short,short,short,short,short,short,short,short,short,short,short,short,short,short,short,short,short,long,long,neutral,neutral,long,short,neutral,neutral,neutral,long,long,long,short,short,short,short,short,short,short,long,long,long,long,long,long,long,long,short,short,short,short,short,short,short,short,short,short,short,short
399,2023-09-12 06:00:00,OANDA:GBPUSD,1.25163,1.25184,1.25094,1.2511,4567.0,Interval.in_2_hour,53503200.0,short,short,short,short,short,short,short,short,short,short,short,short,short,short,short,short,short,short,long,long,long,long,long,short,neutral,neutral,neutral,long,long,short,short,short,short,short,short,short,long,long,long,long,long,long,long,long,long,long,short,short,short,short,short,short,short,short,short,short,short
400,2023-09-12 04:00:00,OANDA:GBPUSD,1.2506,1.25236,1.25011,1.25163,7728.0,Interval.in_2_hour,53496000.0,short,short,short,short,short,short,short,short,short,short,short,short,short,short,short,short,short,short,long,long,neutral,neutral,long,short,neutral,neutral,neutral,long,short,short,short,short,short,short,short,long,long,long,long,long,long,long,long,long,long,short,short,short,short,short,short,short,short,short,short,short,short
401,2023-09-12 02:00:00,OANDA:GBPUSD,1.2512,1.25128,1.25034,1.2506,3381.0,Interval.in_2_hour,53488800.0,short,short,short,short,short,short,short,short,short,short,short,short,short,short,short,short,short,short,long,long,neutral,neutral,long,short,neutral,neutral,neutral,short,short,short,short,short,short,short,short,long,long,long,long,long,long,long,long,long,long,long,long,long,short,short,short,short,short,short,short,short,short
402,2023-09-12 00:00:00,OANDA:GBPUSD,1.25094,1.25205,1.2508,1.2512,1099.0,Interval.in_2_hour,53481600.0,short,short,short,short,short,short,short,short,short,short,short,short,short,short,short,short,short,short,long,long,neutral,neutral,long,short,long,neutral,neutral,short,short,short,short,short,short,long,long,long,long,long,long,long,long,long,long,long,long,short,long,short,long,short,short,short,short,short,short,short,short
403,2023-09-11 22:00:00,OANDA:GBPUSD,1.25094,1.25191,1.25076,1.25094,3891.0,Interval.in_2_hour,53474400.0,short,short,short,short,short,short,short,short,short,short,short,short,short,short,short,short,short,short,long,long,neutral,neutral,long,short,neutral,neutral,neutral,short,short,short,short,short,short,long,long,long,long,long,long,long,long,long,long,long,long,long,short,long,long,long,short,short,short,short,short,short,short
404,2023-09-11 20:00:00,OANDA:GBPUSD,1.2522,1.25222,1.25078,1.25094,5692.0,Interval.in_2_hour,53467200.0,short,short,short,short,short,short,short,short,short,short,short,short,short,short,short,short,short,short,long,long,neutral,neutral,long,short,short,neutral,neutral,short,short,short,short,long,long,long,long,long,long,long,long,long,long,long,long,long,long,long,long,short,long,long,long,short,short,short,short,short,short
405,2023-09-11 18:00:00,OANDA:GBPUSD,1.25288,1.2543,1.2521,1.2522,8049.0,Interval.in_2_hour,53460000.0,short,short,short,short,short,short,short,short,short,short,short,short,short,short,short,short,short,short,long,long,neutral,neutral,long,short,neutral,neutral,neutral,long,long,long,long,long,long,long,long,long,long,long,long,long,long,long,long,long,long,short,short,short,short,short,short,short,short,short,short,short,short
406,2023-09-11 16:00:00,OANDA:GBPUSD,1.25274,1.25484,1.25231,1.25288,13578.0,Interval.in_2_hour,53452800.0,short,short,short,short,short,short,short,short,short,short,short,short,short,short,short,short,short,short,long,long,neutral,neutral,long,short,long,neutral,neutral,long,long,long,long,long,long,long,long,long,long,long,long,long,long,long,long,long,long,short,short,short,short,short,short,short,short,short,short,short,short
407,2023-09-11 14:00:00,OANDA:GBPUSD,1.25162,1.25276,1.25009,1.25274,9261.0,Interval.in_2_hour,53445600.0,short,short,short,short,short,short,short,short,short,short,short,short,short,short,short,short,short,short,long,long,neutral,neutral,long,short,neutral,neutral,neutral,long,long,long,long,long,long,long,long,long,long,long,long,long,long,long,long,long,long,long,short,short,short,short,short,short,short,short,short,short,short
408,2023-09-11 12:00:00,OANDA:GBPUSD,1.25198,1.25374,1.25157,1.25162,7119.0,Interval.in_2_hour,53438400.0,short,short,short,short,short,short,short,short,short,short,short,short,short,short,short,short,short,short,long,long,neutral,neutral,long,short,neutral,neutral,neutral,long,long,long,long,long,long,long,long,long,long,long,long,long,long,long,long,long,long,long,long,long,short,short,short,short,long,short,short,short,short
409,2023-09-11 10:00:00,OANDA:GBPUSD,1.25181,1.25309,1.25164,1.25198,8039.0,Interval.in_2_hour,53431200.0,short,short,short,short,short,short,short,short,short,short,short,short,short,short,short,short,short,short,long,long,neutral,neutral,long,short,neutral,neutral,neutral,long,long,long,long,long,long,long,long,long,long,long,long,long,long,long,long,long,long,short,long,long,long,short,short,short,short,short,short,short,short
410,2023-09-11 08:00:00,OANDA:GBPUSD,1.25192,1.25274,1.251,1.25181,8561.0,Interval.in_2_hour,53424000.0,short,short,short,short,short,short,short,short,short,short,short,short,short,short,short,short,short,short,long,long,neutral,neutral,long,short,neutral,neutral,neutral,long,long,long,long,long,long,long,long,long,long,long,long,long,long,long,long,long,long,long,short,long,long,long,short,short,short,short,short,short,short
411,2023-09-11 06:00:00,OANDA:GBPUSD,1.25002,1.25203,1.24962,1.25192,6286.0,Interval.in_2_hour,53416800.0,short,short,short,short,short,short,short,short,short,short,short,short,short,short,short,short,short,short,long,long,neutral,neutral,long,short,long,long,long,long,long,long,long,long,long,long,long,long,long,long,long,long,long,long,long,long,long,short,long,short,long,long,long,short,short,short,short,short,short
412,2023-09-11 04:00:00,OANDA:GBPUSD,1.24868,1.25038,1.24826,1.25002,7060.0,Interval.in_2_hour,53409600.0,long,long,short,short,short,short,short,short,short,short,short,short,short,short,short,short,short,short,long,long,neutral,neutral,long,short,long,long,long,long,long,long,long,long,long,long,long,short,short,long,long,long,long,long,long,long,long,long,long,long,long,long,long,long,long,long,long,long,long
413,2023-09-11 02:00:00,OANDA:GBPUSD,1.24788,1.24945,1.24752,1.24868,5258.0,Interval.in_2_hour,53402400.0,long,long,long,short,short,short,short,short,short,long,long,long,short,long,short,short,short,short,long,long,neutral,neutral,long,short,long,long,neutral,long,long,long,long,short,short,short,short,short,long,long,long,long,long,long,long,long,long,long,long,long,long,long,long,long,long,long,long,long,long
414,2023-09-11 00:00:00,OANDA:GBPUSD,1.24618,1.24845,1.24618,1.24788,2768.0,Interval.in_2_hour,53395200.0,long,long,long,long,short,short,short,short,short,long,long,long,long,long,long,short,short,short,long,long,neutral,neutral,long,short,long,neutral,neutral,short,short,short,short,short,short,short,short,short,short,short,short,short,long,long,long,short,short,long,long,long,long,long,long,long,long,long,long,long,long
415,2023-09-08 22:00:00,OANDA:GBPUSD,1.24514,1.24644,1.24514,1.24618,4781.0,Interval.in_2_hour,53215200.0,long,long,long,long,long,long,long,long,long,long,long,long,long,long,long,long,short,long,long,long,neutral,neutral,long,short,neutral,neutral,neutral,short,short,short,short,short,short,short,short,short,short,short,short,short,short,short,short,short,short,long,long,long,long,long,long,long,long,long,long,long,long
416,2023-09-08 20:00:00,OANDA:GBPUSD,1.24622,1.24702,1.24513,1.24514,6524.0,Interval.in_2_hour,53208000.0,long,long,long,long,long,long,long,long,long,long,long,long,long,long,long,long,long,short,long,long,neutral,neutral,long,short,short,neutral,neutral,short,short,short,short,short,short,short,short,short,short,short,short,short,short,short,short,short,short,long,long,long,long,long,long,long,long,long,long,long,long
417,2023-09-08 18:00:00,OANDA:GBPUSD,1.24854,1.24857,1.24592,1.24622,8843.0,Interval.in_2_hour,53200800.0,long,long,long,long,long,long,long,long,long,long,long,long,long,long,long,long,long,long,long,long,neutral,neutral,long,short,neutral,neutral,neutral,short,short,short,short,short,short,long,long,long,short,long,long,long,short,short,short,short,short,short,short,long,long,long,long,long,long,long,long,long,long
418,2023-09-08 16:00:00,OANDA:GBPUSD,1.24798,1.25142,1.2476,1.24854,13341.0,Interval.in_2_hour,53193600.0,long,long,long,long,long,long,long,long,short,short,short,short,short,long,long,long,long,short,long,long,short,short,long,short,neutral,neutral,neutral,short,short,short,short,long,long,long,long,long,long,long,long,long,short,short,short,short,short,short,short,short,short,long,long,long,long,long,long,long,long
419,2023-09-08 14:00:00,OANDA:GBPUSD,1.24811,1.24982,1.2467,1.24798,10058.0,Interval.in_2_hour,53186400.0,long,long,long,long,long,long,long,long,long,short,short,short,short,short,long,long,long,long,long,long,neutral,neutral,long,short,short,neutral,neutral,short,short,short,short,long,long,long,long,long,long,long,long,short,short,short,short,short,short,long,short,short,short,short,long,long,long,long,long,long,long
420,2023-09-08 12:00:00,OANDA:GBPUSD,1.24866,1.24887,1.24698,1.24811,9434.0,Interval.in_2_hour,53179200.0,long,long,long,long,long,long,long,long,long,long,short,short,short,short,short,long,long,long,long,long,neutral,neutral,long,short,neutral,neutral,neutral,short,short,long,long,long,long,long,long,long,long,long,short,short,short,short,short,short,short,short,long,short,short,short,short,long,long,long,long,long,long
421,2023-09-08 10:00:00,OANDA:GBPUSD,1.24831,1.25004,1.24784,1.24866,13244.0,Interval.in_2_hour,53172000.0,long,long,long,long,long,long,long,long,long,long,long,short,short,short,short,short,short,long,long,long,neutral,neutral,long,short,neutral,neutral,neutral,short,long,long,long,long,long,long,long,long,long,short,short,short,short,short,short,short,short,short,short,short,short,short,short,short,long,long,long,long,long
422,2023-09-08 08:00:00,OANDA:GBPUSD,1.24902,1.25104,1.2482,1.24831,6474.0,Interval.in_2_hour,53164800.0,long,long,long,long,long,long,long,long,long,long,long,long,short,short,short,short,short,long,long,long,neutral,neutral,long,short,short,neutral,neutral,long,long,long,long,long,long,long,long,long,short,short,short,short,short,short,short,short,short,long,short,short,long,short,short,short,short,long,long,long,long
423,2023-09-08 06:00:00,OANDA:GBPUSD,1.24994,1.25004,1.249,1.24902,4311.0,Interval.in_2_hour,53157600.0,long,long,long,long,long,long,long,long,long,long,long,long,long,short,short,short,short,short,long,long,neutral,neutral,long,short,neutral,neutral,neutral,long,long,long,long,long,long,long,long,long,short,short,short,short,short,short,short,short,short,short,short,short,short,short,short,short,short,short,short,long,long
424,2023-09-08 04:00:00,OANDA:GBPUSD,1.24916,1.25018,1.2474,1.24994,7161.0,Interval.in_2_hour,53150400.0,long,long,long,long,long,long,long,long,long,long,long,long,long,long,short,short,short,short,long,long,neutral,neutral,long,short,long,neutral,neutral,long,long,long,long,long,long,long,long,short,short,short,short,short,short,short,short,short,short,short,short,short,short,short,short,short,short,short,short,short,long
425,2023-09-08 02:00:00,OANDA:GBPUSD,1.24704,1.2494,1.24686,1.24916,4420.0,Interval.in_2_hour,53143200.0,long,long,long,long,long,long,long,long,long,long,long,long,long,long,long,short,short,short,long,long,neutral,neutral,long,short,neutral,neutral,neutral,long,long,long,long,long,long,short,short,short,short,short,short,short,short,short,short,short,short,long,short,short,short,short,short,short,short,short,short,short,short
426,2023-09-08 00:00:00,OANDA:GBPUSD,1.24713,1.24766,1.24704,1.24704,1202.0,Interval.in_2_hour,53136000.0,long,long,long,long,long,long,long,long,long,long,long,long,long,long,long,long,short,short,long,long,neutral,neutral,long,short,neutral,neutral,neutral,short,long,long,long,short,short,short,short,short,short,short,short,short,short,short,short,short,short,long,long,long,long,long,long,long,long,short,short,short,long
427,2023-09-07 22:00:00,OANDA:GBPUSD,1.24697,1.24792,1.24679,1.24713,4244.0,Interval.in_2_hour,53128800.0,long,long,long,long,long,long,long,long,long,long,long,long,long,long,long,long,long,short,long,long,neutral,neutral,long,short,neutral,neutral,neutral,long,long,long,short,short,short,short,short,short,short,short,short,short,short,short,short,short,short,short,long,long,long,long,long,long,long,long,short,short,short
428,2023-09-07 20:00:00,OANDA:GBPUSD,1.2475,1.24871,1.24696,1.24697,6042.0,Interval.in_2_hour,53121600.0,short,long,long,long,long,long,long,long,long,long,long,long,long,long,long,long,long,long,long,long,neutral,neutral,long,short,short,neutral,neutral,long,long,short,short,short,short,short,short,short,short,short,short,short,short,short,short,short,short,long,long,long,long,long,long,long,long,long,long,short,short
429,2023-09-07 18:00:00,OANDA:GBPUSD,1.24754,1.24901,1.24681,1.2475,8998.0,Interval.in_2_hour,53114400.0,short,short,long,long,long,long,long,long,long,long,long,long,long,long,long,long,long,long,long,long,neutral,neutral,long,short,neutral,neutral,neutral,long,short,short,short,short,short,short,short,short,short,short,short,short,short,short,short,short,short,short,short,short,long,long,long,long,long,long,long,long,short
430,2023-09-07 16:00:00,OANDA:GBPUSD,1.24622,1.24785,1.24472,1.24754,15126.0,Interval.in_2_hour,53107200.0,short,short,short,long,long,long,long,long,long,long,long,long,long,long,long,long,long,long,long,long,neutral,neutral,long,short,long,neutral,neutral,short,short,short,short,short,short,short,short,short,short,short,short,short,short,short,short,short,short,short,short,short,short,long,long,long,long,long,long,long,long
431,2023-09-07 14:00:00,OANDA:GBPUSD,1.24553,1.24695,1.24458,1.24622,11512.0,Interval.in_2_hour,53100000.0,long,long,short,short,long,long,long,long,long,long,long,long,long,long,long,long,long,long,long,long,neutral,neutral,long,short,neutral,neutral,neutral,short,short,short,short,short,short,short,short,short,short,short,short,short,short,short,short,short,short,long,long,long,long,long,long,long,long,long,long,long,long
432,2023-09-07 12:00:00,OANDA:GBPUSD,1.24781,1.24882,1.24504,1.24553,8978.0,Interval.in_2_hour,53092800.0,long,long,long,short,long,long,long,long,long,long,long,long,long,long,long,long,long,long,long,long,short,short,long,short,short,short,neutral,short,short,short,short,short,short,short,short,short,short,short,short,short,short,short,short,short,short,long,long,long,long,long,long,long,long,long,long,long,long
433,2023-09-07 10:00:00,OANDA:GBPUSD,1.24812,1.24857,1.24574,1.24781,13081.0,Interval.in_2_hour,53085600.0,long,long,long,short,short,short,long,long,long,long,long,long,long,long,long,long,long,long,long,long,neutral,neutral,long,short,short,neutral,neutral,short,short,short,short,short,short,short,short,short,short,short,short,short,short,short,short,short,short,short,short,short,short,short,short,short,long,long,long,long,long
434,2023-09-07 08:00:00,OANDA:GBPUSD,1.24982,1.25086,1.2478,1.24812,7962.0,Interval.in_2_hour,53078400.0,long,short,short,long,short,short,short,short,long,long,long,long,long,long,long,long,long,long,long,long,neutral,neutral,long,short,neutral,neutral,neutral,short,short,short,short,short,short,short,short,short,short,short,short,short,short,short,short,short,short,short,short,short,short,short,short,short,short,long,long,long,long
435,2023-09-07 06:00:00,OANDA:GBPUSD,1.24978,1.25064,1.24942,1.24982,4100.0,Interval.in_2_hour,53071200.0,short,short,short,short,short,short,short,short,short,short,long,long,long,long,long,long,long,long,long,long,neutral,neutral,long,short,long,neutral,neutral,short,short,short,long,short,short,short,short,short,short,short,short,short,short,short,short,short,short,short,short,short,short,short,short,short,short,short,short,long,short
436,2023-09-07 04:00:00,OANDA:GBPUSD,1.2496,1.25025,1.24912,1.24978,5759.0,Interval.in_2_hour,53064000.0,short,short,short,short,short,short,short,short,short,short,short,long,long,long,long,long,long,long,long,long,neutral,neutral,long,short,neutral,neutral,neutral,short,short,long,short,short,short,short,short,short,short,short,short,short,short,short,short,short,short,long,short,short,short,short,short,short,short,short,short,short,long
437,2023-09-07 02:00:00,OANDA:GBPUSD,1.25008,1.25018,1.24926,1.2496,3592.0,Interval.in_2_hour,53056800.0,long,short,short,short,short,short,short,short,short,short,short,short,long,long,long,long,long,long,long,long,short,short,long,short,short,neutral,neutral,short,long,short,short,short,short,short,short,short,short,short,short,short,short,short,short,short,short,long,long,short,short,short,short,short,short,short,short,short,short
438,2023-09-07 00:00:00,OANDA:GBPUSD,1.25076,1.25082,1.25,1.25008,1258.0,Interval.in_2_hour,53049600.0,short,short,short,short,short,short,short,short,short,short,short,short,short,short,long,long,long,long,long,long,neutral,neutral,long,short,neutral,neutral,neutral,long,short,short,short,short,short,short,short,short,short,short,short,short,short,short,short,short,short,short,short,short,short,short,short,short,short,short,short,short,short
439,2023-09-06 22:00:00,OANDA:GBPUSD,1.25064,1.25085,1.25016,1.25076,3946.0,Interval.in_2_hour,53042400.0,short,short,short,short,short,short,short,short,short,short,short,short,short,short,short,long,long,long,long,long,neutral,neutral,long,short,long,long,neutral,short,short,short,short,short,short,short,short,short,short,short,short,short,short,short,short,short,short,short,short,short,short,short,short,short,short,short,short,short,short
440,2023-09-06 20:00:00,OANDA:GBPUSD,1.2502,1.25112,1.24998,1.25064,6460.0,Interval.in_2_hour,53035200.0,short,short,short,short,short,short,short,short,short,short,short,short,short,short,short,short,long,long,long,long,neutral,neutral,long,short,long,neutral,neutral,short,short,short,short,short,short,short,short,short,short,short,short,short,short,short,short,short,short,long,short,short,short,short,short,short,short,short,short,short,short
441,2023-09-06 18:00:00,OANDA:GBPUSD,1.24906,1.25116,1.24871,1.2502,9252.0,Interval.in_2_hour,53028000.0,short,short,short,short,short,short,short,short,short,short,short,short,short,short,short,short,short,long,long,long,neutral,neutral,long,short,neutral,neutral,neutral,short,short,short,short,short,short,short,short,short,short,short,short,short,short,short,short,short,short,long,long,short,short,short,short,short,short,short,short,short,short
442,2023-09-06 16:00:00,OANDA:GBPUSD,1.25549,1.25588,1.2482,1.24906,23392.0,Interval.in_2_hour,53020800.0,short,short,short,short,long,long,short,short,short,short,short,short,short,short,short,short,short,long,long,long,neutral,neutral,long,short,neutral,neutral,neutral,short,short,short,short,short,short,short,short,short,short,short,short,short,short,short,short,short,short,long,long,long,long,long,long,long,short,short,short,short,short
443,2023-09-06 14:00:00,OANDA:GBPUSD,1.2551,1.25672,1.25412,1.25549,10976.0,Interval.in_2_hour,53013600.0,short,short,short,short,short,short,short,short,short,short,short,short,short,short,short,short,short,short,long,long,neutral,neutral,long,short,neutral,neutral,neutral,short,short,short,short,short,short,short,short,short,short,long,short,short,short,short,short,short,short,short,short,short,short,short,short,short,short,short,short,short,short
444,2023-09-06 12:00:00,OANDA:GBPUSD,1.25598,1.25637,1.25434,1.2551,8990.0,Interval.in_2_hour,53006400.0,short,short,short,short,short,short,short,short,short,short,short,short,short,short,short,short,short,short,long,long,neutral,neutral,long,short,short,short,neutral,short,short,short,short,short,short,short,short,short,long,short,short,short,short,short,short,short,short,long,short,short,short,short,short,short,short,short,short,short,short
445,2023-09-06 10:00:00,OANDA:GBPUSD,1.25688,1.25815,1.25468,1.25598,13631.0,Interval.in_2_hour,52999200.0,short,short,short,short,short,short,short,short,short,short,short,short,short,short,short,short,short,short,long,long,neutral,neutral,long,short,short,neutral,neutral,short,long,short,short,short,short,short,short,long,long,short,short,short,short,short,short,short,short,short,short,short,short,short,short,short,short,short,short,short,short
446,2023-09-06 08:00:00,OANDA:GBPUSD,1.25744,1.25881,1.25626,1.25688,8495.0,Interval.in_2_hour,52992000.0,short,short,short,short,short,short,short,short,short,short,short,short,short,short,short,short,short,short,long,long,neutral,neutral,long,short,neutral,neutral,neutral,long,long,long,long,long,long,long,long,long,short,short,short,short,short,short,short,short,short,short,short,short,short,short,short,short,short,short,short,short,short
447,2023-09-06 06:00:00,OANDA:GBPUSD,1.25726,1.25744,1.25672,1.25744,4438.0,Interval.in_2_hour,52984800.0,short,short,short,short,short,short,short,short,short,short,short,short,short,short,short,short,short,short,long,long,neutral,neutral,long,short,long,neutral,neutral,long,long,long,long,long,long,long,long,short,short,short,short,short,short,short,short,short,short,short,short,short,short,short,short,short,short,short,short,short,short
448,2023-09-06 04:00:00,OANDA:GBPUSD,1.25574,1.25729,1.25496,1.25726,7364.0,Interval.in_2_hour,52977600.0,short,short,short,short,short,short,short,short,short,short,short,short,short,short,short,short,short,short,long,long,short,neutral,long,short,neutral,neutral,neutral,short,short,short,long,short,long,long,short,short,short,short,short,short,short,short,short,short,short,long,short,short,short,short,short,short,short,short,short,short,short
449,2023-09-06 02:00:00,OANDA:GBPUSD,1.25688,1.25729,1.25536,1.25574,4268.0,Interval.in_2_hour,52970400.0,short,short,short,short,short,short,short,short,short,short,short,short,short,short,short,short,short,short,long,long,neutral,neutral,long,short,neutral,neutral,neutral,short,short,short,short,long,long,short,short,short,short,short,short,short,short,short,short,short,short,long,long,long,long,short,short,short,short,short,short,short,short
450,2023-09-06 00:00:00,OANDA:GBPUSD,1.25649,1.25699,1.25615,1.25688,906.0,Interval.in_2_hour,52963200.0,short,short,short,short,short,short,short,short,short,short,short,short,short,short,short,short,short,short,long,long,neutral,neutral,long,short,neutral,neutral,neutral,long,long,long,long,long,short,short,short,short,short,short,short,short,short,short,short,short,short,short,long,long,long,short,short,short,short,short,short,short,short
451,2023-09-05 22:00:00,OANDA:GBPUSD,1.25654,1.25666,1.25586,1.25649,4225.0,Interval.in_2_hour,52956000.0,short,short,short,short,short,short,short,short,short,short,short,short,short,short,short,short,short,short,long,long,neutral,neutral,long,short,short,neutral,neutral,long,short,long,long,short,short,short,short,short,short,short,short,short,short,short,short,short,short,long,short,long,long,long,short,short,short,short,short,short,short
452,2023-09-05 20:00:00,OANDA:GBPUSD,1.2577,1.25804,1.25644,1.25654,6084.0,Interval.in_2_hour,52948800.0,short,short,short,short,short,short,short,short,short,short,short,short,short,short,short,short,short,short,long,long,neutral,neutral,long,short,neutral,neutral,neutral,long,long,long,short,short,short,short,short,short,short,short,short,short,short,short,short,short,short,short,long,short,long,long,long,short,short,short,short,short,short
453,2023-09-05 18:00:00,OANDA:GBPUSD,1.25532,1.2587,1.25516,1.2577,9854.0,Interval.in_2_hour,52941600.0,short,short,short,short,short,short,short,short,short,short,short,short,short,short,short,short,short,short,long,long,neutral,neutral,long,short,neutral,neutral,neutral,long,long,short,short,short,short,short,short,short,short,short,short,short,short,short,short,short,short,short,short,short,short,short,short,short,short,short,short,short,short
454,2023-09-05 16:00:00,OANDA:GBPUSD,1.25758,1.25828,1.2547,1.25532,18763.0,Interval.in_2_hour,52934400.0,short,short,short,short,short,short,short,short,short,short,short,short,short,short,short,short,short,short,long,long,neutral,neutral,long,short,neutral,neutral,neutral,long,short,short,short,short,short,short,short,short,short,short,short,short,short,short,short,short,short,long,long,long,long,long,long,long,long,long,short,long,short
455,2023-09-05 14:00:00,OANDA:GBPUSD,1.2555,1.25788,1.25394,1.25758,12973.0,Interval.in_2_hour,52927200.0,short,short,short,short,short,short,short,short,short,short,short,short,short,short,short,short,short,short,long,long,short,neutral,long,short,long,neutral,neutral,short,short,short,short,short,short,short,short,short,short,short,short,short,short,short,short,short,short,short,long,short,short,short,short,short,short,short,short,short,short
456,2023-09-05 12:00:00,OANDA:GBPUSD,1.25351,1.25673,1.25334,1.2555,8905.0,Interval.in_2_hour,52920000.0,short,short,short,short,short,short,short,short,short,short,short,short,short,short,short,short,short,short,long,long,neutral,neutral,long,short,neutral,neutral,neutral,short,short,short,short,short,short,short,short,short,short,short,short,short,short,short,short,short,short,long,short,long,long,long,long,long,long,long,long,long,short
457,2023-09-05 10:00:00,OANDA:GBPUSD,1.2584,1.25964,1.25282,1.25351,14701.0,Interval.in_2_hour,52912800.0,long,long,short,short,short,short,short,short,short,short,short,short,short,short,short,short,short,short,long,long,neutral,neutral,long,short,short,neutral,neutral,short,short,short,short,short,short,short,short,short,short,short,short,short,short,short,short,short,short,long,long,long,long,long,long,long,long,long,long,long,long
458,2023-09-05 08:00:00,OANDA:GBPUSD,1.26262,1.26284,1.25784,1.2584,10024.0,Interval.in_2_hour,52905600.0,short,short,short,short,short,short,short,short,short,short,short,short,short,short,short,short,short,short,long,long,long,neutral,long,short,neutral,neutral,neutral,short,short,short,short,short,short,short,short,short,short,short,long,long,long,long,long,long,short,short,short,short,short,short,short,short,short,short,short,short,short
459,2023-09-05 06:00:00,OANDA:GBPUSD,1.2618,1.26286,1.26126,1.26262,5820.0,Interval.in_2_hour,52898400.0,short,short,short,short,short,short,short,short,short,short,short,short,short,short,short,short,short,short,long,long,neutral,neutral,long,short,neutral,neutral,neutral,short,short,short,short,long,short,short,short,long,long,long,long,long,long,long,long,short,short,short,short,short,short,short,short,short,short,short,short,short,short
460,2023-09-05 04:00:00,OANDA:GBPUSD,1.26299,1.26321,1.26126,1.2618,7306.0,Interval.in_2_hour,52891200.0,short,short,short,short,short,short,short,short,short,short,short,short,short,short,short,short,short,short,long,long,neutral,neutral,long,short,neutral,neutral,neutral,short,short,long,long,short,short,short,long,long,long,long,long,long,long,long,short,short,short,long,short,short,short,short,short,short,short,short,short,short,short
461,2023-09-05 02:00:00,OANDA:GBPUSD,1.26282,1.26306,1.2622,1.26299,2634.0,Interval.in_2_hour,52884000.0,short,short,short,short,short,short,short,short,short,short,short,short,short,short,short,short,short,short,long,long,neutral,neutral,long,short,neutral,neutral,neutral,short,long,long,short,short,long,long,long,long,long,long,long,long,long,short,short,short,short,short,short,short,short,short,short,short,short,short,short,short,short
462,2023-09-05 00:00:00,OANDA:GBPUSD,1.26288,1.26308,1.26226,1.26282,638.0,Interval.in_2_hour,52876800.0,short,short,short,short,short,short,short,short,short,short,short,short,short,short,short,short,short,short,long,long,neutral,neutral,long,short,short,neutral,neutral,long,long,short,short,long,long,long,long,long,long,long,long,long,short,short,short,short,short,long,short,short,short,short,short,short,short,short,short,short,short
463,2023-09-04 22:00:00,OANDA:GBPUSD,1.26324,1.26324,1.26274,1.26288,868.0,Interval.in_2_hour,52869600.0,short,short,short,short,short,short,short,short,short,short,short,short,short,short,short,short,short,short,long,long,neutral,neutral,long,short,neutral,neutral,neutral,long,short,short,long,long,long,long,long,long,long,long,long,short,short,short,short,short,short,short,long,short,short,short,short,short,short,short,short,short,short
464,2023-09-04 20:00:00,OANDA:GBPUSD,1.26287,1.26331,1.26278,1.26324,1911.0,Interval.in_2_hour,52862400.0,short,short,short,short,short,short,short,short,short,short,short,short,short,short,short,short,short,short,long,long,neutral,neutral,long,short,long,neutral,neutral,short,short,long,long,long,long,long,long,long,long,long,short,short,short,short,short,short,short,short,short,short,short,short,short,short,short,short,short,short,short
465,2023-09-04 18:00:00,OANDA:GBPUSD,1.26176,1.26288,1.2615,1.26287,3397.0,Interval.in_2_hour,52855200.0,short,short,short,short,short,short,short,short,short,short,short,short,short,short,short,short,short,short,long,long,neutral,neutral,long,short,neutral,neutral,neutral,short,short,long,long,long,long,long,long,long,long,short,short,short,short,short,short,short,short,long,long,short,long,short,short,short,short,short,short,short,short
466,2023-09-04 16:00:00,OANDA:GBPUSD,1.26256,1.26394,1.26174,1.26176,7089.0,Interval.in_2_hour,52848000.0,short,short,short,short,short,short,short,short,short,short,short,short,short,short,short,short,short,short,long,long,neutral,neutral,long,short,short,neutral,neutral,short,long,long,long,long,long,long,long,long,short,short,short,short,short,short,short,short,short,long,long,long,long,long,long,long,short,short,short,short,short
467,2023-09-04 14:00:00,OANDA:GBPUSD,1.2636,1.26385,1.26214,1.26256,6008.0,Interval.in_2_hour,52840800.0,short,short,short,short,short,short,short,short,short,short,short,short,short,short,short,short,short,short,long,long,long,long,long,short,neutral,neutral,neutral,long,long,long,long,long,long,long,long,short,short,short,short,short,short,short,short,short,short,short,long,long,long,long,long,short,long,short,short,short,short
468,2023-09-04 12:00:00,OANDA:GBPUSD,1.26324,1.26426,1.26242,1.2636,6407.0,Interval.in_2_hour,52833600.0,short,short,short,short,short,short,short,short,short,short,short,short,short,short,short,short,short,short,long,long,neutral,neutral,long,short,long,long,long,long,long,long,long,long,long,long,short,short,short,short,short,short,short,short,short,short,short,short,short,short,short,short,short,short,short,short,short,short,short
469,2023-09-04 10:00:00,OANDA:GBPUSD,1.2616,1.26338,1.26114,1.26324,7462.0,Interval.in_2_hour,52826400.0,short,short,short,short,short,short,short,short,short,short,short,short,short,short,short,short,short,short,long,long,neutral,neutral,long,short,long,long,long,long,long,long,long,long,long,short,short,short,short,short,short,short,short,short,short,short,short,long,short,short,short,long,short,short,short,short,short,short,short
470,2023-09-04 08:00:00,OANDA:GBPUSD,1.26076,1.26182,1.26056,1.2616,6563.0,Interval.in_2_hour,52819200.0,short,short,short,short,short,short,short,short,short,short,short,short,short,short,short,short,short,short,long,long,neutral,neutral,long,short,long,long,long,long,long,long,long,long,short,short,short,short,short,short,short,short,short,short,short,short,short,long,long,long,long,long,long,long,long,long,long,long,short
471,2023-09-04 06:00:00,OANDA:GBPUSD,1.26028,1.26076,1.25996,1.26076,3570.0,Interval.in_2_hour,52812000.0,short,short,short,short,short,short,short,short,short,short,short,short,short,short,short,short,short,short,long,long,neutral,neutral,long,short,long,long,long,long,long,long,long,short,short,short,short,short,short,short,short,short,short,short,short,short,short,long,long,long,long,long,long,long,long,long,long,long,long
472,2023-09-04 04:00:00,OANDA:GBPUSD,1.25958,1.26058,1.25888,1.26028,6104.0,Interval.in_2_hour,52804800.0,long,short,short,short,short,short,short,short,short,short,short,short,short,short,short,short,short,short,long,long,neutral,neutral,long,short,long,long,neutral,long,long,short,short,short,short,short,short,short,short,short,short,short,short,short,short,short,short,long,long,long,long,long,long,long,long,long,long,long,long
473,2023-09-04 02:00:00,OANDA:GBPUSD,1.25884,1.25987,1.25866,1.25958,2987.0,Interval.in_2_hour,52797600.0,long,long,short,short,short,short,short,short,short,short,short,short,short,short,short,short,short,short,long,long,neutral,neutral,long,short,long,neutral,neutral,long,short,short,short,short,short,short,short,short,short,short,short,short,short,short,short,short,short,long,long,long,long,long,long,long,long,long,long,long,long
474,2023-09-04 00:00:00,OANDA:GBPUSD,1.25879,1.25977,1.25878,1.25884,1751.0,Interval.in_2_hour,52790400.0,long,long,long,short,short,short,short,short,short,short,short,short,short,short,short,short,short,short,long,long,neutral,neutral,long,short,neutral,neutral,neutral,short,short,short,short,short,short,short,short,short,short,short,short,short,short,short,short,short,short,long,long,long,long,long,long,long,long,long,long,long,long
475,2023-09-01 22:00:00,OANDA:GBPUSD,1.25933,1.25962,1.25848,1.25879,3410.0,Interval.in_2_hour,52610400.0,long,long,long,long,short,short,short,short,short,short,short,short,short,short,short,short,short,short,long,long,neutral,neutral,long,short,neutral,neutral,neutral,short,short,short,short,short,short,short,short,short,short,short,short,short,short,short,short,short,short,long,long,long,long,long,long,long,long,long,long,long,long
476,2023-09-01 20:00:00,OANDA:GBPUSD,1.25889,1.25992,1.25854,1.25933,5265.0,Interval.in_2_hour,52603200.0,long,long,long,long,long,short,short,short,short,short,short,short,short,short,short,short,short,short,long,long,neutral,neutral,long,short,neutral,neutral,neutral,short,short,short,short,short,short,short,short,short,short,short,short,short,short,short,short,short,short,short,short,long,long,long,long,long,long,long,long,long,long
477,2023-09-01 18:00:00,OANDA:GBPUSD,1.26202,1.26222,1.25774,1.25889,11798.0,Interval.in_2_hour,52596000.0,long,long,long,long,long,long,short,short,short,short,short,short,short,short,short,short,short,short,long,long,neutral,neutral,long,short,short,neutral,neutral,short,short,short,short,short,short,short,short,short,short,short,short,short,short,short,short,short,short,long,short,short,long,long,long,long,long,long,long,long,long
478,2023-09-01 16:00:00,OANDA:GBPUSD,1.26918,1.27028,1.26119,1.26202,29431.0,Interval.in_2_hour,52588800.0,long,long,long,long,long,short,long,short,short,short,short,short,short,short,short,short,short,short,long,long,neutral,neutral,long,short,neutral,neutral,neutral,short,short,short,short,short,short,short,short,short,short,short,short,short,short,short,short,short,short,short,short,short,short,short,short,short,short,long,long,long,short
479,2023-09-01 14:00:00,OANDA:GBPUSD,1.26788,1.27132,1.26675,1.26918,15824.0,Interval.in_2_hour,52581600.0,short,short,short,short,short,short,short,short,short,short,short,short,short,short,short,short,short,short,long,short,short,neutral,long,short,long,long,neutral,long,long,long,long,long,long,long,long,long,long,short,short,short,short,short,short,short,short,short,short,short,short,short,short,short,short,short,short,short,short
480,2023-09-01 12:00:00,OANDA:GBPUSD,1.26752,1.26853,1.26704,1.26788,7339.0,Interval.in_2_hour,52574400.0,short,short,short,short,short,short,short,short,short,short,short,short,short,short,short,short,short,short,long,short,neutral,neutral,long,short,long,neutral,neutral,long,long,long,long,long,long,long,short,short,short,short,short,short,short,short,short,short,short,long,short,short,short,short,short,short,short,short,short,short,short
481,2023-09-01 10:00:00,OANDA:GBPUSD,1.26556,1.26898,1.26548,1.26752,9382.0,Interval.in_2_hour,52567200.0,short,short,short,short,short,short,short,short,short,short,short,short,short,short,short,short,short,short,long,short,short,neutral,long,short,neutral,neutral,neutral,long,short,short,short,long,short,short,short,short,short,short,short,short,short,short,short,short,short,long,long,short,short,short,short,short,short,short,short,short,short
482,2023-09-01 08:00:00,OANDA:GBPUSD,1.26685,1.26704,1.26402,1.26556,7072.0,Interval.in_2_hour,52560000.0,short,short,short,short,short,short,short,short,short,short,short,short,short,short,short,short,short,short,long,short,neutral,neutral,long,short,neutral,neutral,neutral,short,short,short,short,short,short,short,short,short,short,short,short,short,short,short,short,short,short,long,long,long,short,short,short,short,short,short,short,short,short
483,2023-09-01 06:00:00,OANDA:GBPUSD,1.26662,1.26699,1.26592,1.26685,4881.0,Interval.in_2_hour,52552800.0,short,short,short,short,short,short,short,short,short,short,short,short,short,short,short,short,short,short,long,short,neutral,neutral,long,short,long,neutral,neutral,short,short,long,short,short,short,short,short,short,short,short,short,short,short,short,short,short,short,short,long,long,long,short,short,short,short,short,short,short,short
484,2023-09-01 04:00:00,OANDA:GBPUSD,1.26634,1.26839,1.26622,1.26662,6939.0,Interval.in_2_hour,52545600.0,short,short,short,short,short,short,short,short,short,short,short,short,short,short,short,short,short,short,long,short,neutral,neutral,long,short,neutral,neutral,neutral,short,long,short,short,short,short,short,short,short,short,short,short,short,short,short,short,short,long,long,short,long,long,long,short,short,short,short,short,short,short
485,2023-09-01 02:00:00,OANDA:GBPUSD,1.26713,1.26746,1.26584,1.26634,3815.0,Interval.in_2_hour,52538400.0,short,short,short,short,short,short,short,short,short,short,short,short,short,short,short,short,short,short,long,short,neutral,neutral,long,short,short,neutral,neutral,long,short,short,short,short,short,short,short,short,short,short,short,short,short,short,short,long,long,long,long,short,long,long,long,short,short,short,short,short,short
486,2023-09-01 00:00:00,OANDA:GBPUSD,1.26721,1.2677,1.26668,1.26713,2996.0,Interval.in_2_hour,52531200.0,short,short,short,short,short,short,short,short,short,short,short,short,short,short,short,short,short,short,long,short,neutral,neutral,long,short,neutral,neutral,neutral,long,short,short,short,short,short,short,short,short,short,short,short,short,short,short,long,long,long,short,short,short,short,long,long,long,short,short,short,short,short
487,2023-08-31 22:00:00,OANDA:GBPUSD,1.2665,1.26745,1.26644,1.26721,5076.0,Interval.in_2_hour,52524000.0,short,short,short,short,short,short,short,short,short,short,short,short,short,short,short,short,short,short,long,short,neutral,neutral,long,short,long,neutral,neutral,short,short,short,short,short,short,short,short,short,short,short,short,short,short,long,long,long,long,short,short,short,short,short,long,long,long,short,short,short,short
488,2023-08-31 20:00:00,OANDA:GBPUSD,1.2663,1.26744,1.26608,1.2665,6540.0,Interval.in_2_hour,52516800.0,short,short,short,short,short,short,short,short,short,short,short,short,short,short,short,short,short,short,long,short,neutral,neutral,long,short,neutral,neutral,neutral,short,short,short,short,short,short,short,short,short,short,short,short,short,long,long,long,long,long,long,long,short,long,long,short,long,long,long,short,short,short
489,2023-08-31 18:00:00,OANDA:GBPUSD,1.26732,1.2677,1.26566,1.2663,10783.0,Interval.in_2_hour,52509600.0,short,short,short,short,short,short,short,short,short,short,short,short,short,short,short,short,short,short,long,short,neutral,neutral,long,short,short,neutral,neutral,short,short,short,short,short,short,short,short,short,short,short,short,long,long,long,long,long,long,long,long,long,long,long,long,short,long,long,long,short,short
490,2023-08-31 16:00:00,OANDA:GBPUSD,1.26852,1.26876,1.26526,1.26732,19459.0,Interval.in_2_hour,52502400.0,short,short,short,short,short,short,short,short,short,short,short,short,short,short,short,short,short,short,long,short,neutral,neutral,long,short,neutral,neutral,neutral,short,short,short,short,short,short,short,short,short,short,short,long,long,long,long,long,long,long,short,short,short,short,short,short,short,short,long,long,long,short
491,2023-08-31 14:00:00,OANDA:GBPUSD,1.26798,1.26967,1.26635,1.26852,14052.0,Interval.in_2_hour,52495200.0,short,short,short,short,short,short,short,short,short,short,short,short,short,short,short,short,short,short,long,short,neutral,neutral,long,short,neutral,neutral,neutral,short,short,short,short,short,short,short,short,short,short,long,long,long,long,long,long,long,long,short,short,short,short,short,short,short,short,short,short,short,long
492,2023-08-31 12:00:00,OANDA:GBPUSD,1.26958,1.26973,1.26718,1.26798,11587.0,Interval.in_2_hour,52488000.0,long,short,short,short,short,short,short,short,short,short,short,short,short,short,short,short,short,short,long,short,neutral,neutral,long,short,short,short,neutral,short,short,short,short,short,short,short,short,short,long,long,long,long,long,long,long,long,long,long,short,short,short,short,short,short,short,short,short,short,short
493,2023-08-31 10:00:00,OANDA:GBPUSD,1.27022,1.27218,1.26944,1.26958,12705.0,Interval.in_2_hour,52480800.0,short,short,short,short,short,short,short,short,short,short,short,short,short,short,short,short,short,short,long,short,neutral,neutral,long,short,short,neutral,neutral,short,short,short,short,short,short,short,long,long,long,long,long,long,long,long,long,long,long,short,short,short,short,short,short,short,short,short,short,short,short
494,2023-08-31 08:00:00,OANDA:GBPUSD,1.27236,1.27246,1.27021,1.27022,7825.0,Interval.in_2_hour,52473600.0,short,short,short,short,short,short,short,short,short,short,short,short,short,short,short,short,short,short,long,short,long,long,long,short,neutral,neutral,neutral,short,short,short,short,short,short,long,long,long,long,long,long,long,long,long,long,long,long,short,short,short,short,short,short,short,short,short,short,short,short
495,2023-08-31 06:00:00,OANDA:GBPUSD,1.27232,1.27248,1.27194,1.27236,5134.0,Interval.in_2_hour,52466400.0,short,short,short,short,short,short,short,short,short,short,short,short,short,short,short,short,short,short,long,short,long,long,long,short,long,neutral,neutral,long,long,long,long,long,long,long,long,long,long,long,long,long,long,long,long,long,long,short,short,short,short,short,short,short,short,short,short,short,short
496,2023-08-31 04:00:00,OANDA:GBPUSD,1.27204,1.27346,1.27192,1.27232,7532.0,Interval.in_2_hour,52459200.0,short,short,short,short,short,short,short,short,short,short,short,short,short,short,short,short,short,short,long,short,neutral,neutral,long,short,neutral,neutral,neutral,long,long,long,long,long,long,long,long,long,long,long,long,long,long,long,long,long,long,long,short,short,short,short,short,short,short,short,short,short,short
497,2023-08-31 02:00:00,OANDA:GBPUSD,1.27214,1.2723,1.27109,1.27204,4548.0,Interval.in_2_hour,52452000.0,short,short,short,short,short,short,short,short,short,short,short,short,short,short,short,short,short,short,short,short,neutral,neutral,long,short,neutral,neutral,neutral,long,short,long,long,long,long,long,long,long,long,long,long,long,long,long,long,long,long,long,long,short,short,short,short,short,short,short,short,short,short
498,2023-08-31 00:00:00,OANDA:GBPUSD,1.27213,1.27228,1.27144,1.27214,2564.0,Interval.in_2_hour,52444800.0,short,short,short,short,short,short,short,short,short,short,short,short,short,short,short,short,short,short,short,short,neutral,neutral,long,short,long,long,neutral,short,long,long,long,long,long,long,long,long,long,long,long,long,long,long,long,long,long,short,long,long,short,short,short,short,short,short,short,short,short
499,2023-08-30 22:00:00,OANDA:GBPUSD,1.27168,1.27224,1.27138,1.27213,4952.0,Interval.in_2_hour,52437600.0,short,short,short,short,short,short,short,short,short,short,short,short,short,short,short,short,short,short,short,short,neutral,neutral,long,short,long,neutral,neutral,short,long,long,long,long,long,long,long,long,long,long,long,long,long,long,long,long,long,long,short,long,long,short,short,short,short,short,short,short,short
500,2023-08-30 20:00:00,OANDA:GBPUSD,1.27162,1.27292,1.27068,1.27168,7075.0,Interval.in_2_hour,52430400.0,short,short,short,short,short,short,short,short,short,short,short,short,short,short,short,short,short,short,short,short,neutral,neutral,long,short,neutral,neutral,neutral,long,long,long,long,long,long,long,long,long,long,long,long,long,long,long,long,long,long,long,long,long,long,long,short,short,short,short,short,short,short
501,2023-08-30 18:00:00,OANDA:GBPUSD,1.27268,1.27352,1.27108,1.27162,9748.0,Interval.in_2_hour,52423200.0,short,short,short,short,short,short,short,short,short,short,short,short,short,short,short,short,short,short,short,short,neutral,neutral,long,short,neutral,neutral,neutral,long,long,long,long,long,long,long,long,long,long,long,long,long,long,long,long,long,long,long,long,long,long,long,long,short,short,short,short,short,short
502,2023-08-30 16:00:00,OANDA:GBPUSD,1.27137,1.27466,1.27022,1.27268,20609.0,Interval.in_2_hour,52416000.0,short,short,short,short,short,short,short,short,short,short,short,short,short,short,short,short,short,short,short,short,neutral,neutral,long,short,long,long,long,long,long,long,long,long,long,long,long,long,long,long,long,long,long,long,long,long,long,short,short,short,short,short,short,short,short,short,short,short,short
503,2023-08-30 14:00:00,OANDA:GBPUSD,1.26648,1.27212,1.26498,1.27137,16753.0,Interval.in_2_hour,52408800.0,short,short,short,short,short,short,short,short,short,short,short,short,short,short,short,short,short,short,short,short,neutral,neutral,long,short,long,long,long,long,long,long,long,long,long,long,long,long,long,long,long,long,long,long,long,long,long,long,long,long,long,long,long,long,long,short,short,short,short
504,2023-08-30 12:00:00,OANDA:GBPUSD,1.26384,1.26698,1.26356,1.26648,9725.0,Interval.in_2_hour,52401600.0,long,long,short,long,long,long,short,long,long,short,long,long,long,short,short,short,short,short,long,long,neutral,neutral,long,short,long,long,neutral,long,long,long,long,long,long,long,long,long,long,long,long,long,long,long,long,long,long,long,long,long,long,long,long,long,long,long,long,long,long
505,2023-08-30 10:00:00,OANDA:GBPUSD,1.26309,1.26477,1.26202,1.26384,12558.0,Interval.in_2_hour,52394400.0,long,long,long,long,long,long,long,long,long,long,long,long,long,long,short,short,short,short,long,long,neutral,neutral,long,short,long,neutral,neutral,long,short,short,short,long,long,long,long,long,long,long,long,long,long,long,long,long,long,long,long,long,long,long,long,long,long,long,long,long,long
506,2023-08-30 08:00:00,OANDA:GBPUSD,1.26228,1.2643,1.2619,1.26309,9017.0,Interval.in_2_hour,52387200.0,long,long,long,long,long,long,long,long,long,long,long,long,long,long,long,short,short,short,long,long,short,neutral,long,short,neutral,neutral,neutral,short,short,short,short,long,long,long,long,long,long,long,long,long,long,long,long,long,long,long,long,long,long,long,long,long,long,long,long,long,long
507,2023-08-30 06:00:00,OANDA:GBPUSD,1.26282,1.26309,1.26226,1.26228,5057.0,Interval.in_2_hour,52380000.0,long,long,long,long,long,long,long,long,long,long,long,long,long,long,long,long,short,short,long,long,neutral,neutral,long,short,short,short,neutral,short,short,short,long,long,long,long,long,long,long,long,long,long,long,long,long,long,long,long,long,long,long,long,long,long,long,long,long,long,long
508,2023-08-30 04:00:00,OANDA:GBPUSD,1.26409,1.26425,1.26253,1.26282,6244.0,Interval.in_2_hour,52372800.0,long,long,long,long,long,long,long,long,long,long,long,long,long,long,long,long,long,short,long,long,neutral,short,long,short,short,neutral,neutral,short,long,long,long,long,long,long,long,long,long,long,long,long,long,long,long,long,long,short,long,long,long,long,long,long,long,long,long,long,long
509,2023-08-30 02:00:00,OANDA:GBPUSD,1.26488,1.265,1.26324,1.26409,3821.0,Interval.in_2_hour,52365600.0,long,long,long,long,long,long,long,long,long,long,long,long,long,long,long,long,long,long,long,long,long,neutral,long,short,neutral,neutral,neutral,long,long,long,long,long,long,long,long,long,long,long,long,long,long,long,long,long,long,short,short,short,short,long,long,long,long,long,long,long,long
510,2023-08-30 00:00:00,OANDA:GBPUSD,1.26432,1.26502,1.26414,1.26488,2560.0,Interval.in_2_hour,52358400.0,long,long,long,long,long,long,long,long,long,long,long,long,long,long,long,long,long,long,long,long,neutral,neutral,long,short,long,long,long,long,long,long,long,long,long,long,long,long,long,long,long,long,long,long,long,long,long,short,short,short,short,short,long,long,long,long,long,long,long
511,2023-08-29 22:00:00,OANDA:GBPUSD,1.26334,1.2655,1.26321,1.26432,5836.0,Interval.in_2_hour,52351200.0,long,long,long,long,long,long,long,long,long,long,long,long,long,long,long,long,long,long,long,long,neutral,neutral,long,short,long,long,long,long,long,long,long,long,long,long,long,long,long,long,long,long,long,long,long,long,long,long,short,short,short,short,short,long,long,long,long,long,long
512,2023-08-29 20:00:00,OANDA:GBPUSD,1.26208,1.26392,1.26204,1.26334,8392.0,Interval.in_2_hour,52344000.0,long,long,long,long,long,long,long,long,long,long,long,long,long,long,long,long,long,long,long,long,neutral,neutral,long,short,long,long,neutral,long,long,long,long,long,long,long,long,long,long,long,long,long,long,long,long,long,long,long,long,long,short,short,short,long,long,long,long,long,long
513,2023-08-29 18:00:00,OANDA:GBPUSD,1.2588,1.26314,1.25865,1.26208,12173.0,Interval.in_2_hour,52336800.0,long,long,long,long,long,long,long,long,long,long,long,long,long,long,long,long,long,long,long,long,neutral,neutral,long,short,long,neutral,neutral,long,short,short,short,short,short,short,long,long,long,long,long,long,long,long,long,long,long,long,long,long,long,long,long,long,long,long,long,long,long
514,2023-08-29 16:00:00,OANDA:GBPUSD,1.25738,1.26342,1.2563,1.2588,24292.0,Interval.in_2_hour,52329600.0,long,long,long,long,long,long,long,long,long,long,long,long,long,long,long,long,long,long,long,long,short,neutral,long,short,neutral,neutral,neutral,short,short,short,short,short,short,short,short,short,short,short,long,short,short,short,short,short,long,long,long,long,long,long,long,long,long,long,long,long,long
515,2023-08-29 14:00:00,OANDA:GBPUSD,1.25904,1.2597,1.25628,1.25738,11666.0,Interval.in_2_hour,52322400.0,long,long,long,long,long,long,long,long,long,long,long,long,long,long,long,long,long,long,long,long,neutral,neutral,long,short,short,short,short,short,short,short,short,short,short,short,short,short,short,long,short,short,short,short,short,long,short,long,long,long,long,long,long,long,long,long,long,long,long
516,2023-08-29 12:00:00,OANDA:GBPUSD,1.26118,1.26172,1.25853,1.25904,9249.0,Interval.in_2_hour,52315200.0,long,long,long,long,long,long,long,long,long,long,long,long,long,long,long,long,long,long,long,long,neutral,neutral,long,short,short,short,short,short,short,short,short,short,long,long,long,long,long,long,short,long,long,long,long,long,long,short,short,long,long,long,long,long,long,long,long,long,long
517,2023-08-29 10:00:00,OANDA:GBPUSD,1.26124,1.26359,1.26054,1.26118,11882.0,Interval.in_2_hour,52308000.0,long,long,long,long,long,long,long,long,long,long,long,long,long,long,long,long,long,long,long,long,neutral,neutral,long,short,short,short,neutral,short,long,long,long,long,long,long,long,long,long,long,long,long,long,long,long,long,long,short,short,short,long,long,long,long,long,long,long,long,long
518,2023-08-29 08:00:00,OANDA:GBPUSD,1.26232,1.26324,1.26108,1.26124,7933.0,Interval.in_2_hour,52300800.0,long,long,long,long,long,long,long,long,long,long,long,long,long,long,long,long,long,long,long,long,long,long,long,short,short,neutral,neutral,long,long,long,long,long,long,long,long,long,long,long,long,long,long,long,long,long,long,short,short,short,short,long,long,long,long,long,long,long,long
519,2023-08-29 06:00:00,OANDA:GBPUSD,1.26273,1.26323,1.26206,1.26232,4817.0,Interval.in_2_hour,52293600.0,long,long,long,long,long,long,long,long,long,long,long,long,long,long,long,long,long,long,long,long,neutral,neutral,long,short,neutral,neutral,neutral,long,long,long,long,long,long,long,long,long,long,long,long,long,long,long,long,long,long,short,short,short,short,short,short,long,long,long,long,long,short
520,2023-08-29 04:00:00,OANDA:GBPUSD,1.2614,1.26283,1.26136,1.26273,7574.0,Interval.in_2_hour,52286400.0,short,long,long,long,long,long,long,long,long,long,long,long,long,long,long,long,long,long,long,long,neutral,neutral,long,short,long,long,long,long,long,long,long,long,long,long,long,long,long,long,long,long,long,long,long,long,long,short,short,short,short,short,short,short,long,long,long,long,long
521,2023-08-29 02:00:00,OANDA:GBPUSD,1.26096,1.26191,1.26075,1.2614,4005.0,Interval.in_2_hour,52279200.0,long,long,long,long,long,long,long,long,long,long,long,long,long,long,long,long,long,long,long,long,neutral,neutral,long,short,long,long,long,long,long,long,long,long,long,long,long,long,long,long,long,long,long,long,short,long,long,long,long,short,short,short,short,short,long,long,long,long,long
522,2023-08-29 00:00:00,OANDA:GBPUSD,1.2603,1.26099,1.25964,1.26096,2428.0,Interval.in_2_hour,52272000.0,long,long,long,long,long,long,long,long,long,long,long,long,long,long,long,long,long,long,long,long,neutral,neutral,long,short,long,long,long,long,long,long,long,long,long,long,long,long,long,long,long,long,long,short,long,long,long,long,long,long,long,long,short,short,short,long,long,long,long
523,2023-08-28 22:00:00,OANDA:GBPUSD,1.26017,1.26076,1.25981,1.2603,4571.0,Interval.in_2_hour,52264800.0,long,long,long,long,long,long,long,long,long,long,long,long,long,long,long,long,long,long,long,long,neutral,neutral,long,short,long,long,neutral,long,long,long,long,long,long,long,long,long,long,long,long,long,short,long,long,long,long,long,long,long,long,long,long,short,short,short,long,long,long
524,2023-08-28 20:00:00,OANDA:GBPUSD,1.2595,1.2602,1.25924,1.26017,7134.0,Interval.in_2_hour,52257600.0,long,long,long,long,long,long,long,long,long,long,long,long,long,long,long,long,long,long,long,long,neutral,neutral,long,short,long,neutral,neutral,long,long,long,short,short,long,long,long,long,long,long,long,short,short,long,long,long,long,long,long,long,long,long,long,long,short,short,short,long,long
525,2023-08-28 18:00:00,OANDA:GBPUSD,1.2576,1.25996,1.2574,1.2595,8449.0,Interval.in_2_hour,52250400.0,long,long,long,long,long,long,long,long,long,long,long,long,long,long,long,long,long,long,long,long,short,neutral,long,short,neutral,neutral,neutral,long,short,short,short,short,short,long,short,short,long,short,short,short,long,long,long,long,short,long,long,long,long,long,long,long,long,short,short,short,long
526,2023-08-28 16:00:00,OANDA:GBPUSD,1.25943,1.25976,1.25728,1.2576,11189.0,Interval.in_2_hour,52243200.0,long,long,long,long,long,long,long,long,long,long,long,long,long,long,long,long,long,long,long,long,short,short,long,short,neutral,neutral,neutral,short,short,short,short,short,long,short,short,long,short,short,short,long,long,long,long,short,short,long,long,long,long,long,long,long,long,long,long,short,long
527,2023-08-28 14:00:00,OANDA:GBPUSD,1.25838,1.25946,1.25782,1.25943,7375.0,Interval.in_2_hour,52236000.0,short,long,long,long,long,long,long,long,long,long,long,long,long,long,long,long,long,long,long,long,short,short,long,short,long,neutral,neutral,short,short,short,long,long,long,long,long,long,short,short,long,long,long,long,short,short,short,short,long,long,long,long,long,long,long,long,long,short,short
528,2023-08-28 12:00:00,OANDA:GBPUSD,1.25762,1.25876,1.25658,1.25838,7160.0,Interval.in_2_hour,52228800.0,short,long,long,long,long,long,long,long,long,long,long,long,long,long,long,long,long,long,long,long,neutral,neutral,long,short,neutral,neutral,neutral,short,short,short,long,short,short,long,short,short,short,long,long,long,short,short,short,short,short,long,short,long,long,long,long,long,long,long,long,long,long
529,2023-08-28 10:00:00,OANDA:GBPUSD,1.2605,1.26087,1.25689,1.25762,9093.0,Interval.in_2_hour,52221600.0,long,short,long,long,long,long,long,long,long,long,long,long,long,long,long,long,long,long,long,long,long,neutral,long,short,neutral,neutral,neutral,short,long,long,long,long,long,long,short,short,long,long,long,long,short,short,short,short,short,long,long,short,long,long,long,long,long,long,long,long,long
530,2023-08-28 08:00:00,OANDA:GBPUSD,1.25997,1.26108,1.25969,1.2605,6494.0,Interval.in_2_hour,52214400.0,long,short,short,short,long,long,long,long,long,long,long,long,long,long,long,long,long,long,long,long,neutral,neutral,long,short,neutral,neutral,neutral,long,long,long,long,long,long,short,long,long,long,long,long,long,long,short,short,short,short,short,short,short,short,short,short,short,long,long,long,long,long
531,2023-08-28 06:00:00,OANDA:GBPUSD,1.26004,1.26023,1.25962,1.25997,4325.0,Interval.in_2_hour,52207200.0,long,long,short,short,short,long,long,long,long,long,long,long,long,long,long,long,long,long,long,long,neutral,neutral,long,short,neutral,neutral,neutral,long,long,long,long,long,short,short,long,long,long,long,long,long,short,short,short,short,short,long,short,short,short,short,short,long,long,long,long,long,long
532,2023-08-28 04:00:00,OANDA:GBPUSD,1.25941,1.26044,1.25923,1.26004,8131.0,Interval.in_2_hour,52200000.0,long,long,long,short,short,short,long,long,long,long,long,long,long,long,long,long,long,long,long,long,neutral,neutral,long,short,long,long,neutral,long,long,long,long,short,short,long,long,long,long,long,short,short,short,short,short,short,short,short,long,short,short,short,short,short,long,long,long,long,long
533,2023-08-28 02:00:00,OANDA:GBPUSD,1.25796,1.25992,1.25784,1.25941,6324.0,Interval.in_2_hour,52192800.0,long,long,long,long,short,short,short,long,long,long,long,long,long,long,long,long,long,long,long,long,neutral,neutral,long,short,long,neutral,neutral,short,long,long,short,short,long,long,long,long,short,short,short,short,short,short,short,short,short,long,long,long,short,short,long,short,long,long,long,long,long
534,2023-08-28 00:00:00,OANDA:GBPUSD,1.25778,1.25896,1.25778,1.25796,1228.0,Interval.in_2_hour,52185600.0,long,long,long,long,long,long,short,long,long,long,long,long,long,long,long,long,long,long,long,long,neutral,neutral,long,short,neutral,neutral,neutral,long,short,short,short,long,long,long,short,short,short,short,short,short,short,short,short,short,short,long,long,long,long,short,long,long,short,long,long,long,long
535,2023-08-25 22:00:00,OANDA:GBPUSD,1.2596,1.26014,1.25762,1.25778,4693.0,Interval.in_2_hour,52005600.0,long,long,long,long,long,long,long,short,long,long,long,long,long,long,long,long,long,long,long,long,neutral,neutral,long,short,neutral,neutral,neutral,long,short,short,long,long,long,long,short,short,short,short,short,short,short,short,short,short,short,long,long,long,long,long,short,long,long,short,long,long,long
536,2023-08-25 20:00:00,OANDA:GBPUSD,1.25818,1.26014,1.25752,1.2596,8243.0,Interval.in_2_hour,51998400.0,long,long,long,long,long,long,long,short,short,short,long,long,long,long,long,long,long,long,long,long,short,short,long,short,long,neutral,neutral,short,short,long,long,long,long,short,short,short,short,short,short,short,short,short,short,short,short,short,short,short,long,long,long,short,short,short,short,short,long
537,2023-08-25 18:00:00,OANDA:GBPUSD,1.25537,1.25894,1.25518,1.25818,15357.0,Interval.in_2_hour,51991200.0,long,long,long,long,long,long,long,long,long,short,long,long,long,long,long,long,long,long,long,long,neutral,neutral,long,short,neutral,neutral,neutral,short,short,long,short,short,short,short,short,short,short,short,short,short,short,short,short,short,short,long,short,short,long,long,long,long,short,long,long,short,long
538,2023-08-25 16:00:00,OANDA:GBPUSD,1.26198,1.26546,1.25479,1.25537,27330.0,Interval.in_2_hour,51984000.0,long,long,long,long,long,long,long,long,long,long,long,long,long,long,long,long,long,long,long,long,short,short,long,short,neutral,neutral,neutral,long,long,long,long,short,short,short,short,short,short,short,short,short,short,short,short,short,short,long,long,long,long,long,long,long,long,long,long,long,long
539,2023-08-25 14:00:00,OANDA:GBPUSD,1.26137,1.26236,1.26097,1.26198,8364.0,Interval.in_2_hour,51976800.0,short,short,short,short,short,short,long,long,short,short,short,short,short,long,long,long,long,long,long,long,neutral,neutral,long,short,long,long,long,long,long,long,long,long,long,long,short,short,short,short,short,short,short,short,short,short,short,short,short,short,short,short,short,short,short,short,short,short,short
540,2023-08-25 12:00:00,OANDA:GBPUSD,1.25867,1.26137,1.25818,1.26137,8282.0,Interval.in_2_hour,51969600.0,short,short,short,short,short,short,long,long,long,short,short,short,short,short,long,long,long,long,long,long,neutral,neutral,long,short,long,long,neutral,long,long,long,long,short,short,short,short,short,short,short,short,short,short,short,short,short,short,long,short,short,short,short,short,short,short,short,short,short,short
541,2023-08-25 10:00:00,OANDA:GBPUSD,1.25695,1.25924,1.25694,1.25867,9747.0,Interval.in_2_hour,51962400.0,short,long,short,long,long,long,long,long,long,long,long,long,long,short,long,long,long,long,long,long,short,short,long,short,long,neutral,neutral,short,short,short,short,short,short,short,short,short,short,short,short,short,short,short,short,short,short,long,long,short,short,long,short,short,long,long,long,long,short
542,2023-08-25 08:00:00,OANDA:GBPUSD,1.25652,1.25794,1.2561,1.25695,8967.0,Interval.in_2_hour,51955200.0,long,long,long,long,long,long,long,long,long,long,long,long,long,long,long,long,long,long,long,long,short,short,long,short,neutral,neutral,neutral,short,short,short,short,short,short,short,short,short,short,short,short,short,short,short,short,short,short,long,long,long,short,long,long,long,long,long,long,long,long
543,2023-08-25 06:00:00,OANDA:GBPUSD,1.25706,1.25752,1.25602,1.25652,6779.0,Interval.in_2_hour,51948000.0,long,long,long,long,long,long,long,long,long,long,long,long,long,long,long,long,long,long,long,long,neutral,neutral,long,short,short,short,short,short,short,short,short,short,short,short,short,short,short,short,short,short,short,short,short,short,short,long,long,long,long,short,long,long,long,long,long,long,long
544,2023-08-25 04:00:00,OANDA:GBPUSD,1.25904,1.25914,1.25687,1.25706,8762.0,Interval.in_2_hour,51940800.0,long,long,long,long,long,long,long,long,long,long,long,long,long,long,long,long,long,long,long,long,neutral,neutral,long,short,short,short,short,short,short,short,short,short,short,short,short,short,short,short,short,short,short,short,short,short,short,short,short,long,long,long,short,long,long,long,long,long,long
545,2023-08-25 02:00:00,OANDA:GBPUSD,1.25984,1.25984,1.25862,1.25904,5909.0,Interval.in_2_hour,51933600.0,long,long,long,short,short,long,short,long,long,long,long,long,long,long,long,long,long,short,long,long,neutral,neutral,long,short,short,short,short,short,short,short,short,short,short,short,short,short,short,short,short,short,short,short,short,short,short,short,short,short,short,long,long,short,short,long,short,short,long
546,2023-08-25 00:00:00,OANDA:GBPUSD,1.25994,1.26064,1.25973,1.25984,2106.0,Interval.in_2_hour,51926400.0,short,long,long,long,short,short,short,short,short,long,long,long,long,long,long,long,long,short,long,long,neutral,neutral,long,short,short,short,short,short,short,short,short,short,short,short,short,short,short,short,short,short,short,short,short,short,short,short,short,short,short,short,long,long,short,short,short,short,short
547,2023-08-24 22:00:00,OANDA:GBPUSD,1.26072,1.26126,1.25912,1.25994,5209.0,Interval.in_2_hour,51919200.0,short,short,long,long,long,short,short,short,short,short,long,long,long,long,long,long,long,long,long,long,neutral,neutral,long,short,short,short,neutral,short,short,short,short,short,short,short,short,short,short,short,short,short,short,short,short,short,short,short,short,short,short,short,short,long,long,short,short,short,short
548,2023-08-24 20:00:00,OANDA:GBPUSD,1.26236,1.26247,1.26052,1.26072,5967.0,Interval.in_2_hour,51912000.0,short,short,short,short,short,short,short,short,short,short,short,short,short,long,long,long,long,long,long,long,neutral,neutral,long,short,short,neutral,neutral,short,short,short,short,short,short,short,short,short,short,short,short,short,short,short,short,short,short,short,short,short,short,short,short,short,long,long,short,short,short
549,2023-08-24 18:00:00,OANDA:GBPUSD,1.26473,1.26499,1.2621,1.26236,9745.0,Interval.in_2_hour,51904800.0,short,short,short,short,short,short,short,short,short,short,short,short,short,short,short,short,long,short,long,long,neutral,neutral,long,short,neutral,neutral,neutral,short,short,short,short,short,short,short,short,short,short,short,long,short,short,short,short,short,short,short,short,short,short,short,short,short,short,short,short,short,short
550,2023-08-24 16:00:00,OANDA:GBPUSD,1.2636,1.2663,1.26264,1.26473,17141.0,Interval.in_2_hour,51897600.0,short,short,short,short,short,short,short,short,short,short,short,short,short,short,short,short,short,short,long,long,neutral,neutral,long,short,neutral,neutral,neutral,short,short,short,short,short,short,short,short,short,short,long,short,short,short,short,short,short,short,short,short,short,short,short,short,short,short,short,short,short,short
551,2023-08-24 14:00:00,OANDA:GBPUSD,1.26848,1.26932,1.26266,1.2636,12351.0,Interval.in_2_hour,51890400.0,short,short,short,short,short,short,short,short,short,short,short,short,short,short,short,short,short,short,long,long,neutral,neutral,long,short,short,short,short,short,short,short,short,short,short,short,short,long,long,long,short,short,short,short,short,short,short,long,short,short,short,short,short,short,short,short,short,short,short
552,2023-08-24 12:00:00,OANDA:GBPUSD,1.26988,1.27038,1.26676,1.26848,8639.0,Interval.in_2_hour,51883200.0,short,short,short,short,short,short,short,short,short,short,short,short,short,short,short,short,short,short,long,long,neutral,neutral,long,short,short,short,neutral,short,short,short,short,short,short,short,long,long,long,short,short,short,short,short,short,short,short,short,short,short,short,short,short,short,short,short,short,short,short
553,2023-08-24 10:00:00,OANDA:GBPUSD,1.27034,1.27146,1.26918,1.26988,10897.0,Interval.in_2_hour,51876000.0,short,short,short,short,short,short,short,short,short,short,short,short,short,short,short,short,short,short,long,long,neutral,neutral,long,short,short,neutral,neutral,short,short,short,short,short,short,long,long,long,short,short,short,short,short,short,short,short,short,short,short,short,short,short,short,short,short,short,short,short,short
554,2023-08-24 08:00:00,OANDA:GBPUSD,1.27203,1.27286,1.27032,1.27034,8133.0,Interval.in_2_hour,51868800.0,short,short,short,short,short,short,short,short,short,short,short,short,short,short,short,short,short,short,long,long,neutral,neutral,long,short,neutral,neutral,neutral,short,short,short,short,long,long,long,long,short,short,short,short,short,short,short,short,short,short,short,short,short,short,short,short,short,short,short,short,short,short
555,2023-08-24 06:00:00,OANDA:GBPUSD,1.27162,1.27219,1.27132,1.27203,6525.0,Interval.in_2_hour,51861600.0,short,short,short,short,short,short,short,short,short,short,short,short,short,short,short,short,short,short,long,long,neutral,neutral,long,short,neutral,neutral,neutral,short,short,short,long,long,long,long,long,short,short,short,short,short,short,short,short,short,short,short,short,short,short,short,short,short,short,short,short,short,short
556,2023-08-24 04:00:00,OANDA:GBPUSD,1.27194,1.27208,1.27059,1.27162,8118.0,Interval.in_2_hour,51854400.0,short,short,short,short,short,short,short,short,short,short,short,short,short,short,short,short,short,short,long,long,neutral,neutral,long,short,short,short,neutral,short,short,long,long,long,long,long,short,short,short,short,short,short,short,short,short,short,short,long,short,short,short,short,short,short,short,short,short,short,short
557,2023-08-24 02:00:00,OANDA:GBPUSD,1.27206,1.27288,1.27143,1.27194,4230.0,Interval.in_2_hour,51847200.0,short,short,short,short,short,short,short,short,short,short,short,short,short,short,short,short,short,short,long,long,neutral,neutral,long,short,short,neutral,neutral,long,long,long,long,long,long,short,short,short,short,short,short,short,short,short,short,short,short,short,long,short,short,short,short,short,short,short,short,short,short
558,2023-08-24 00:00:00,OANDA:GBPUSD,1.2723,1.2728,1.27156,1.27206,2597.0,Interval.in_2_hour,51840000.0,short,short,short,short,short,short,short,short,short,short,short,short,short,short,short,short,short,short,long,long,neutral,neutral,long,short,neutral,neutral,neutral,long,long,long,long,long,short,short,short,short,short,short,short,short,short,short,short,short,short,short,short,short,short,short,short,short,short,short,short,short,short
559,2023-08-23 22:00:00,OANDA:GBPUSD,1.27162,1.27266,1.2713,1.2723,4664.0,Interval.in_2_hour,51832800.0,short,short,short,short,short,short,short,short,short,short,short,short,short,short,short,short,short,short,long,long,neutral,neutral,long,short,neutral,neutral,neutral,long,long,long,long,short,short,short,short,short,short,short,short,short,short,short,short,short,short,short,short,short,short,short,short,short,short,short,short,short,short
560,2023-08-23 20:00:00,OANDA:GBPUSD,1.2721,1.27331,1.27088,1.27162,5619.0,Interval.in_2_hour,51825600.0,short,short,short,short,short,short,short,short,short,short,short,short,short,short,short,short,short,short,long,long,neutral,neutral,long,short,neutral,neutral,neutral,long,long,long,short,short,short,short,short,short,short,short,short,short,short,short,short,short,short,long,long,long,long,long,short,short,short,short,short,short,short
561,2023-08-23 18:00:00,OANDA:GBPUSD,1.26828,1.27261,1.26812,1.2721,9450.0,Interval.in_2_hour,51818400.0,short,short,short,short,short,short,short,short,short,short,short,short,short,short,short,short,short,short,long,long,neutral,neutral,long,short,long,long,neutral,long,short,short,short,short,short,short,short,short,short,short,short,short,short,short,short,short,short,short,long,short,short,short,short,short,short,short,short,short,short
562,2023-08-23 16:00:00,OANDA:GBPUSD,1.2631,1.27014,1.26306,1.26828,19855.0,Interval.in_2_hour,51811200.0,short,short,short,short,short,short,short,short,short,short,short,short,short,short,short,short,short,short,long,long,short,short,long,short,long,neutral,neutral,short,short,short,short,short,short,short,short,short,short,short,short,short,short,short,short,short,short,long,long,long,long,long,long,long,long,long,long,short,short
563,2023-08-23 14:00:00,OANDA:GBPUSD,1.26299,1.2646,1.26148,1.2631,10935.0,Interval.in_2_hour,51804000.0,long,short,short,short,short,short,short,short,short,short,short,short,short,short,short,short,short,short,long,long,neutral,neutral,long,short,neutral,neutral,neutral,short,short,short,short,short,short,short,short,short,short,short,short,short,short,short,short,short,short,long,long,long,long,long,long,long,long,long,long,long,long
564,2023-08-23 12:00:00,OANDA:GBPUSD,1.26788,1.26798,1.26266,1.26299,12693.0,Interval.in_2_hour,51796800.0,long,long,short,short,short,short,short,short,short,short,short,short,short,short,short,short,short,short,long,long,neutral,neutral,long,short,short,neutral,neutral,short,short,short,short,short,short,short,short,short,short,short,short,short,short,short,short,short,short,long,long,long,long,long,long,long,long,long,long,long,long
565,2023-08-23 10:00:00,OANDA:GBPUSD,1.27522,1.2765,1.26718,1.26788,18881.0,Interval.in_2_hour,51789600.0,long,short,short,short,short,short,short,short,short,short,short,short,short,short,short,short,short,short,long,long,neutral,neutral,long,short,neutral,neutral,neutral,short,short,short,short,short,short,short,short,short,short,short,short,short,short,short,short,short,short,short,short,long,long,long,long,long,long,long,long,long,long
566,2023-08-23 08:00:00,OANDA:GBPUSD,1.27508,1.27556,1.27402,1.27522,7303.0,Interval.in_2_hour,51782400.0,short,short,short,short,short,short,short,short,short,short,short,short,short,short,short,short,short,short,short,short,short,short,long,short,long,long,long,long,long,long,long,long,long,short,short,short,short,short,short,short,short,short,short,long,long,short,short,short,short,short,short,short,short,short,short,short,short
567,2023-08-23 06:00:00,OANDA:GBPUSD,1.27406,1.27508,1.27384,1.27508,4310.0,Interval.in_2_hour,51775200.0,short,short,short,short,short,short,short,short,short,short,short,short,short,short,short,short,short,short,short,short,neutral,neutral,long,short,long,long,neutral,long,long,long,long,long,short,short,short,short,short,short,short,short,short,short,long,long,short,long,short,short,short,short,short,short,short,short,short,short,short
568,2023-08-23 04:00:00,OANDA:GBPUSD,1.27345,1.27458,1.27335,1.27406,8833.0,Interval.in_2_hour,51768000.0,short,short,short,short,short,short,short,short,short,short,short,short,short,short,short,short,short,short,short,short,neutral,neutral,long,short,long,neutral,neutral,long,long,long,long,short,short,short,short,short,short,short,short,short,short,short,short,short,long,long,long,short,short,short,short,short,short,short,short,short,short
569,2023-08-23 02:00:00,OANDA:GBPUSD,1.27302,1.27416,1.27288,1.27345,3836.0,Interval.in_2_hour,51760800.0,short,short,short,short,short,short,short,short,short,short,short,short,short,short,short,short,short,short,short,short,neutral,neutral,long,short,neutral,neutral,neutral,short,short,short,short,short,short,short,short,short,short,short,short,short,short,short,short,long,long,long,long,long,short,short,short,short,short,short,short,short,short
570,2023-08-23 00:00:00,OANDA:GBPUSD,1.27332,1.27395,1.27286,1.27302,1318.0,Interval.in_2_hour,51753600.0,short,short,short,short,short,short,short,short,short,short,short,short,short,short,short,short,short,short,short,short,neutral,neutral,long,short,short,neutral,neutral,short,short,short,short,short,short,short,short,short,short,short,short,short,short,short,long,long,short,long,long,long,long,short,short,short,short,short,short,short,short
571,2023-08-22 22:00:00,OANDA:GBPUSD,1.27384,1.27388,1.27281,1.27332,3373.0,Interval.in_2_hour,51746400.0,short,short,short,short,short,short,short,short,short,short,short,short,short,short,short,short,short,short,short,short,neutral,neutral,long,short,neutral,neutral,neutral,short,short,short,short,short,short,short,short,short,short,short,short,short,short,long,long,long,short,short,long,long,long,long,short,short,short,short,short,short,short
572,2023-08-22 20:00:00,OANDA:GBPUSD,1.27352,1.27434,1.27312,1.27384,5240.0,Interval.in_2_hour,51739200.0,short,short,short,short,short,short,short,short,short,short,short,short,short,short,short,short,short,short,short,short,neutral,neutral,long,short,long,neutral,neutral,short,short,short,short,short,short,short,short,short,short,short,short,short,long,long,long,short,short,short,short,short,long,long,long,short,short,short,short,short,short
573,2023-08-22 18:00:00,OANDA:GBPUSD,1.27322,1.27448,1.27274,1.27352,8575.0,Interval.in_2_hour,51732000.0,short,short,short,short,short,short,short,short,short,short,short,short,short,short,short,short,short,short,short,short,neutral,neutral,long,short,neutral,neutral,neutral,short,short,short,short,short,short,short,short,short,short,short,short,long,long,long,short,short,short,long,short,short,short,long,long,long,short,short,short,short,short
574,2023-08-22 16:00:00,OANDA:GBPUSD,1.27424,1.27534,1.27186,1.27322,15924.0,Interval.in_2_hour,51724800.0,short,short,short,short,short,short,short,short,short,short,short,short,short,short,short,short,short,short,short,short,neutral,neutral,long,short,short,short,short,short,short,short,short,short,short,short,short,short,short,short,long,long,long,short,short,short,short,long,long,long,short,long,long,long,long,short,short,short,short
575,2023-08-22 14:00:00,OANDA:GBPUSD,1.2765,1.27704,1.27416,1.27424,10878.0,Interval.in_2_hour,51717600.0,short,short,short,short,short,short,short,short,short,short,short,short,short,short,short,short,short,short,short,short,neutral,neutral,long,short,short,short,neutral,short,short,short,short,short,short,short,long,long,long,long,long,long,long,long,long,long,long,short,short,short,short,short,short,short,long,long,short,short,short
576,2023-08-22 12:00:00,OANDA:GBPUSD,1.27817,1.2792,1.27626,1.2765,8681.0,Interval.in_2_hour,51710400.0,short,short,short,short,short,short,short,short,short,short,short,short,short,short,short,short,short,short,short,short,long,neutral,long,short,short,neutral,neutral,long,long,long,long,long,long,long,long,long,long,long,long,long,long,long,long,long,long,short,short,short,short,short,short,short,short,short,short,short,short
577,2023-08-22 10:00:00,OANDA:GBPUSD,1.27818,1.28008,1.27776,1.27817,9713.0,Interval.in_2_hour,51703200.0,short,short,short,short,short,short,short,short,short,short,short,short,short,short,short,short,short,short,short,short,neutral,neutral,long,short,neutral,neutral,neutral,long,long,long,long,long,long,long,long,long,long,long,long,long,long,long,long,long,long,short,short,short,short,short,short,short,short,short,short,short,short
578,2023-08-22 08:00:00,OANDA:GBPUSD,1.27699,1.27944,1.27692,1.27818,9663.0,Interval.in_2_hour,51696000.0,short,short,short,short,short,short,short,short,short,short,short,short,short,short,short,short,short,short,short,short,neutral,neutral,long,short,long,long,long,long,long,long,long,long,long,long,long,long,long,long,long,long,long,long,long,long,long,short,short,short,short,short,short,short,short,short,short,short,short
579,2023-08-22 06:00:00,OANDA:GBPUSD,1.27679,1.27782,1.27661,1.27699,6653.0,Interval.in_2_hour,51688800.0,short,short,short,short,short,short,short,short,short,short,short,short,short,short,short,short,short,short,short,short,neutral,neutral,long,short,long,long,neutral,long,long,long,long,long,long,long,long,long,long,long,long,long,long,long,long,long,long,long,long,short,short,short,short,short,short,short,short,short,short
580,2023-08-22 04:00:00,OANDA:GBPUSD,1.2763,1.27738,1.2758,1.27679,8794.0,Interval.in_2_hour,51681600.0,short,short,short,short,short,short,short,short,short,short,short,short,short,short,short,short,short,short,short,short,long,long,long,short,long,neutral,neutral,long,long,long,long,long,long,long,long,long,long,long,long,long,long,long,long,long,long,long,long,long,short,short,short,short,short,short,short,short,short
581,2023-08-22 02:00:00,OANDA:GBPUSD,1.2757,1.27656,1.27558,1.2763,4648.0,Interval.in_2_hour,51674400.0,short,short,short,short,short,short,short,short,short,short,short,short,short,short,short,short,short,short,short,short,neutral,neutral,long,short,neutral,neutral,neutral,short,long,long,long,long,long,long,long,long,long,long,long,long,long,long,long,long,long,long,long,long,long,long,short,short,short,short,short,short,short
582,2023-08-22 00:00:00,OANDA:GBPUSD,1.27582,1.27628,1.27506,1.2757,1522.0,Interval.in_2_hour,51667200.0,short,short,short,short,short,short,short,short,short,short,short,short,short,short,short,short,short,short,short,short,neutral,neutral,long,short,short,neutral,neutral,long,long,long,long,long,long,long,long,long,long,long,long,long,long,long,long,long,long,long,long,long,long,long,long,short,short,short,short,short,short
583,2023-08-21 22:00:00,OANDA:GBPUSD,1.27636,1.27668,1.27544,1.27582,4461.0,Interval.in_2_hour,51660000.0,short,short,short,short,short,short,short,short,short,short,short,short,short,short,short,short,short,short,short,short,neutral,neutral,long,short,neutral,neutral,neutral,long,long,long,long,long,long,long,long,long,long,long,long,long,long,long,long,long,long,short,long,long,long,long,long,long,short,short,short,short,short
584,2023-08-21 20:00:00,OANDA:GBPUSD,1.27568,1.27642,1.27508,1.27636,5786.0,Interval.in_2_hour,51652800.0,short,short,short,short,short,short,short,short,short,short,short,short,short,short,short,short,short,short,short,short,neutral,neutral,long,short,long,neutral,neutral,long,long,long,long,long,long,long,long,long,long,long,long,long,long,long,long,long,long,short,short,short,long,long,long,long,long,short,short,short,short
585,2023-08-21 18:00:00,OANDA:GBPUSD,1.27286,1.27574,1.27234,1.27568,8467.0,Interval.in_2_hour,51645600.0,short,short,short,short,short,short,short,short,short,short,short,short,short,short,short,short,short,short,short,short,short,short,long,short,neutral,neutral,neutral,long,long,long,long,short,long,long,long,short,long,long,long,long,long,long,short,short,short,long,long,long,long,long,long,long,long,long,short,short,short
586,2023-08-21 16:00:00,OANDA:GBPUSD,1.27518,1.27574,1.27232,1.27286,15812.0,Interval.in_2_hour,51638400.0,long,long,long,long,long,long,long,long,short,short,short,short,short,short,short,short,short,short,short,short,neutral,neutral,long,short,neutral,neutral,neutral,long,long,long,short,short,long,short,short,long,long,long,long,long,long,short,short,short,short,long,long,long,long,long,long,long,long,long,long,long,long
587,2023-08-21 14:00:00,OANDA:GBPUSD,1.27412,1.2765,1.27402,1.27518,10316.0,Interval.in_2_hour,51631200.0,short,short,short,short,short,short,short,short,long,short,short,short,short,short,short,short,short,short,short,short,neutral,neutral,long,short,long,neutral,neutral,long,long,long,long,long,long,long,long,long,long,long,long,long,short,short,short,long,long,short,long,long,long,long,long,long,long,long,long,long,short
588,2023-08-21 12:00:00,OANDA:GBPUSD,1.27212,1.27456,1.27206,1.27412,8012.0,Interval.in_2_hour,51624000.0,long,short,short,short,short,short,short,short,long,long,short,short,short,short,short,short,short,short,short,short,neutral,neutral,long,short,neutral,neutral,neutral,short,short,short,short,short,short,short,long,long,long,long,long,short,short,short,short,short,short,long,short,long,long,long,long,long,long,long,long,long,long
589,2023-08-21 10:00:00,OANDA:GBPUSD,1.27279,1.27456,1.27104,1.27212,11604.0,Interval.in_2_hour,51616800.0,long,long,long,long,long,long,long,long,long,long,long,short,short,short,short,short,short,long,short,short,neutral,neutral,long,short,short,short,short,short,short,short,short,short,short,long,long,long,long,short,short,short,short,short,short,short,short,long,long,long,long,long,long,long,long,long,long,long,long
590,2023-08-21 08:00:00,OANDA:GBPUSD,1.27386,1.2745,1.27244,1.27279,8300.0,Interval.in_2_hour,51609600.0,long,long,long,long,long,long,long,long,long,long,long,long,short,short,short,short,short,short,short,short,neutral,neutral,long,short,short,short,neutral,short,short,short,short,short,long,long,long,long,long,short,short,short,short,short,short,short,short,short,long,long,long,long,long,long,long,long,long,long,long
591,2023-08-21 06:00:00,OANDA:GBPUSD,1.274,1.27415,1.27344,1.27386,5069.0,Interval.in_2_hour,51602400.0,long,long,long,long,short,short,short,short,short,short,long,long,long,short,short,short,short,short,short,short,neutral,neutral,long,short,short,neutral,neutral,long,short,short,long,long,long,long,long,long,short,short,short,short,long,short,short,short,short,short,short,long,long,short,long,long,long,long,long,long,long
592,2023-08-21 04:00:00,OANDA:GBPUSD,1.27466,1.27466,1.273,1.274,7925.0,Interval.in_2_hour,51595200.0,long,long,long,long,long,short,short,short,short,short,short,long,long,long,short,short,short,short,short,short,long,neutral,long,short,neutral,neutral,neutral,long,short,long,long,long,long,long,long,short,short,short,short,long,short,short,short,short,long,short,short,short,long,long,short,long,long,long,long,long,long
593,2023-08-21 02:00:00,OANDA:GBPUSD,1.27366,1.27506,1.27343,1.27466,4304.0,Interval.in_2_hour,51588000.0,long,long,long,long,long,short,short,short,short,short,short,short,short,long,long,short,short,short,short,short,neutral,neutral,long,short,neutral,neutral,neutral,short,long,long,long,long,long,long,short,short,short,short,long,short,short,short,short,long,long,short,short,short,short,short,long,short,long,long,long,long,long
594,2023-08-21 00:00:00,OANDA:GBPUSD,1.27381,1.27412,1.27314,1.27366,3060.0,Interval.in_2_hour,51580800.0,long,long,long,long,long,long,long,short,short,long,short,short,short,long,long,long,short,short,short,short,neutral,neutral,long,short,short,short,neutral,long,long,long,long,long,long,short,short,short,short,long,short,short,short,short,long,long,long,long,long,long,short,short,long,long,short,long,long,long,long
595,2023-08-18 22:00:00,OANDA:GBPUSD,1.27426,1.27432,1.2728,1.27381,4966.0,Interval.in_2_hour,51400800.0,long,long,long,long,long,long,long,long,short,short,long,short,short,short,long,long,long,short,short,short,neutral,neutral,long,short,short,neutral,neutral,long,long,long,long,long,short,short,short,short,long,short,short,short,short,long,long,long,long,short,long,long,long,short,short,long,long,short,long,long,long
596,2023-08-18 20:00:00,OANDA:GBPUSD,1.27448,1.27562,1.27412,1.27426,6636.0,Interval.in_2_hour,51393600.0,long,long,long,long,long,long,long,long,short,short,short,short,short,short,short,short,long,long,short,short,neutral,neutral,long,short,neutral,neutral,neutral,long,long,long,long,short,short,short,short,long,long,short,short,short,long,long,long,long,long,short,short,long,short,short,short,short,short,long,short,long,long
597,2023-08-18 18:00:00,OANDA:GBPUSD,1.2727,1.27458,1.27212,1.27448,8383.0,Interval.in_2_hour,51386400.0,long,long,long,long,long,long,long,long,long,short,short,short,short,short,short,short,short,long,short,short,long,long,long,short,long,neutral,neutral,long,long,long,short,short,short,short,short,short,short,short,short,long,long,long,long,long,long,short,short,short,long,short,short,short,short,short,long,short,long
598,2023-08-18 16:00:00,OANDA:GBPUSD,1.27108,1.27496,1.2708,1.2727,17327.0,Interval.in_2_hour,51379200.0,long,long,long,long,long,long,long,long,long,long,long,long,long,long,long,long,long,long,short,short,neutral,neutral,long,short,neutral,neutral,neutral,long,short,short,short,short,short,short,short,short,short,short,short,short,short,short,long,short,short,long,long,long,long,long,long,long,long,short,long,long,long
599,2023-08-18 14:00:00,OANDA:GBPUSD,1.2719,1.27225,1.26892,1.27108,12107.0,Interval.in_2_hour,51372000.0,long,long,long,long,long,long,long,long,long,long,long,long,long,long,long,long,long,long,short,short,neutral,neutral,long,short,short,neutral,neutral,short,short,short,short,short,short,short,short,short,short,short,short,short,short,short,short,short,short,long,long,long,long,long,long,long,long,long,long,long,long
600,2023-08-18 12:00:00,OANDA:GBPUSD,1.27196,1.27422,1.27066,1.2719,9414.0,Interval.in_2_hour,51364800.0,long,long,long,long,long,long,long,long,long,long,long,long,long,long,long,long,long,long,short,short,short,short,long,short,neutral,neutral,neutral,short,short,short,short,short,short,short,short,short,short,short,short,short,long,short,short,short,short,short,long,long,long,long,long,long,long,long,long,long,long
601,2023-08-18 10:00:00,OANDA:GBPUSD,1.27126,1.27308,1.27112,1.27196,11291.0,Interval.in_2_hour,51357600.0,long,long,long,long,long,long,long,long,long,long,long,long,long,long,long,long,long,long,short,short,neutral,neutral,long,short,neutral,neutral,neutral,short,short,short,short,short,short,short,short,short,short,short,short,short,short,short,short,short,short,short,short,long,long,long,long,long,long,long,long,long,long
602,2023-08-18 08:00:00,OANDA:GBPUSD,1.27452,1.2753,1.27076,1.27126,11445.0,Interval.in_2_hour,51350400.0,long,long,long,long,long,long,long,long,long,long,long,long,long,long,long,long,long,long,short,short,short,short,long,short,short,neutral,neutral,short,short,short,short,short,short,short,short,long,short,long,long,long,short,long,long,short,short,long,long,short,long,long,long,long,long,long,long,long,long
603,2023-08-18 06:00:00,OANDA:GBPUSD,1.27554,1.27566,1.27428,1.27452,7685.0,Interval.in_2_hour,51343200.0,short,short,short,long,short,long,long,long,long,long,long,long,long,long,long,short,short,short,short,short,long,neutral,long,short,neutral,neutral,neutral,long,long,long,short,short,short,long,long,long,long,long,long,long,long,long,long,long,long,short,short,short,short,short,short,short,short,short,long,short,short
604,2023-08-18 04:00:00,OANDA:GBPUSD,1.27521,1.2766,1.27516,1.27554,9714.0,Interval.in_2_hour,51336000.0,short,short,short,short,short,short,long,long,long,long,long,long,long,long,long,long,short,short,short,short,neutral,neutral,long,short,long,neutral,neutral,long,long,short,short,short,long,long,long,long,long,long,long,long,long,long,long,long,long,short,short,short,short,short,short,short,short,short,short,short,short
605,2023-08-18 02:00:00,OANDA:GBPUSD,1.27456,1.2759,1.27452,1.27521,5157.0,Interval.in_2_hour,51328800.0,short,short,short,short,short,short,short,long,long,long,long,long,long,long,long,long,long,short,short,short,neutral,neutral,long,short,neutral,neutral,neutral,long,short,short,short,long,long,long,long,long,long,long,long,long,long,long,long,short,long,long,short,short,short,short,short,short,short,short,short,short,short
606,2023-08-18 00:00:00,OANDA:GBPUSD,1.27458,1.27495,1.27436,1.27456,2272.0,Interval.in_2_hour,51321600.0,long,short,short,short,short,short,long,short,long,long,long,long,long,long,long,long,long,long,short,short,neutral,neutral,long,short,neutral,neutral,neutral,short,short,short,long,long,long,long,long,long,long,long,long,long,long,long,short,long,long,long,long,short,short,short,short,short,short,short,short,short,short
607,2023-08-17 22:00:00,OANDA:GBPUSD,1.27272,1.27498,1.2727,1.27458,7135.0,Interval.in_2_hour,51314400.0,short,long,short,short,short,short,short,long,short,long,long,long,long,long,long,long,long,long,short,short,short,short,long,short,neutral,neutral,neutral,short,short,long,long,long,long,long,long,long,long,long,short,short,long,short,short,long,long,short,long,long,short,short,short,short,short,short,short,short,short
608,2023-08-17 20:00:00,OANDA:GBPUSD,1.27598,1.27606,1.27272,1.27272,8310.0,Interval.in_2_hour,51307200.0,long,long,long,long,long,long,short,long,long,long,long,long,long,long,long,long,long,long,short,short,neutral,neutral,long,short,neutral,neutral,neutral,short,long,long,long,long,long,long,long,long,long,long,long,long,short,long,long,long,long,long,long,long,long,long,short,short,short,short,short,long,long
609,2023-08-17 18:00:00,OANDA:GBPUSD,1.27571,1.27659,1.27375,1.27598,12146.0,Interval.in_2_hour,51300000.0,short,short,short,short,short,short,short,short,short,short,short,short,long,short,short,long,long,long,short,short,long,neutral,long,short,neutral,neutral,neutral,long,long,long,long,long,long,long,long,long,long,long,long,long,long,long,long,long,long,short,short,short,short,short,short,short,short,short,short,short,short
610,2023-08-17 16:00:00,OANDA:GBPUSD,1.27706,1.27876,1.27458,1.27571,19912.0,Interval.in_2_hour,51292800.0,short,short,short,short,short,short,short,short,short,short,short,short,short,long,long,short,long,long,short,short,neutral,neutral,long,short,neutral,neutral,neutral,long,long,long,long,long,long,long,long,long,long,long,long,long,long,long,long,long,long,long,short,short,short,short,short,short,short,short,short,short,short
611,2023-08-17 14:00:00,OANDA:GBPUSD,1.27492,1.27838,1.27449,1.27706,15849.0,Interval.in_2_hour,51285600.0,short,short,short,short,short,short,short,short,short,short,short,short,short,short,short,short,short,short,short,short,neutral,neutral,long,short,long,neutral,neutral,long,long,long,long,long,long,long,long,long,long,long,long,long,long,long,long,long,long,short,short,short,short,short,short,short,short,short,short,short,short
612,2023-08-17 12:00:00,OANDA:GBPUSD,1.27127,1.2756,1.2703,1.27492,13758.0,Interval.in_2_hour,51278400.0,short,short,short,short,short,short,short,short,short,short,short,short,long,short,long,long,long,long,short,short,short,neutral,long,short,neutral,neutral,neutral,long,long,long,long,long,long,short,short,long,short,short,long,long,long,long,long,long,long,long,long,long,short,short,short,long,long,short,short,short,short
613,2023-08-17 10:00:00,OANDA:GBPUSD,1.27404,1.27436,1.27095,1.27127,13221.0,Interval.in_2_hour,51271200.0,long,short,long,long,long,long,long,long,long,long,long,long,long,long,long,long,long,long,short,short,neutral,neutral,long,short,neutral,neutral,neutral,long,long,short,short,short,short,short,short,short,short,long,long,long,long,long,long,long,short,long,long,long,long,long,long,long,long,long,long,short,long
614,2023-08-17 08:00:00,OANDA:GBPUSD,1.27234,1.27421,1.27168,1.27404,10835.0,Interval.in_2_hour,51264000.0,short,short,short,short,long,long,short,short,long,short,short,short,short,long,long,short,long,long,short,short,long,long,long,short,long,neutral,neutral,long,long,long,long,short,short,long,short,short,long,long,long,long,long,long,long,short,long,short,long,long,long,long,short,long,long,long,long,long,short
615,2023-08-17 06:00:00,OANDA:GBPUSD,1.27162,1.27236,1.2712,1.27234,9723.0,Interval.in_2_hour,51256800.0,short,short,short,short,long,long,long,long,long,long,long,long,long,short,long,long,long,long,short,short,short,short,long,short,neutral,neutral,neutral,short,short,short,short,short,short,short,short,long,long,long,long,long,long,long,short,short,long,long,short,long,long,long,long,long,long,long,long,long,long
616,2023-08-17 04:00:00,OANDA:GBPUSD,1.27207,1.2723,1.27112,1.27162,13587.0,Interval.in_2_hour,51249600.0,long,short,long,long,short,long,long,long,long,long,long,long,long,long,long,long,long,long,short,short,neutral,neutral,long,short,short,short,neutral,short,short,short,short,short,short,short,long,long,long,long,long,long,long,short,short,long,long,long,long,short,long,long,long,long,long,long,long,long,long
617,2023-08-17 02:00:00,OANDA:GBPUSD,1.27299,1.27324,1.27163,1.27207,7474.0,Interval.in_2_hour,51242400.0,long,long,short,short,short,short,long,long,long,long,long,long,long,long,long,long,long,long,short,short,neutral,neutral,long,short,short,neutral,neutral,short,short,short,short,short,short,long,long,long,long,long,long,long,short,short,long,long,long,short,long,long,short,long,long,long,long,long,long,long,long
618,2023-08-17 00:00:00,OANDA:GBPUSD,1.27319,1.27359,1.27244,1.27299,2063.0,Interval.in_2_hour,51235200.0,long,long,long,short,short,short,short,short,long,long,long,long,long,long,long,short,short,long,short,short,neutral,neutral,long,short,neutral,neutral,neutral,short,short,long,short,short,long,long,long,long,long,long,long,short,long,long,long,long,long,short,short,short,long,short,long,long,long,long,short,long,long
619,2023-08-16 22:00:00,OANDA:GBPUSD,1.27242,1.2732,1.27116,1.27319,9481.0,Interval.in_2_hour,51228000.0,long,long,long,long,short,short,short,short,short,long,long,long,long,long,long,long,short,short,short,short,neutral,neutral,long,short,neutral,neutral,neutral,short,short,short,short,long,long,long,long,long,long,long,short,short,long,long,long,long,long,short,short,short,short,long,short,long,long,long,long,short,long
620,2023-08-16 20:00:00,OANDA:GBPUSD,1.2733,1.27505,1.27234,1.27242,13478.0,Interval.in_2_hour,51220800.0,long,long,long,long,long,short,short,short,short,long,long,long,long,long,long,long,long,long,short,short,neutral,neutral,long,short,short,neutral,neutral,short,short,short,long,long,long,long,long,long,long,short,short,long,long,long,long,long,long,long,long,short,short,short,long,short,long,long,long,long,long
621,2023-08-16 18:00:00,OANDA:GBPUSD,1.27525,1.27572,1.27308,1.2733,10139.0,Interval.in_2_hour,51213600.0,short,long,long,long,long,long,short,short,short,short,short,long,long,long,long,long,long,long,short,short,long,long,long,short,neutral,neutral,neutral,short,long,long,long,long,long,long,long,long,long,long,long,long,long,long,long,long,long,short,short,short,short,short,short,long,short,long,long,long,long
622,2023-08-16 16:00:00,OANDA:GBPUSD,1.2721,1.27611,1.2718,1.27525,20013.0,Interval.in_2_hour,51206400.0,long,short,short,short,short,long,short,short,short,short,short,short,short,short,short,short,short,short,short,short,neutral,neutral,long,short,neutral,neutral,neutral,short,long,long,long,long,long,long,long,long,long,long,long,long,long,long,long,long,long,short,short,short,short,short,short,short,short,short,short,long,long
623,2023-08-16 14:00:00,OANDA:GBPUSD,1.27406,1.2749,1.2721,1.2721,11991.0,Interval.in_2_hour,51199200.0,long,long,long,long,long,long,long,long,short,short,short,short,long,long,long,long,long,long,short,short,long,long,long,short,short,neutral,neutral,long,long,long,long,long,long,long,short,long,long,long,long,long,long,long,long,long,long,long,long,long,long,long,short,short,long,long,short,long,long
624,2023-08-16 12:00:00,OANDA:GBPUSD,1.27582,1.27666,1.27366,1.27406,10121.0,Interval.in_2_hour,51192000.0,long,long,long,short,long,long,long,long,long,short,short,short,short,short,long,long,short,short,short,short,neutral,neutral,long,short,neutral,neutral,neutral,long,long,long,long,long,long,long,long,long,long,long,long,long,long,long,long,long,long,short,long,short,short,short,short,short,short,short,short,short,long
625,2023-08-16 10:00:00,OANDA:GBPUSD,1.27271,1.27664,1.27269,1.27582,12489.0,Interval.in_2_hour,51184800.0,short,long,short,long,short,short,short,short,short,short,short,short,short,short,short,short,short,short,short,short,neutral,neutral,long,short,long,long,long,long,long,long,long,long,long,long,long,long,long,long,long,long,long,long,long,long,long,short,short,short,short,short,short,short,short,short,short,short,short
626,2023-08-16 08:00:00,OANDA:GBPUSD,1.27072,1.27332,1.26993,1.27271,12293.0,Interval.in_2_hour,51177600.0,short,long,long,long,long,long,long,long,long,long,long,short,short,short,short,short,long,long,short,short,short,neutral,long,short,long,long,neutral,long,long,long,long,short,short,long,long,long,long,long,long,long,long,long,long,long,long,long,long,short,long,long,short,long,long,short,short,short,long
627,2023-08-16 06:00:00,OANDA:GBPUSD,1.26962,1.27072,1.26956,1.27072,9705.0,Interval.in_2_hour,51170400.0,long,long,long,long,long,long,long,long,long,long,long,long,long,long,long,long,long,long,short,short,neutral,neutral,long,short,long,neutral,neutral,short,short,short,short,short,short,short,short,long,long,long,long,long,long,long,long,long,long,long,long,long,long,long,long,long,long,long,long,long,long
628,2023-08-16 04:00:00,OANDA:GBPUSD,1.2696,1.2704,1.26872,1.26962,14212.0,Interval.in_2_hour,51163200.0,long,long,long,long,long,long,long,long,long,long,long,long,long,long,long,long,long,long,short,short,neutral,neutral,long,short,neutral,neutral,neutral,short,short,short,short,short,short,short,short,long,long,long,long,long,long,long,long,long,short,long,long,long,long,long,long,long,long,long,long,long,long
629,2023-08-16 02:00:00,OANDA:GBPUSD,1.27002,1.27028,1.26923,1.2696,6174.0,Interval.in_2_hour,51156000.0,long,long,long,long,long,long,long,long,long,long,long,long,long,long,long,long,long,long,short,short,neutral,neutral,long,short,short,short,short,short,short,short,short,short,short,short,long,long,long,long,long,long,long,long,long,short,long,long,long,long,long,long,long,long,long,long,long,long,long
630,2023-08-16 00:00:00,OANDA:GBPUSD,1.27036,1.27056,1.26966,1.27002,2514.0,Interval.in_2_hour,51148800.0,long,long,long,long,long,long,long,long,long,long,long,long,long,long,long,long,long,long,short,short,neutral,neutral,long,short,short,short,short,short,short,short,short,short,long,long,long,long,long,long,long,long,long,long,long,long,long,short,short,long,long,long,long,long,long,long,long,long,long
631,2023-08-15 22:00:00,OANDA:GBPUSD,1.27058,1.27078,1.26944,1.27036,7310.0,Interval.in_2_hour,51141600.0,long,long,long,long,long,long,long,long,long,long,long,long,long,long,long,long,long,long,short,short,neutral,neutral,long,short,short,short,neutral,short,short,short,short,long,long,long,long,long,long,long,long,long,long,long,long,long,long,short,short,short,long,long,long,long,long,long,long,long,long
632,2023-08-15 20:00:00,OANDA:GBPUSD,1.27236,1.27254,1.27042,1.27058,8852.0,Interval.in_2_hour,51134400.0,long,long,long,long,long,long,long,long,long,long,long,long,long,long,long,long,long,long,short,short,neutral,neutral,long,short,short,neutral,neutral,long,long,long,long,long,long,long,long,long,long,long,long,long,long,long,long,long,long,short,short,short,short,long,long,long,long,long,long,long,long
633,2023-08-15 18:00:00,OANDA:GBPUSD,1.2745,1.27526,1.27228,1.27236,12511.0,Interval.in_2_hour,51127200.0,long,long,long,short,short,short,long,short,long,long,long,long,long,long,long,long,long,long,short,short,neutral,neutral,long,short,neutral,neutral,neutral,long,long,long,long,long,long,long,long,long,long,long,long,long,long,long,long,long,long,short,short,short,short,short,short,long,long,long,short,long,long
634,2023-08-15 16:00:00,OANDA:GBPUSD,1.27159,1.27504,1.2708,1.2745,24013.0,Interval.in_2_hour,51120000.0,short,short,short,short,short,short,short,short,short,long,long,long,long,short,long,long,long,long,short,short,neutral,neutral,long,short,long,neutral,neutral,long,long,long,long,long,long,long,long,long,long,long,long,long,long,long,long,long,long,short,short,short,short,short,short,short,short,long,short,short,long
635,2023-08-15 14:00:00,OANDA:GBPUSD,1.27102,1.27235,1.26817,1.27159,17876.0,Interval.in_2_hour,51112800.0,long,long,long,long,long,long,long,long,long,short,long,long,long,long,long,long,long,long,short,long,neutral,neutral,long,short,neutral,neutral,neutral,long,long,long,long,long,long,long,long,long,long,long,long,long,long,long,long,long,long,long,long,short,short,short,short,short,short,long,long,long,long
636,2023-08-15 12:00:00,OANDA:GBPUSD,1.27118,1.27302,1.2697,1.27102,13404.0,Interval.in_2_hour,51105600.0,long,long,long,long,long,long,long,long,long,long,long,long,long,long,long,long,long,long,short,long,neutral,neutral,long,short,neutral,neutral,neutral,long,long,long,long,long,long,long,long,long,long,long,long,long,long,long,long,long,long,long,long,long,short,short,short,short,short,short,long,long,long
637,2023-08-15 10:00:00,OANDA:GBPUSD,1.27118,1.27146,1.26826,1.27118,16747.0,Interval.in_2_hour,51098400.0,long,long,long,long,long,long,long,long,long,long,long,long,long,long,long,long,long,long,short,long,neutral,neutral,long,short,long,long,neutral,long,long,long,long,long,long,long,long,long,long,long,long,long,long,long,long,long,long,short,long,long,long,short,short,short,short,short,short,long,long
638,2023-08-15 08:00:00,OANDA:GBPUSD,1.26853,1.27211,1.26794,1.27118,16341.0,Interval.in_2_hour,51091200.0,long,long,long,long,long,long,long,long,long,long,long,long,long,long,long,long,long,long,short,long,neutral,neutral,long,short,long,neutral,neutral,long,long,long,long,long,long,long,short,long,long,long,long,long,long,long,long,short,short,long,short,long,long,long,short,short,short,short,short,short,long
639,2023-08-15 06:00:00,OANDA:GBPUSD,1.26824,1.26923,1.26824,1.26853,8028.0,Interval.in_2_hour,51084000.0,long,long,long,long,long,long,long,long,long,long,long,long,long,long,long,long,long,long,short,long,neutral,neutral,long,short,neutral,neutral,neutral,short,long,short,long,long,long,short,short,long,long,long,short,short,short,short,short,short,short,long,long,long,long,long,long,long,long,long,long,long,long
640,2023-08-15 04:00:00,OANDA:GBPUSD,1.26835,1.26938,1.2675,1.26824,14882.0,Interval.in_2_hour,51076800.0,long,long,long,long,long,long,long,long,long,long,long,long,long,long,long,long,long,long,short,long,neutral,neutral,long,short,short,short,neutral,long,short,long,long,long,short,short,long,long,long,short,short,short,short,short,short,short,short,long,long,long,long,long,long,long,long,long,long,long,long
641,2023-08-15 02:00:00,OANDA:GBPUSD,1.26855,1.26876,1.26764,1.26835,6184.0,Interval.in_2_hour,51069600.0,long,long,long,long,long,long,long,long,long,long,long,long,long,long,long,long,long,long,short,long,neutral,neutral,long,short,short,neutral,neutral,short,long,long,long,short,short,long,long,long,short,short,short,short,short,short,short,short,short,short,long,long,long,long,long,long,long,long,long,long,long
642,2023-08-15 00:00:00,OANDA:GBPUSD,1.26872,1.26952,1.26825,1.26855,1682.0,Interval.in_2_hour,51062400.0,long,long,long,long,long,long,long,long,long,long,long,long,long,long,long,long,long,long,short,long,neutral,neutral,long,short,neutral,neutral,neutral,long,long,long,short,short,long,long,long,long,short,short,short,short,short,short,short,short,short,short,short,short,long,long,long,long,long,long,long,long,long
643,2023-08-14 22:00:00,OANDA:GBPUSD,1.26745,1.26982,1.26733,1.26872,7085.0,Interval.in_2_hour,51055200.0,long,long,long,long,long,long,long,long,long,long,long,long,long,long,long,long,long,long,short,long,long,long,long,short,neutral,neutral,neutral,long,long,short,short,long,long,long,short,short,short,short,short,short,short,short,short,short,short,short,short,short,short,long,long,long,long,long,long,long,long
644,2023-08-14 20:00:00,OANDA:GBPUSD,1.26973,1.27017,1.26736,1.26745,8694.0,Interval.in_2_hour,51048000.0,long,long,long,long,long,long,long,long,long,long,long,long,long,long,long,long,long,long,short,long,neutral,neutral,long,short,neutral,neutral,neutral,long,short,short,long,long,long,long,short,short,short,short,short,short,short,short,short,long,long,long,long,long,long,long,long,long,long,long,long,long,long
645,2023-08-14 18:00:00,OANDA:GBPUSD,1.26608,1.27066,1.26594,1.26973,11917.0,Interval.in_2_hour,51040800.0,long,long,long,short,short,long,long,long,long,long,long,long,long,long,long,long,long,long,short,long,short,short,long,short,long,neutral,neutral,short,short,long,long,long,short,short,short,short,short,short,short,short,short,short,short,short,long,short,short,short,short,short,short,long,long,long,long,long,long
646,2023-08-14 16:00:00,OANDA:GBPUSD,1.26568,1.26682,1.26166,1.26608,18356.0,Interval.in_2_hour,51033600.0,long,long,long,long,long,long,long,long,long,long,long,long,long,long,long,long,long,long,short,long,neutral,neutral,long,short,neutral,neutral,neutral,short,short,short,short,short,short,short,short,short,short,short,short,short,short,short,short,short,short,long,long,long,long,long,long,long,long,long,long,long,long
647,2023-08-14 14:00:00,OANDA:GBPUSD,1.27016,1.27021,1.2645,1.26568,12734.0,Interval.in_2_hour,51026400.0,long,long,long,long,long,long,long,long,long,long,long,long,long,long,long,long,long,long,short,long,long,neutral,long,short,neutral,neutral,neutral,long,long,long,short,short,short,short,short,short,short,short,short,short,short,short,long,long,short,long,long,long,long,long,long,long,long,long,long,long,long
648,2023-08-14 12:00:00,OANDA:GBPUSD,1.26978,1.27148,1.26877,1.27016,10045.0,Interval.in_2_hour,51019200.0,long,long,long,long,long,short,short,short,long,long,long,long,long,long,long,long,long,long,short,long,neutral,neutral,long,short,long,long,long,long,long,long,long,long,long,short,long,short,short,short,long,long,long,long,long,long,short,short,short,short,short,short,short,short,short,short,long,long,long
649,2023-08-14 10:00:00,OANDA:GBPUSD,1.26766,1.27078,1.26697,1.26978,14810.0,Interval.in_2_hour,51012000.0,long,long,long,long,long,long,long,short,short,long,long,long,long,long,long,long,long,long,short,long,short,neutral,long,short,long,long,neutral,long,long,short,short,short,short,short,short,short,short,short,long,long,long,long,long,short,short,long,short,short,short,short,short,short,short,short,short,long,long
650,2023-08-14 08:00:00,OANDA:GBPUSD,1.26716,1.26862,1.26713,1.26766,11171.0,Interval.in_2_hour,51004800.0,long,long,long,long,long,long,long,long,long,long,long,long,long,long,long,long,long,long,short,long,short,neutral,long,short,long,neutral,neutral,short,short,short,short,short,short,short,short,short,short,short,short,short,long,short,short,short,short,long,long,short,short,long,short,long,long,long,long,long,long
651,2023-08-14 06:00:00,OANDA:GBPUSD,1.26682,1.26732,1.26668,1.26716,6823.0,Interval.in_2_hour,50997600.0,long,long,long,long,long,long,long,long,long,long,long,long,long,long,long,long,long,long,short,long,neutral,neutral,long,short,neutral,neutral,neutral,short,short,short,short,short,short,short,short,short,short,short,short,short,short,short,short,short,short,long,long,long,short,short,long,long,long,long,long,long,long
652,2023-08-14 04:00:00,OANDA:GBPUSD,1.26823,1.26863,1.26664,1.26682,12127.0,Interval.in_2_hour,50990400.0,long,long,long,long,long,long,long,long,long,long,long,long,long,long,long,long,long,long,short,long,neutral,neutral,long,short,short,short,short,short,short,short,short,short,short,short,short,short,short,short,long,short,short,short,short,short,short,long,long,long,long,short,short,long,long,long,long,long,long
653,2023-08-14 02:00:00,OANDA:GBPUSD,1.26886,1.26975,1.26796,1.26823,6746.0,Interval.in_2_hour,50983200.0,long,long,long,long,long,long,long,long,long,long,long,long,long,long,long,long,long,long,short,long,neutral,neutral,long,short,short,short,neutral,short,short,short,short,short,short,short,long,long,long,long,long,short,short,short,short,short,short,short,short,short,long,long,short,short,long,short,long,long,long
654,2023-08-14 00:00:00,OANDA:GBPUSD,1.26946,1.27076,1.26866,1.26886,2759.0,Interval.in_2_hour,50976000.0,short,short,short,long,long,long,long,long,long,long,long,long,long,long,long,long,long,long,short,long,neutral,neutral,long,short,short,neutral,neutral,short,short,short,short,short,short,long,long,long,long,long,short,short,short,short,short,short,short,short,short,short,short,long,long,short,short,long,short,short,short
655,2023-08-11 22:00:00,OANDA:GBPUSD,1.26976,1.2702,1.26889,1.26946,5707.0,Interval.in_2_hour,50796000.0,short,short,short,short,long,long,long,long,long,long,long,long,long,long,long,long,long,long,short,long,neutral,neutral,long,short,neutral,neutral,neutral,short,short,short,short,long,long,long,long,long,long,short,short,short,short,short,short,short,short,short,short,short,short,short,long,long,short,short,long,short,short
656,2023-08-11 20:00:00,OANDA:GBPUSD,1.26909,1.27028,1.26857,1.26976,9761.0,Interval.in_2_hour,50788800.0,short,short,short,short,short,long,long,long,long,long,long,long,long,long,short,short,long,long,short,long,neutral,neutral,long,short,neutral,neutral,neutral,short,short,short,long,long,long,long,long,long,short,short,short,short,short,short,short,short,short,short,short,short,short,short,short,long,long,short,short,short,short
657,2023-08-11 18:00:00,OANDA:GBPUSD,1.27127,1.27186,1.26852,1.26909,12600.0,Interval.in_2_hour,50781600.0,short,short,short,short,short,short,long,long,long,long,long,long,long,long,long,long,long,long,short,long,neutral,neutral,long,short,neutral,neutral,neutral,short,short,long,long,long,long,long,long,short,short,short,short,short,short,short,short,short,short,long,long,short,short,short,short,short,long,long,short,short,long
658,2023-08-11 16:00:00,OANDA:GBPUSD,1.2686,1.27288,1.2682,1.27127,24437.0,Interval.in_2_hour,50774400.0,short,short,short,short,short,short,short,short,short,short,long,long,long,short,short,short,short,short,short,long,short,short,long,short,neutral,neutral,neutral,short,long,long,long,long,long,long,short,short,short,short,short,short,short,short,short,short,short,short,short,short,short,short,short,short,short,short,short,short,short
659,2023-08-11 14:00:00,OANDA:GBPUSD,1.27163,1.2739,1.2682,1.2686,17234.0,Interval.in_2_hour,50767200.0,short,long,short,long,short,short,short,short,long,long,long,long,long,long,long,long,long,long,short,long,short,short,long,short,neutral,neutral,neutral,long,long,long,long,long,long,short,short,short,short,short,short,short,short,short,short,short,short,long,long,long,long,long,short,short,short,short,long,long,short
660,2023-08-11 12:00:00,OANDA:GBPUSD,1.27058,1.27174,1.26937,1.27163,11787.0,Interval.in_2_hour,50760000.0,short,short,short,short,short,short,short,short,short,short,short,short,short,long,long,short,short,short,short,long,neutral,neutral,long,short,long,long,long,long,long,long,long,long,long,short,short,short,short,short,short,short,short,short,short,short,short,short,short,short,short,short,short,short,short,short,short,short,short
661,2023-08-11 10:00:00,OANDA:GBPUSD,1.27044,1.2717,1.26983,1.27058,13159.0,Interval.in_2_hour,50752800.0,short,short,short,short,short,short,short,short,short,short,long,long,long,long,long,long,long,short,short,long,neutral,neutral,long,short,long,long,neutral,long,long,long,long,long,short,short,short,short,short,short,short,short,short,short,short,short,short,long,short,long,short,short,short,short,short,short,short,short,short
662,2023-08-11 08:00:00,OANDA:GBPUSD,1.2682,1.27232,1.26796,1.27044,12082.0,Interval.in_2_hour,50745600.0,short,short,short,short,short,short,short,short,short,short,short,long,long,long,long,long,long,long,short,long,short,short,long,short,long,neutral,neutral,long,long,long,short,short,short,short,short,short,short,short,short,short,short,short,short,short,short,long,long,short,long,short,short,short,short,short,short,short,short
663,2023-08-11 06:00:00,OANDA:GBPUSD,1.26812,1.26882,1.26799,1.2682,8657.0,Interval.in_2_hour,50738400.0,short,long,long,short,short,long,short,long,long,long,long,long,long,long,long,long,long,long,short,long,neutral,neutral,long,short,neutral,neutral,neutral,long,short,short,short,short,short,short,short,short,short,short,short,short,short,short,short,short,short,long,long,long,long,long,long,long,long,long,long,short,short
664,2023-08-11 04:00:00,OANDA:GBPUSD,1.26815,1.2691,1.26782,1.26812,9136.0,Interval.in_2_hour,50731200.0,short,short,long,long,short,short,long,short,long,long,long,long,long,long,long,long,long,long,short,long,neutral,neutral,long,short,neutral,neutral,neutral,short,short,short,short,short,short,short,short,short,short,short,short,short,short,short,short,short,short,long,long,long,long,long,long,long,long,long,long,long,short
665,2023-08-11 02:00:00,OANDA:GBPUSD,1.26724,1.26816,1.2666,1.26815,5112.0,Interval.in_2_hour,50724000.0,short,short,short,long,long,short,short,long,short,long,long,long,long,long,long,long,long,long,long,long,neutral,neutral,long,short,neutral,neutral,neutral,short,short,short,short,short,short,short,short,short,short,short,short,short,short,short,short,short,short,short,long,long,long,long,long,long,long,long,long,long,long
666,2023-08-11 00:00:00,OANDA:GBPUSD,1.26754,1.26816,1.26721,1.26724,1553.0,Interval.in_2_hour,50716800.0,long,short,short,long,long,long,short,short,long,long,long,long,long,long,long,long,long,long,long,long,neutral,neutral,long,short,short,short,short,short,short,short,short,short,short,short,short,short,short,short,short,short,short,short,short,short,short,long,long,long,long,long,long,long,long,long,long,long,long
667,2023-08-10 22:00:00,OANDA:GBPUSD,1.26931,1.26932,1.26729,1.26754,7350.0,Interval.in_2_hour,50709600.0,long,long,short,short,long,long,long,short,short,long,short,long,long,long,long,long,long,long,long,long,neutral,neutral,long,short,short,short,short,short,short,short,short,short,short,short,short,short,short,short,short,short,short,short,short,short,short,short,long,long,long,long,long,long,long,long,long,long,long
668,2023-08-10 20:00:00,OANDA:GBPUSD,1.27158,1.27169,1.26698,1.26931,15347.0,Interval.in_2_hour,50702400.0,long,short,short,short,short,short,long,long,short,short,long,short,short,short,short,short,short,long,long,long,neutral,neutral,long,short,short,short,neutral,short,short,short,short,short,short,short,short,short,short,short,short,short,short,short,short,short,short,short,short,short,short,short,long,long,long,short,long,short,long
669,2023-08-10 18:00:00,OANDA:GBPUSD,1.27358,1.2736,1.27057,1.27158,14479.0,Interval.in_2_hour,50695200.0,short,short,short,short,short,short,short,short,short,short,short,short,short,short,short,short,short,short,long,short,neutral,neutral,long,short,short,neutral,neutral,short,short,long,long,long,long,long,long,long,short,short,short,short,short,short,short,short,short,short,short,short,short,short,short,short,short,long,short,short,short
670,2023-08-10 16:00:00,OANDA:GBPUSD,1.2781,1.2786,1.27297,1.27358,25680.0,Interval.in_2_hour,50688000.0,short,short,short,short,short,short,short,short,short,short,short,short,short,short,short,short,short,short,long,short,long,long,long,short,neutral,neutral,neutral,long,long,long,long,long,long,long,long,long,long,long,long,short,short,long,long,long,long,short,short,short,short,short,short,short,short,short,short,short,short
671,2023-08-10 14:00:00,OANDA:GBPUSD,1.27706,1.2819,1.2754,1.2781,17858.0,Interval.in_2_hour,50680800.0,short,short,short,short,short,short,short,short,short,short,short,short,short,short,short,short,short,short,long,short,long,long,long,short,long,long,long,long,long,long,long,long,long,long,long,long,long,long,long,long,long,long,long,long,long,short,short,short,short,short,short,short,short,short,short,short,short
672,2023-08-10 12:00:00,OANDA:GBPUSD,1.27565,1.27732,1.27546,1.27706,9264.0,Interval.in_2_hour,50673600.0,short,short,short,short,short,short,short,short,short,short,short,short,short,short,short,short,short,short,long,long,neutral,neutral,long,short,long,long,neutral,long,long,long,long,long,long,long,long,long,long,short,short,long,long,long,long,long,long,long,short,short,short,short,short,short,short,short,short,short,short
673,2023-08-10 10:00:00,OANDA:GBPUSD,1.27326,1.27697,1.27308,1.27565,13099.0,Interval.in_2_hour,50666400.0,short,short,short,short,short,short,short,short,short,short,short,short,short,short,short,short,short,short,long,long,neutral,neutral,long,short,long,neutral,neutral,long,long,long,long,long,long,long,long,short,short,short,short,short,long,long,short,long,long,long,long,short,short,short,short,short,short,short,short,short,short
674,2023-08-10 08:00:00,OANDA:GBPUSD,1.27124,1.27342,1.2712,1.27326,8734.0,Interval.in_2_hour,50659200.0,short,short,short,short,short,short,short,short,short,short,short,short,short,short,short,short,short,short,long,long,neutral,neutral,long,short,neutral,neutral,neutral,long,long,long,short,short,short,short,short,short,short,short,short,short,short,short,short,short,long,long,long,long,long,short,short,short,short,short,short,short,short
675,2023-08-10 06:00:00,OANDA:GBPUSD,1.27154,1.27192,1.27116,1.27124,6333.0,Interval.in_2_hour,50652000.0,short,short,long,short,long,short,short,short,short,short,short,short,short,short,short,short,short,short,long,long,neutral,neutral,long,short,neutral,neutral,neutral,short,short,short,short,short,short,short,short,short,short,short,short,short,short,short,short,long,long,long,long,long,long,long,long,short,short,short,short,short,short
676,2023-08-10 04:00:00,OANDA:GBPUSD,1.27133,1.27238,1.27075,1.27154,9146.0,Interval.in_2_hour,50644800.0,short,short,short,long,short,short,short,short,short,short,short,short,short,short,short,short,short,short,long,long,neutral,neutral,long,short,neutral,neutral,neutral,short,short,short,short,short,short,short,short,short,short,short,short,short,short,short,long,long,short,short,long,long,long,long,long,long,short,short,short,short,short
677,2023-08-10 02:00:00,OANDA:GBPUSD,1.27176,1.27208,1.27106,1.27133,4451.0,Interval.in_2_hour,50637600.0,short,short,short,short,long,short,short,short,short,short,short,short,short,short,short,short,short,short,long,long,neutral,neutral,long,short,short,short,neutral,short,short,short,short,short,short,short,short,short,short,short,short,short,short,long,long,short,short,long,short,long,long,long,long,long,long,short,short,short,short
678,2023-08-10 00:00:00,OANDA:GBPUSD,1.2719,1.27234,1.2717,1.27176,1576.0,Interval.in_2_hour,50630400.0,short,short,short,short,short,short,short,short,short,short,short,short,short,short,short,short,short,short,long,long,short,short,long,short,short,neutral,neutral,short,short,short,short,short,short,short,short,short,short,short,short,short,long,long,short,short,short,short,short,short,long,long,long,long,long,short,short,short,short
679,2023-08-09 22:00:00,OANDA:GBPUSD,1.27237,1.2731,1.27184,1.2719,5754.0,Interval.in_2_hour,50623200.0,short,short,short,short,short,short,short,short,short,short,short,short,short,short,short,short,short,short,long,long,neutral,neutral,long,short,neutral,neutral,neutral,short,short,short,short,short,short,short,short,short,short,short,short,long,long,short,short,short,short,short,short,short,short,long,long,long,long,long,short,short,short
680,2023-08-09 20:00:00,OANDA:GBPUSD,1.27232,1.27383,1.27212,1.27237,7479.0,Interval.in_2_hour,50616000.0,short,short,short,short,short,short,short,short,short,short,short,short,short,short,short,short,short,short,long,long,short,short,long,short,neutral,neutral,neutral,short,short,short,short,short,short,short,short,short,short,short,long,long,short,short,short,short,short,short,short,short,short,short,long,long,long,long,long,short,short
681,2023-08-09 18:00:00,OANDA:GBPUSD,1.27322,1.27344,1.27119,1.27232,10230.0,Interval.in_2_hour,50608800.0,short,short,short,short,short,short,short,short,short,short,short,short,short,short,short,short,short,short,long,long,neutral,neutral,long,short,neutral,neutral,neutral,short,short,short,short,short,short,short,short,short,long,long,long,short,short,short,short,short,short,long,short,short,short,short,short,long,long,long,long,long,short
682,2023-08-09 16:00:00,OANDA:GBPUSD,1.27294,1.27516,1.2728,1.27322,17004.0,Interval.in_2_hour,50601600.0,short,short,short,short,short,short,short,short,short,short,short,short,short,short,short,short,short,short,long,long,short,neutral,long,short,neutral,neutral,neutral,short,short,short,short,short,short,short,short,long,long,long,short,short,short,short,short,short,short,short,short,short,short,short,short,short,long,long,long,long,long
683,2023-08-09 14:00:00,OANDA:GBPUSD,1.27356,1.27426,1.27123,1.27294,12381.0,Interval.in_2_hour,50594400.0,long,short,short,short,short,short,short,short,short,short,short,short,short,short,short,short,short,short,long,long,neutral,neutral,long,short,short,short,neutral,short,short,short,short,short,short,short,long,long,long,short,short,short,short,short,short,short,short,long,short,short,short,short,short,short,short,long,long,long,long
684,2023-08-09 12:00:00,OANDA:GBPUSD,1.27541,1.27554,1.27296,1.27356,10645.0,Interval.in_2_hour,50587200.0,long,long,short,short,short,short,short,short,short,short,short,short,short,short,short,short,short,short,long,long,neutral,neutral,long,short,short,neutral,neutral,short,short,long,long,short,long,long,long,long,long,short,short,short,short,short,short,short,short,short,short,short,short,short,short,short,short,short,short,long,long
685,2023-08-09 10:00:00,OANDA:GBPUSD,1.2774,1.27822,1.27486,1.27541,12442.0,Interval.in_2_hour,50580000.0,long,long,short,short,short,short,short,short,short,short,short,short,short,short,short,short,short,short,long,long,long,neutral,long,short,neutral,neutral,neutral,long,long,long,long,long,long,long,long,long,long,long,long,short,short,short,short,short,short,short,short,short,short,short,short,short,short,short,short,short,long
686,2023-08-09 08:00:00,OANDA:GBPUSD,1.27572,1.27778,1.27568,1.2774,8815.0,Interval.in_2_hour,50572800.0,short,short,long,short,short,short,short,short,short,short,short,short,short,short,short,short,short,short,long,long,neutral,neutral,long,short,long,long,long,long,long,long,long,long,long,long,long,long,long,long,short,short,short,short,short,short,short,short,short,short,short,short,short,short,short,short,short,short,short
687,2023-08-09 06:00:00,OANDA:GBPUSD,1.2756,1.27596,1.27506,1.27572,9303.0,Interval.in_2_hour,50565600.0,short,short,long,long,short,short,short,short,short,short,short,short,short,short,short,short,short,short,long,long,neutral,neutral,long,short,long,long,neutral,long,long,long,long,long,long,long,long,short,short,short,short,short,short,short,short,short,long,long,short,short,short,short,short,short,short,short,short,short,short
688,2023-08-09 04:00:00,OANDA:GBPUSD,1.27408,1.27566,1.27395,1.2756,11653.0,Interval.in_2_hour,50558400.0,short,short,long,long,long,short,short,short,short,short,short,short,short,short,short,short,short,short,long,long,neutral,neutral,long,short,long,neutral,neutral,long,long,long,long,long,long,short,short,short,short,short,short,short,short,short,short,short,long,long,long,short,short,short,short,short,short,short,short,short,short
689,2023-08-09 02:00:00,OANDA:GBPUSD,1.27394,1.27501,1.27392,1.27408,5742.0,Interval.in_2_hour,50551200.0,short,short,short,long,long,long,short,short,short,short,short,short,short,short,short,short,short,short,long,long,neutral,neutral,long,short,neutral,neutral,neutral,long,long,long,long,long,short,short,short,short,short,short,short,short,short,short,short,long,long,long,long,long,long,short,short,short,short,short,short,short,short
690,2023-08-09 00:00:00,OANDA:GBPUSD,1.27482,1.2749,1.27394,1.27394,2572.0,Interval.in_2_hour,50544000.0,short,short,short,short,long,long,long,short,short,short,short,short,short,short,short,short,short,short,long,long,neutral,neutral,long,short,neutral,neutral,neutral,long,long,long,long,short,short,short,short,short,short,short,short,short,short,short,long,long,long,long,long,long,long,long,short,short,short,short,short,short,short
691,2023-08-08 22:00:00,OANDA:GBPUSD,1.27463,1.27516,1.27434,1.27482,4000.0,Interval.in_2_hour,50536800.0,short,short,short,short,short,long,long,long,short,short,short,short,short,short,short,short,short,short,long,long,neutral,neutral,long,short,long,long,long,long,long,long,short,short,short,short,short,short,short,short,short,short,short,long,long,long,long,short,short,long,long,long,long,short,short,short,short,short,short
692,2023-08-08 20:00:00,OANDA:GBPUSD,1.27332,1.27468,1.2731,1.27463,7928.0,Interval.in_2_hour,50529600.0,short,short,short,short,short,short,long,long,long,short,short,short,short,short,short,short,short,short,long,long,neutral,neutral,long,short,long,long,neutral,long,long,short,short,short,short,short,short,short,short,short,short,short,long,long,long,long,short,long,short,short,long,long,long,long,short,short,short,short,short
693,2023-08-08 18:00:00,OANDA:GBPUSD,1.27212,1.27432,1.27112,1.27332,10134.0,Interval.in_2_hour,50522400.0,short,short,short,short,short,short,short,long,long,long,long,short,short,short,short,short,short,short,long,long,short,neutral,long,short,long,neutral,neutral,short,short,short,short,short,short,short,short,short,short,short,short,short,long,short,short,short,short,long,long,long,long,long,long,long,long,long,short,short,short
694,2023-08-08 16:00:00,OANDA:GBPUSD,1.26976,1.27247,1.2687,1.27212,16663.0,Interval.in_2_hour,50515200.0,long,long,short,short,short,short,short,long,long,long,long,long,short,short,short,short,short,short,long,long,neutral,neutral,long,short,neutral,neutral,neutral,short,short,short,short,short,short,short,short,short,short,short,short,short,short,short,short,short,short,long,long,long,long,long,long,long,long,long,long,long,long
695,2023-08-08 14:00:00,OANDA:GBPUSD,1.2721,1.27288,1.26842,1.26976,15422.0,Interval.in_2_hour,50508000.0,long,long,long,long,long,long,long,long,long,long,long,long,long,long,short,short,short,short,long,long,neutral,neutral,long,short,short,short,short,short,short,short,short,short,short,short,short,short,short,short,short,short,short,short,short,short,short,long,long,long,long,long,long,long,long,long,long,long,long
696,2023-08-08 12:00:00,OANDA:GBPUSD,1.27532,1.27548,1.27168,1.2721,13844.0,Interval.in_2_hour,50500800.0,long,long,long,long,short,short,short,short,short,long,long,long,long,long,short,short,short,short,long,long,neutral,neutral,long,short,short,short,neutral,short,short,short,short,short,short,short,short,short,long,long,long,short,short,short,short,short,short,short,long,long,long,long,long,long,long,long,long,long,long
697,2023-08-08 10:00:00,OANDA:GBPUSD,1.27574,1.27632,1.2738,1.27532,15739.0,Interval.in_2_hour,50493600.0,short,short,short,short,short,short,short,short,short,short,short,long,long,long,short,short,short,short,long,short,neutral,neutral,long,short,short,neutral,neutral,short,short,short,short,short,short,short,long,long,long,long,long,long,short,long,long,short,short,short,short,short,short,short,short,short,short,long,long,long,long
698,2023-08-08 08:00:00,OANDA:GBPUSD,1.27622,1.27725,1.27542,1.27574,11979.0,Interval.in_2_hour,50486400.0,short,short,short,short,short,short,short,short,short,short,short,short,short,long,long,short,short,short,long,short,short,neutral,long,short,neutral,neutral,neutral,short,short,short,short,short,short,long,long,long,long,long,long,long,long,long,short,short,long,short,short,short,short,short,short,short,short,short,short,short,long
699,2023-08-08 06:00:00,OANDA:GBPUSD,1.27614,1.27654,1.2752,1.27622,6021.0,Interval.in_2_hour,50479200.0,long,short,short,short,short,short,short,short,short,short,short,short,short,short,long,long,short,short,long,short,neutral,neutral,long,short,neutral,neutral,neutral,short,short,short,short,short,long,long,long,long,long,long,long,long,long,short,short,long,long,short,short,short,short,short,short,short,short,short,short,short,short
700,2023-08-08 04:00:00,OANDA:GBPUSD,1.27736,1.27736,1.27512,1.27614,10793.0,Interval.in_2_hour,50472000.0,short,long,short,short,short,short,short,short,short,short,short,short,short,short,short,long,long,short,long,short,neutral,neutral,long,short,short,short,neutral,short,short,short,short,long,long,long,long,long,long,long,long,long,short,short,long,long,long,long,short,short,short,short,short,short,short,short,short,short,short
701,2023-08-08 02:00:00,OANDA:GBPUSD,1.27818,1.27856,1.27716,1.27736,4567.0,Interval.in_2_hour,50464800.0,short,short,long,short,short,short,short,short,short,short,short,short,short,short,short,short,short,long,long,short,neutral,neutral,long,short,short,neutral,neutral,short,long,long,long,long,long,long,long,long,long,long,long,long,long,long,long,long,long,short,short,short,short,short,short,short,short,short,short,short,short
702,2023-08-08 00:00:00,OANDA:GBPUSD,1.27839,1.27858,1.2777,1.27818,1725.0,Interval.in_2_hour,50457600.0,short,short,short,short,short,short,short,short,short,short,short,short,short,short,short,short,short,short,long,short,long,neutral,long,short,neutral,neutral,neutral,long,long,long,long,long,long,long,long,long,long,long,long,long,long,long,long,long,long,short,short,short,short,short,short,short,short,short,short,short,short
703,2023-08-07 22:00:00,OANDA:GBPUSD,1.27836,1.27883,1.27804,1.27839,3980.0,Interval.in_2_hour,50450400.0,short,short,short,short,short,short,short,short,short,short,short,short,short,short,short,short,short,short,long,short,neutral,neutral,long,short,long,long,neutral,long,long,long,long,long,long,long,long,long,long,long,long,long,long,long,long,long,long,short,short,short,short,short,short,short,short,short,short,short,short
704,2023-08-07 20:00:00,OANDA:GBPUSD,1.2775,1.27894,1.2768,1.27836,5151.0,Interval.in_2_hour,50443200.0,short,short,short,short,short,short,short,short,short,short,short,short,short,short,short,short,short,short,long,short,neutral,neutral,long,short,long,neutral,neutral,long,long,long,long,long,long,long,long,long,long,long,long,long,long,long,long,long,long,long,short,short,short,short,short,short,short,short,short,short,short
705,2023-08-07 18:00:00,OANDA:GBPUSD,1.27706,1.27772,1.27638,1.2775,9714.0,Interval.in_2_hour,50436000.0,short,short,short,short,short,short,short,short,short,short,short,short,short,short,short,short,short,short,long,short,neutral,neutral,long,short,neutral,neutral,neutral,long,long,long,long,long,long,long,long,long,long,long,long,long,long,long,long,long,long,long,long,long,short,short,short,short,short,short,short,short,short
706,2023-08-07 16:00:00,OANDA:GBPUSD,1.2772,1.2787,1.27544,1.27706,13778.0,Interval.in_2_hour,50428800.0,short,short,short,short,short,short,short,long,short,short,short,short,short,short,short,short,short,short,long,short,neutral,neutral,long,short,neutral,neutral,neutral,long,long,long,long,long,long,long,long,long,long,long,long,long,long,long,long,long,long,long,long,long,long,long,short,short,short,short,short,short,short
707,2023-08-07 14:00:00,OANDA:GBPUSD,1.27302,1.27723,1.2727,1.2772,10227.0,Interval.in_2_hour,50421600.0,short,short,short,short,short,short,short,short,long,short,short,short,short,short,short,short,short,short,long,short,neutral,neutral,long,short,long,long,neutral,long,long,short,short,short,short,short,short,long,long,long,long,long,long,long,long,long,long,short,long,long,long,long,long,short,short,short,short,short,short
708,2023-08-07 12:00:00,OANDA:GBPUSD,1.27282,1.2735,1.2717,1.27302,9008.0,Interval.in_2_hour,50414400.0,short,short,long,long,long,long,long,long,long,long,long,long,short,long,short,short,short,short,long,short,neutral,neutral,long,short,long,neutral,neutral,short,short,short,short,short,short,short,short,long,long,long,long,short,short,long,long,long,long,long,long,long,long,long,long,long,long,long,long,long,short
709,2023-08-07 10:00:00,OANDA:GBPUSD,1.27228,1.27448,1.27201,1.27282,11661.0,Interval.in_2_hour,50407200.0,short,short,short,long,long,long,long,long,long,long,long,long,long,long,long,short,short,short,long,short,short,neutral,long,short,neutral,neutral,neutral,short,short,short,short,short,short,short,long,long,long,long,short,short,long,long,long,long,long,long,long,long,long,long,long,long,long,long,long,long,long
710,2023-08-07 08:00:00,OANDA:GBPUSD,1.27349,1.27364,1.27131,1.27228,11031.0,Interval.in_2_hour,50400000.0,long,short,short,short,long,long,long,long,long,long,long,long,long,long,long,long,long,long,long,short,neutral,neutral,long,short,short,short,neutral,short,short,short,short,short,short,long,long,long,long,short,short,long,long,long,long,long,long,long,long,long,long,long,long,long,long,long,long,long,long
711,2023-08-07 06:00:00,OANDA:GBPUSD,1.27444,1.27457,1.2732,1.27349,5254.0,Interval.in_2_hour,50392800.0,long,long,short,short,short,short,long,long,long,long,long,long,long,long,long,short,short,short,long,short,neutral,neutral,long,short,short,neutral,neutral,short,short,short,short,short,long,long,long,long,long,long,long,long,long,long,long,long,long,short,short,short,long,long,long,long,long,long,long,long,long
712,2023-08-07 04:00:00,OANDA:GBPUSD,1.27587,1.27587,1.27378,1.27444,9962.0,Interval.in_2_hour,50385600.0,long,long,long,short,short,short,short,long,long,short,short,long,long,long,long,short,short,short,long,short,neutral,neutral,long,short,neutral,neutral,neutral,short,short,short,long,long,long,long,long,long,long,long,long,long,long,long,long,long,long,short,short,short,short,long,long,long,long,long,long,long,long
713,2023-08-07 02:00:00,OANDA:GBPUSD,1.27532,1.27614,1.27442,1.27587,6898.0,Interval.in_2_hour,50378400.0,long,long,short,short,short,short,short,short,short,short,short,short,short,short,long,short,short,short,long,short,neutral,neutral,long,short,long,neutral,neutral,short,short,long,long,long,long,long,long,long,long,long,long,long,long,long,long,long,long,short,short,short,short,short,long,long,long,long,long,long,long
714,2023-08-07 00:00:00,OANDA:GBPUSD,1.27524,1.27625,1.27466,1.27532,2105.0,Interval.in_2_hour,50371200.0,long,long,long,long,long,short,short,short,short,short,short,short,short,long,long,long,long,short,long,short,neutral,neutral,long,short,neutral,neutral,neutral,short,long,long,long,long,long,long,long,long,long,long,long,long,long,long,long,long,long,long,short,short,short,short,short,long,long,long,long,long,long
715,2023-08-04 22:00:00,OANDA:GBPUSD,1.27544,1.27566,1.2741,1.27524,6179.0,Interval.in_2_hour,50191200.0,long,long,long,long,long,long,short,short,short,short,short,short,short,short,long,long,long,long,long,short,long,long,long,short,short,neutral,neutral,long,long,long,long,long,long,long,long,long,long,long,long,long,long,long,long,long,long,long,long,short,short,short,short,short,long,long,long,long,long
716,2023-08-04 20:00:00,OANDA:GBPUSD,1.27817,1.27922,1.27493,1.27544,8799.0,Interval.in_2_hour,50184000.0,long,long,long,long,long,long,short,short,short,short,short,short,short,short,short,long,long,long,long,short,neutral,neutral,long,short,neutral,neutral,neutral,long,long,long,long,long,long,long,long,long,long,long,long,long,long,long,long,long,long,short,short,long,short,short,short,short,short,long,long,long,long
717,2023-08-04 18:00:00,OANDA:GBPUSD,1.27563,1.27836,1.27502,1.27817,11547.0,Interval.in_2_hour,50176800.0,long,long,long,short,short,short,short,short,short,short,short,short,short,short,short,short,short,short,long,short,neutral,neutral,long,short,long,long,long,long,long,long,long,long,long,long,long,long,long,long,long,long,long,long,long,long,long,short,short,short,short,short,short,short,short,short,short,short,short
718,2023-08-04 16:00:00,OANDA:GBPUSD,1.2745,1.27835,1.27428,1.27563,24102.0,Interval.in_2_hour,50169600.0,long,long,long,long,long,long,long,long,short,short,short,short,short,short,short,short,short,short,long,short,neutral,neutral,long,short,long,long,neutral,long,long,long,long,long,long,long,long,long,long,long,long,long,long,long,long,long,long,long,short,short,short,long,short,short,short,short,short,long,long
719,2023-08-04 14:00:00,OANDA:GBPUSD,1.27015,1.2755,1.26828,1.2745,18970.0,Interval.in_2_hour,50162400.0,long,long,long,long,long,long,long,long,long,long,short,short,short,short,long,long,short,short,long,long,long,neutral,long,short,long,neutral,neutral,long,short,short,long,long,long,long,long,long,long,long,long,long,long,long,long,long,long,long,long,long,long,long,long,short,short,short,short,short,long
720,2023-08-04 12:00:00,OANDA:GBPUSD,1.26994,1.27097,1.26945,1.27015,9042.0,Interval.in_2_hour,50155200.0,long,long,long,long,long,long,long,long,long,long,long,long,short,long,long,long,long,long,long,long,neutral,neutral,long,short,neutral,neutral,neutral,short,short,short,short,short,short,short,long,long,long,long,long,short,short,short,short,short,short,long,long,long,long,long,long,long,long,long,long,long,long
721,2023-08-04 10:00:00,OANDA:GBPUSD,1.27122,1.27158,1.26946,1.26994,11458.0,Interval.in_2_hour,50148000.0,long,long,long,long,long,long,long,long,long,long,long,long,long,short,long,long,long,long,long,long,neutral,neutral,long,short,short,short,neutral,short,short,short,long,short,short,long,long,long,long,long,short,short,short,short,short,short,long,long,long,long,long,long,long,long,long,long,long,long,long
722,2023-08-04 08:00:00,OANDA:GBPUSD,1.27278,1.27346,1.27112,1.27122,10602.0,Interval.in_2_hour,50140800.0,long,long,long,long,long,long,long,long,long,long,long,long,long,long,short,long,long,long,long,long,long,neutral,long,short,short,neutral,neutral,long,long,long,long,long,long,long,long,long,long,long,long,long,long,long,short,long,long,short,short,long,long,long,long,long,long,long,long,long,long
723,2023-08-04 06:00:00,OANDA:GBPUSD,1.27335,1.27413,1.27272,1.27278,7794.0,Interval.in_2_hour,50133600.0,short,long,long,long,long,long,long,long,long,long,long,long,long,long,short,short,short,long,long,long,neutral,neutral,long,short,neutral,neutral,neutral,long,long,long,long,long,long,long,long,long,long,long,long,long,long,long,long,long,short,short,short,short,long,long,long,long,long,long,long,long,long
724,2023-08-04 04:00:00,OANDA:GBPUSD,1.27256,1.27391,1.27245,1.27335,12680.0,Interval.in_2_hour,50126400.0,long,short,short,short,long,long,long,long,long,long,long,long,long,long,long,short,short,short,long,long,neutral,neutral,long,short,long,long,long,long,long,long,long,long,long,long,long,long,long,long,long,long,long,long,long,short,short,short,short,short,short,long,long,long,long,long,long,long,long
725,2023-08-04 02:00:00,OANDA:GBPUSD,1.27136,1.27258,1.27108,1.27256,5776.0,Interval.in_2_hour,50119200.0,long,long,short,long,long,long,long,long,long,long,long,long,long,long,long,long,short,short,long,long,neutral,neutral,long,short,long,long,neutral,long,long,long,long,long,long,long,long,long,long,long,long,short,long,long,short,short,short,long,long,short,short,short,long,long,long,long,long,long,long
726,2023-08-04 00:00:00,OANDA:GBPUSD,1.27094,1.27158,1.27048,1.27136,5104.0,Interval.in_2_hour,50112000.0,long,long,long,long,long,long,long,long,long,long,long,long,long,long,long,long,long,long,long,long,neutral,neutral,long,short,long,neutral,neutral,long,long,long,long,long,long,long,short,short,short,short,short,long,long,short,short,short,short,long,long,long,short,short,short,long,long,long,long,long,long
727,2023-08-03 22:00:00,OANDA:GBPUSD,1.26998,1.27118,1.2697,1.27094,4598.0,Interval.in_2_hour,50104800.0,long,long,long,long,long,long,long,long,long,long,long,long,long,long,long,long,long,long,long,long,neutral,neutral,long,short,neutral,neutral,neutral,long,long,long,long,long,short,short,short,short,short,short,short,neutral,short,short,short,short,short,long,long,long,long,long,short,short,long,long,long,long,long
728,2023-08-03 20:00:00,OANDA:GBPUSD,1.27193,1.27196,1.26996,1.26998,6824.0,Interval.in_2_hour,50097600.0,long,long,long,long,long,long,long,long,long,long,long,long,long,long,long,long,long,long,long,long,neutral,neutral,long,short,neutral,neutral,neutral,long,long,long,long,long,short,short,short,short,short,long,long,short,short,short,short,short,short,long,long,long,long,long,long,short,long,long,long,long,long
729,2023-08-03 18:00:00,OANDA:GBPUSD,1.26942,1.27245,1.26942,1.27193,12223.0,Interval.in_2_hour,50090400.0,long,long,long,long,long,long,long,long,long,long,long,long,long,long,long,long,long,long,long,long,neutral,neutral,long,short,long,long,neutral,long,long,long,short,short,short,short,short,short,long,long,short,short,short,short,short,short,short,short,short,short,long,long,long,short,short,short,long,long,long
730,2023-08-03 16:00:00,OANDA:GBPUSD,1.26727,1.27138,1.265,1.26942,21479.0,Interval.in_2_hour,50083200.0,long,long,long,long,long,long,long,long,long,long,long,long,long,long,long,long,long,long,long,long,neutral,neutral,long,short,long,neutral,neutral,long,short,short,short,short,short,short,short,short,short,short,short,short,short,short,short,short,short,long,long,long,long,long,long,long,long,long,long,long,long
731,2023-08-03 14:00:00,OANDA:GBPUSD,1.26625,1.26932,1.26205,1.26727,26011.0,Interval.in_2_hour,50076000.0,long,long,long,long,long,long,long,long,long,long,long,long,long,long,long,long,long,long,long,long,neutral,neutral,long,short,neutral,neutral,neutral,short,short,short,short,short,short,short,short,short,short,short,short,short,short,short,short,short,short,long,long,long,long,long,long,long,long,long,long,long,long
732,2023-08-03 12:00:00,OANDA:GBPUSD,1.26759,1.26909,1.26466,1.26625,11957.0,Interval.in_2_hour,50068800.0,long,long,long,long,long,long,long,long,long,long,long,long,long,long,long,long,long,long,long,long,neutral,neutral,long,short,short,short,short,short,short,short,short,short,short,short,short,short,short,short,short,short,short,short,short,short,short,long,long,long,long,long,long,long,long,long,long,long,long
733,2023-08-03 10:00:00,OANDA:GBPUSD,1.269,1.27094,1.26726,1.26759,17242.0,Interval.in_2_hour,50061600.0,long,long,long,long,long,long,long,long,long,long,long,long,long,long,long,long,long,long,long,long,short,short,long,short,short,short,short,short,short,short,short,short,short,short,short,short,short,short,short,short,short,short,short,short,short,short,short,long,long,long,long,long,long,long,long,long,long
734,2023-08-03 08:00:00,OANDA:GBPUSD,1.27003,1.2709,1.26867,1.269,11923.0,Interval.in_2_hour,50054400.0,long,long,long,long,long,long,long,long,long,long,long,long,long,long,long,long,long,long,long,long,neutral,neutral,long,short,short,short,short,short,short,short,short,short,short,short,short,short,short,short,short,short,short,short,short,short,short,short,short,short,long,long,long,long,long,long,long,long,long
735,2023-08-03 06:00:00,OANDA:GBPUSD,1.27134,1.27191,1.26996,1.27003,7042.0,Interval.in_2_hour,50047200.0,long,short,long,long,long,long,long,long,long,long,long,long,long,long,long,long,long,long,long,long,neutral,neutral,long,short,short,short,neutral,short,short,short,long,long,short,short,short,short,short,short,short,short,short,short,short,short,short,short,short,short,short,short,long,short,long,long,long,long,long
736,2023-08-03 04:00:00,OANDA:GBPUSD,1.27136,1.27284,1.27098,1.27134,8935.0,Interval.in_2_hour,50040000.0,long,short,short,short,long,long,long,long,long,long,long,long,long,long,long,long,long,long,long,long,neutral,neutral,long,short,short,neutral,neutral,short,short,long,long,short,short,short,short,short,short,short,short,short,short,short,short,short,short,short,short,short,short,short,short,long,short,short,long,long,long
737,2023-08-03 02:00:00,OANDA:GBPUSD,1.27164,1.27222,1.27098,1.27136,4828.0,Interval.in_2_hour,50032800.0,long,long,short,short,short,long,long,long,long,long,long,long,long,long,long,long,long,long,long,long,neutral,neutral,long,short,neutral,neutral,neutral,short,long,long,short,short,short,short,short,short,short,short,short,short,short,short,short,short,short,short,short,short,short,short,short,short,long,short,short,long,long
738,2023-08-03 00:00:00,OANDA:GBPUSD,1.27106,1.2721,1.27086,1.27164,1909.0,Interval.in_2_hour,50025600.0,long,long,long,short,short,short,long,long,long,long,long,long,long,long,long,long,long,long,long,long,neutral,neutral,long,short,neutral,neutral,neutral,long,long,short,short,short,short,short,short,short,short,short,short,short,short,short,short,short,short,short,short,short,short,short,short,short,short,long,short,short,short
739,2023-08-02 22:00:00,OANDA:GBPUSD,1.27199,1.27266,1.27088,1.27106,4124.0,Interval.in_2_hour,50018400.0,long,long,long,long,long,short,short,long,long,long,long,long,long,long,long,long,long,long,long,long,neutral,neutral,long,short,short,neutral,neutral,long,short,short,short,short,short,short,short,short,short,short,short,short,short,short,short,short,short,long,long,long,short,short,short,short,short,short,long,short,short
740,2023-08-02 20:00:00,OANDA:GBPUSD,1.27258,1.2739,1.27178,1.27199,7137.0,Interval.in_2_hour,50011200.0,short,short,long,long,long,short,short,short,long,long,long,long,long,long,long,long,long,long,long,long,long,long,long,short,neutral,neutral,neutral,short,short,short,short,short,short,short,short,short,short,short,short,short,short,short,short,short,short,short,short,short,short,short,short,short,short,short,short,short,short
741,2023-08-02 18:00:00,OANDA:GBPUSD,1.26854,1.27305,1.26834,1.27258,11667.0,Interval.in_2_hour,50004000.0,short,short,short,short,long,long,short,short,short,long,long,long,long,long,long,long,long,long,long,long,short,short,long,short,neutral,neutral,neutral,short,short,short,short,short,short,short,short,short,short,short,short,short,short,short,short,short,short,short,short,short,short,short,short,short,short,short,short,short,short
742,2023-08-02 16:00:00,OANDA:GBPUSD,1.27238,1.2724,1.26804,1.26854,18692.0,Interval.in_2_hour,49996800.0,long,long,long,long,long,long,long,long,long,long,long,long,long,long,long,long,long,long,long,long,neutral,neutral,long,short,short,short,neutral,short,short,short,short,short,short,short,short,short,short,short,short,short,short,short,short,short,short,long,long,long,long,long,long,long,long,short,short,short,long
743,2023-08-02 14:00:00,OANDA:GBPUSD,1.27826,1.27869,1.27232,1.27238,16686.0,Interval.in_2_hour,49989600.0,short,short,short,short,short,long,long,long,short,short,short,long,long,long,long,long,long,long,long,long,neutral,neutral,long,short,short,neutral,neutral,short,short,short,short,short,short,short,short,short,short,short,short,short,short,short,short,short,short,short,long,short,short,short,short,short,short,short,short,short,short
744,2023-08-02 12:00:00,OANDA:GBPUSD,1.27875,1.27924,1.27668,1.27826,10497.0,Interval.in_2_hour,49982400.0,short,short,short,short,short,short,short,short,short,short,short,short,short,short,short,short,short,short,long,long,neutral,neutral,long,short,neutral,neutral,neutral,long,long,short,short,long,long,long,long,long,short,short,short,short,short,short,short,short,short,short,short,short,short,short,short,short,short,short,short,short,short
745,2023-08-02 10:00:00,OANDA:GBPUSD,1.27739,1.2799,1.27653,1.27875,16166.0,Interval.in_2_hour,49975200.0,short,short,short,short,short,short,short,short,short,short,short,short,short,short,short,short,short,short,long,long,neutral,neutral,long,short,neutral,neutral,neutral,long,short,short,long,long,long,long,short,short,short,short,short,short,short,short,short,short,short,short,short,short,short,short,short,short,short,short,short,short,short
746,2023-08-02 08:00:00,OANDA:GBPUSD,1.2778,1.2789,1.27608,1.27739,12001.0,Interval.in_2_hour,49968000.0,short,short,short,short,short,short,short,short,short,short,short,short,short,short,short,short,long,short,long,long,neutral,neutral,long,short,neutral,neutral,neutral,short,short,long,long,long,long,short,short,short,short,short,short,short,short,short,short,short,short,long,long,short,short,short,short,short,short,short,short,short,short
747,2023-08-02 06:00:00,OANDA:GBPUSD,1.27725,1.27781,1.27634,1.2778,8242.0,Interval.in_2_hour,49960800.0,short,short,short,short,short,short,short,short,short,short,short,short,short,short,short,short,short,long,long,long,neutral,neutral,long,short,neutral,neutral,neutral,short,long,long,long,long,short,short,short,short,short,short,short,short,short,short,short,short,short,short,long,long,short,short,short,short,short,short,short,short,short
748,2023-08-02 04:00:00,OANDA:GBPUSD,1.27807,1.27952,1.27682,1.27725,10329.0,Interval.in_2_hour,49953600.0,short,short,short,short,short,short,short,short,short,short,short,short,short,short,short,short,short,short,long,long,long,long,long,short,short,neutral,neutral,long,long,long,long,short,short,short,short,short,short,short,short,short,short,short,short,short,short,long,long,long,long,short,short,short,short,short,short,short,short
749,2023-08-02 02:00:00,OANDA:GBPUSD,1.27968,1.28,1.27764,1.27807,9508.0,Interval.in_2_hour,49946400.0,short,short,short,short,short,short,short,short,short,short,short,short,short,short,short,short,short,short,long,long,neutral,neutral,long,short,neutral,neutral,neutral,long,long,long,long,short,short,short,short,short,short,short,short,short,short,short,short,short,short,short,short,short,long,long,short,short,short,short,short,short,short
750,2023-08-02 00:00:00,OANDA:GBPUSD,1.27774,1.2806,1.27716,1.27968,4819.0,Interval.in_2_hour,49939200.0,short,short,short,short,short,short,short,short,short,short,short,short,short,short,short,short,short,short,long,long,neutral,neutral,long,short,long,long,neutral,long,long,long,short,short,short,short,short,short,short,short,short,short,short,short,short,short,short,short,short,short,short,short,short,short,short,short,short,short,short
751,2023-08-01 22:00:00,OANDA:GBPUSD,1.27724,1.27808,1.27707,1.27774,3475.0,Interval.in_2_hour,49932000.0,short,short,short,short,short,short,short,short,short,short,short,short,short,short,short,short,short,short,long,long,neutral,neutral,long,short,long,neutral,neutral,long,short,short,short,short,short,short,short,short,short,short,short,short,short,short,short,short,short,long,long,short,long,short,long,long,short,short,short,short,short
752,2023-08-01 20:00:00,OANDA:GBPUSD,1.2761,1.27726,1.2749,1.27724,4713.0,Interval.in_2_hour,49924800.0,short,short,short,short,short,short,short,short,short,short,short,short,short,short,short,short,short,short,long,long,neutral,neutral,long,short,neutral,neutral,neutral,short,short,short,short,short,short,short,short,short,short,short,short,short,short,short,short,short,short,long,long,long,long,long,long,long,long,short,short,short,short
753,2023-08-01 18:00:00,OANDA:GBPUSD,1.27613,1.27674,1.27412,1.2761,9284.0,Interval.in_2_hour,49917600.0,short,short,short,short,short,short,short,short,short,short,short,short,short,short,short,short,short,short,long,long,neutral,neutral,long,short,short,short,short,short,short,short,short,short,short,short,short,short,short,short,short,short,short,short,short,short,short,long,long,long,long,long,long,long,long,long,short,short,short
754,2023-08-01 16:00:00,OANDA:GBPUSD,1.2765,1.27954,1.27508,1.27613,18850.0,Interval.in_2_hour,49910400.0,short,short,short,short,short,short,short,short,short,short,short,short,short,short,short,short,short,short,long,long,neutral,neutral,long,short,short,short,short,short,short,short,short,short,short,short,short,short,short,short,short,short,short,short,short,short,short,short,long,long,long,long,long,long,long,long,long,short,short
755,2023-08-01 14:00:00,OANDA:GBPUSD,1.2801,1.28012,1.2756,1.2765,11979.0,Interval.in_2_hour,49903200.0,short,short,short,short,short,short,short,short,short,short,short,short,short,short,short,short,short,short,long,long,neutral,neutral,long,short,short,short,short,short,short,short,short,short,short,short,short,short,short,short,short,short,short,short,short,short,short,short,short,long,long,long,long,long,long,long,long,long,short
756,2023-08-01 12:00:00,OANDA:GBPUSD,1.28256,1.2833,1.27983,1.2801,10187.0,Interval.in_2_hour,49896000.0,short,short,short,short,short,short,short,short,short,short,short,short,short,short,short,short,short,short,long,long,neutral,neutral,long,short,short,short,neutral,short,short,short,short,short,short,short,short,short,short,short,short,short,short,short,short,short,short,short,short,short,short,short,short,short,short,short,short,short,short
757,2023-08-01 10:00:00,OANDA:GBPUSD,1.28316,1.28348,1.28128,1.28256,14381.0,Interval.in_2_hour,49888800.0,short,short,short,short,short,short,short,short,short,short,short,short,short,short,short,short,short,short,long,long,neutral,neutral,long,short,short,neutral,neutral,long,short,short,short,short,short,short,short,short,short,short,short,short,short,short,short,short,short,short,short,short,short,short,short,short,short,short,short,short,short
758,2023-08-01 08:00:00,OANDA:GBPUSD,1.28317,1.28388,1.28188,1.28316,9480.0,Interval.in_2_hour,49881600.0,short,short,short,short,short,short,short,short,short,short,short,short,short,short,short,short,short,short,long,long,long,long,long,short,neutral,neutral,neutral,short,short,short,short,short,short,short,short,short,short,short,short,short,short,short,short,short,short,short,short,short,short,short,short,short,short,short,short,short,short
759,2023-08-01 06:00:00,OANDA:GBPUSD,1.28194,1.2836,1.2818,1.28317,7721.0,Interval.in_2_hour,49874400.0,short,short,short,short,short,short,short,short,short,short,short,short,short,short,short,short,short,short,long,long,short,short,long,short,neutral,neutral,neutral,short,short,short,short,short,short,short,short,short,short,short,short,short,short,short,short,short,short,short,short,short,short,short,short,short,short,short,short,short,short
760,2023-08-01 04:00:00,OANDA:GBPUSD,1.28293,1.28314,1.28154,1.28194,8560.0,Interval.in_2_hour,49867200.0,short,short,short,short,short,short,short,short,short,short,short,short,short,short,short,short,short,short,long,long,neutral,neutral,long,short,short,neutral,neutral,short,short,short,short,short,short,short,short,short,short,short,short,short,short,short,short,short,short,long,long,long,short,short,short,short,short,short,short,short,short
761,2023-08-01 02:00:00,OANDA:GBPUSD,1.2838,1.2839,1.28276,1.28293,5250.0,Interval.in_2_hour,49860000.0,short,short,short,short,short,short,short,short,short,short,short,short,short,short,short,short,short,short,long,long,neutral,neutral,long,short,neutral,neutral,neutral,short,short,short,short,short,short,short,short,short,short,short,short,short,short,short,short,long,long,short,long,long,short,short,short,short,short,short,short,short,short
762,2023-08-01 00:00:00,OANDA:GBPUSD,1.2836,1.28417,1.28358,1.2838,1500.0,Interval.in_2_hour,49852800.0,short,short,short,short,short,short,short,short,short,short,short,short,short,short,short,short,short,short,long,long,short,short,long,short,neutral,neutral,neutral,short,short,short,short,short,short,short,short,short,short,short,short,short,short,short,long,long,long,short,short,short,short,short,short,short,short,short,short,short,short
763,2023-07-31 22:00:00,OANDA:GBPUSD,1.28376,1.28388,1.28316,1.2836,4831.0,Interval.in_2_hour,49845600.0,short,short,short,short,short,short,short,short,short,short,short,short,short,short,short,short,short,short,long,long,neutral,neutral,long,short,short,short,neutral,short,short,short,short,short,short,short,short,short,short,short,short,short,short,long,long,long,long,long,short,short,short,short,short,short,short,short,short,short,short
764,2023-07-31 20:00:00,OANDA:GBPUSD,1.28582,1.28673,1.28362,1.28376,6011.0,Interval.in_2_hour,49838400.0,short,short,short,short,short,short,short,short,short,short,short,short,short,short,short,short,short,short,long,long,neutral,neutral,long,short,short,neutral,neutral,short,short,short,short,short,short,short,short,short,short,short,short,short,long,long,long,long,long,short,long,short,short,short,short,short,short,short,short,short,short
765,2023-07-31 18:00:00,OANDA:GBPUSD,1.28626,1.28688,1.28524,1.28582,9459.0,Interval.in_2_hour,49831200.0,short,short,short,short,short,short,short,short,short,short,short,short,short,short,short,short,short,short,long,long,neutral,neutral,long,short,neutral,neutral,neutral,long,long,long,long,long,long,long,long,short,short,short,short,long,long,long,long,long,long,short,short,short,short,short,short,short,short,short,short,short,short
766,2023-07-31 16:00:00,OANDA:GBPUSD,1.28536,1.28703,1.28282,1.28626,18853.0,Interval.in_2_hour,49824000.0,short,short,short,short,short,short,short,short,short,short,short,short,short,short,short,short,short,short,long,long,neutral,neutral,long,short,neutral,neutral,neutral,long,long,long,long,long,long,long,short,short,short,short,long,long,long,long,long,long,long,short,short,short,short,short,short,short,short,short,short,short,short
767,2023-07-31 14:00:00,OANDA:GBPUSD,1.28674,1.28729,1.28466,1.28536,10198.0,Interval.in_2_hour,49816800.0,short,short,short,short,short,short,short,short,short,short,short,short,short,short,short,short,short,short,long,long,neutral,neutral,long,short,neutral,neutral,neutral,long,long,long,long,long,long,short,short,short,short,long,long,long,long,long,long,long,long,long,long,short,short,short,short,short,short,short,short,short,short
768,2023-07-31 12:00:00,OANDA:GBPUSD,1.28514,1.28674,1.28452,1.28674,8881.0,Interval.in_2_hour,49809600.0,short,short,short,short,short,short,short,short,short,short,short,short,short,short,short,short,short,short,long,long,neutral,neutral,long,short,neutral,neutral,neutral,long,long,long,long,long,short,short,short,short,long,long,long,long,long,long,long,long,long,short,short,short,short,short,short,short,short,short,short,short,short
769,2023-07-31 10:00:00,OANDA:GBPUSD,1.28568,1.28676,1.28353,1.28514,13358.0,Interval.in_2_hour,49802400.0,short,short,short,short,short,short,short,short,short,short,short,short,short,short,short,short,short,short,long,long,neutral,neutral,long,short,neutral,neutral,neutral,short,short,long,long,short,short,short,short,long,long,long,long,long,long,long,long,long,long,long,long,long,long,short,short,short,short,short,short,short,short
770,2023-07-31 08:00:00,OANDA:GBPUSD,1.28484,1.28632,1.28442,1.28568,11202.0,Interval.in_2_hour,49795200.0,short,short,short,short,short,short,short,short,short,short,short,short,short,short,short,short,short,short,long,long,neutral,neutral,long,short,neutral,neutral,neutral,short,long,short,short,short,short,short,long,long,long,long,long,long,long,long,long,long,short,short,long,short,long,long,short,short,short,short,short,short,short
771,2023-07-31 06:00:00,OANDA:GBPUSD,1.28548,1.28592,1.28468,1.28484,6042.0,Interval.in_2_hour,49788000.0,short,short,short,short,short,short,short,short,short,short,short,short,short,short,short,short,short,short,long,long,neutral,neutral,long,short,short,neutral,neutral,long,short,short,short,short,short,long,long,long,long,long,long,long,long,long,long,short,short,long,long,long,long,long,long,short,short,short,short,short,short
772,2023-07-31 04:00:00,OANDA:GBPUSD,1.28575,1.28595,1.28442,1.28548,11787.0,Interval.in_2_hour,49780800.0,short,short,short,short,short,short,short,short,short,short,short,short,short,short,short,short,short,short,long,long,neutral,neutral,long,short,neutral,neutral,neutral,long,short,short,short,short,long,long,long,long,long,long,long,long,long,long,short,short,short,short,long,short,long,short,long,long,short,short,short,short,short
773,2023-07-31 02:00:00,OANDA:GBPUSD,1.28534,1.28602,1.285,1.28575,7394.0,Interval.in_2_hour,49773600.0,short,short,short,short,short,short,short,short,short,short,short,short,short,short,short,short,short,short,long,long,neutral,neutral,long,short,long,neutral,neutral,short,short,short,short,long,long,long,long,long,long,long,long,long,long,short,short,short,short,short,short,short,short,long,short,long,long,short,short,short,short
774,2023-07-31 00:00:00,OANDA:GBPUSD,1.28488,1.28592,1.28488,1.28534,2978.0,Interval.in_2_hour,49766400.0,short,short,short,short,short,short,short,short,short,short,short,short,short,short,short,short,short,short,long,long,neutral,neutral,long,short,neutral,neutral,neutral,short,short,short,long,long,long,long,long,long,long,long,long,long,short,short,short,short,short,long,long,short,long,short,long,long,long,long,short,short,short
775,2023-07-28 22:00:00,OANDA:GBPUSD,1.28568,1.28608,1.2846,1.28488,5828.0,Interval.in_2_hour,49586400.0,short,short,short,short,short,short,short,short,short,short,short,short,short,short,short,short,short,short,long,long,neutral,neutral,long,short,short,neutral,neutral,short,short,long,long,long,long,long,long,long,long,long,long,short,short,short,short,short,short,long,long,long,short,long,long,long,long,long,long,short,short
776,2023-07-28 20:00:00,OANDA:GBPUSD,1.28726,1.28726,1.2851,1.28568,7681.0,Interval.in_2_hour,49579200.0,short,short,short,short,short,short,short,short,short,short,short,short,short,short,short,short,short,short,long,long,neutral,neutral,long,short,neutral,neutral,neutral,long,long,long,long,long,long,long,long,long,long,long,short,short,short,short,short,short,short,short,short,long,short,short,long,short,long,short,long,long,short
777,2023-07-28 18:00:00,OANDA:GBPUSD,1.28642,1.28816,1.28512,1.28726,10586.0,Interval.in_2_hour,49572000.0,short,short,short,short,short,short,short,short,short,short,short,short,short,short,short,short,short,short,long,long,neutral,neutral,long,short,neutral,neutral,neutral,long,long,long,long,long,long,long,long,long,long,short,short,short,short,short,short,short,short,short,short,short,short,short,short,short,short,short,short,short,short
778,2023-07-28 16:00:00,OANDA:GBPUSD,1.28696,1.28846,1.28379,1.28642,20345.0,Interval.in_2_hour,49564800.0,short,short,short,short,short,short,short,short,short,short,short,short,short,short,short,short,short,short,long,long,neutral,neutral,long,short,neutral,neutral,neutral,long,long,long,long,long,long,long,long,long,short,short,short,short,short,short,short,short,short,long,short,short,short,short,short,short,short,short,long,short,short
779,2023-07-28 14:00:00,OANDA:GBPUSD,1.28529,1.28885,1.28507,1.28696,16140.0,Interval.in_2_hour,49557600.0,short,short,short,short,short,short,short,short,short,short,short,short,short,short,short,short,short,short,long,long,neutral,neutral,long,short,long,long,long,long,long,long,long,long,long,long,long,short,short,short,short,short,short,short,short,short,short,short,long,short,short,short,short,short,short,short,short,short,short
780,2023-07-28 12:00:00,OANDA:GBPUSD,1.28054,1.28532,1.28016,1.28529,10743.0,Interval.in_2_hour,49550400.0,long,long,long,short,short,short,short,short,short,short,short,short,short,short,short,short,short,short,long,long,neutral,neutral,long,short,long,long,neutral,long,long,long,long,long,long,short,short,short,short,short,short,short,short,short,short,short,short,long,long,long,long,short,long,long,long,short,long,short,long
781,2023-07-28 10:00:00,OANDA:GBPUSD,1.27878,1.2816,1.27724,1.28054,19598.0,Interval.in_2_hour,49543200.0,long,long,long,long,long,long,long,long,long,long,long,long,short,short,short,short,short,short,long,long,neutral,neutral,long,short,long,neutral,neutral,long,long,long,short,short,short,short,short,short,short,short,short,short,short,short,short,short,short,long,long,long,long,long,long,long,long,long,long,long,long
782,2023-07-28 08:00:00,OANDA:GBPUSD,1.27798,1.28094,1.2773,1.27878,19409.0,Interval.in_2_hour,49536000.0,long,long,long,long,long,long,long,long,long,long,long,long,long,long,short,short,short,short,long,long,short,neutral,long,short,neutral,neutral,neutral,short,short,short,short,short,short,short,short,short,short,short,short,short,short,short,short,short,short,long,long,long,long,long,long,long,long,long,long,long,long
783,2023-07-28 06:00:00,OANDA:GBPUSD,1.27999,1.2808,1.27632,1.27798,19405.0,Interval.in_2_hour,49528800.0,long,long,long,long,long,long,long,long,long,long,long,long,long,long,long,short,short,short,long,long,short,short,long,short,neutral,neutral,neutral,short,short,short,short,short,short,short,short,short,short,short,short,short,short,short,short,short,short,long,long,long,long,long,long,long,long,long,long,long,long
784,2023-07-28 04:00:00,OANDA:GBPUSD,1.2791,1.28008,1.27882,1.27999,9696.0,Interval.in_2_hour,49521600.0,long,long,long,long,long,long,long,long,long,long,long,long,long,long,long,long,short,short,long,long,short,short,long,short,neutral,neutral,neutral,short,short,short,short,short,short,short,short,short,short,short,short,short,short,short,short,short,short,short,short,long,long,long,long,long,long,long,long,long,long
785,2023-07-28 02:00:00,OANDA:GBPUSD,1.27986,1.27991,1.27876,1.2791,5454.0,Interval.in_2_hour,49514400.0,long,long,long,long,long,long,long,long,long,long,long,long,long,long,long,long,long,short,long,long,neutral,neutral,long,short,neutral,neutral,neutral,short,short,short,short,short,short,short,short,short,short,short,short,short,short,short,short,short,short,long,short,short,long,long,long,long,long,long,long,long,long
786,2023-07-28 00:00:00,OANDA:GBPUSD,1.27942,1.28009,1.27935,1.27986,2087.0,Interval.in_2_hour,49507200.0,long,long,long,long,long,long,long,long,long,long,long,long,long,long,long,long,long,long,long,long,neutral,neutral,long,short,neutral,neutral,neutral,short,short,short,short,short,short,short,short,short,short,short,short,short,short,short,short,short,short,short,long,short,short,long,long,long,long,long,long,long,long
787,2023-07-27 22:00:00,OANDA:GBPUSD,1.28016,1.28022,1.27819,1.27942,7672.0,Interval.in_2_hour,49500000.0,long,long,long,long,long,long,long,long,long,long,long,long,long,long,long,long,long,long,long,long,neutral,neutral,long,short,short,short,short,short,short,short,short,short,short,short,short,short,short,short,short,short,short,short,short,short,short,long,short,long,short,short,long,long,long,long,long,long,long
788,2023-07-27 20:00:00,OANDA:GBPUSD,1.28414,1.28528,1.27994,1.28016,18479.0,Interval.in_2_hour,49492800.0,long,long,long,long,long,long,long,long,long,long,long,long,long,long,long,long,long,long,long,long,neutral,neutral,long,short,short,short,short,short,short,short,short,short,short,short,short,short,short,short,short,short,short,short,short,short,short,short,short,short,short,short,short,long,long,long,long,long,long
789,2023-07-27 18:00:00,OANDA:GBPUSD,1.28488,1.28728,1.2835,1.28414,12107.0,Interval.in_2_hour,49485600.0,long,long,long,long,long,long,long,long,long,long,long,long,short,short,short,short,short,short,long,long,neutral,neutral,long,short,short,short,short,short,short,short,short,short,short,short,short,short,short,short,short,short,short,short,short,short,short,short,short,short,short,short,short,short,short,long,long,long,long
790,2023-07-27 16:00:00,OANDA:GBPUSD,1.28955,1.29032,1.2826,1.28488,27734.0,Interval.in_2_hour,49478400.0,long,long,long,long,long,long,short,long,long,long,long,long,long,short,short,short,short,short,long,long,neutral,neutral,long,short,short,short,neutral,short,short,short,short,short,short,short,short,short,short,short,short,short,short,short,short,short,short,short,short,short,short,short,short,short,short,short,long,long,long
791,2023-07-27 14:00:00,OANDA:GBPUSD,1.29582,1.29666,1.28817,1.28955,21282.0,Interval.in_2_hour,49471200.0,short,short,short,short,short,short,short,short,short,short,short,short,short,short,short,short,short,short,long,long,neutral,neutral,long,short,short,neutral,neutral,short,short,short,short,short,short,short,long,long,long,long,long,long,long,long,long,long,long,short,short,short,short,short,short,short,short,short,short,short,short
792,2023-07-27 12:00:00,OANDA:GBPUSD,1.29923,1.29954,1.29556,1.29582,10068.0,Interval.in_2_hour,49464000.0,short,short,short,short,short,short,short,short,short,short,short,short,short,short,short,short,short,short,long,short,long,long,long,short,neutral,neutral,neutral,long,long,long,long,long,long,long,long,long,long,long,long,long,long,long,long,long,long,short,short,short,short,short,short,short,short,short,short,short,short
793,2023-07-27 10:00:00,OANDA:GBPUSD,1.29548,1.29959,1.29542,1.29923,14261.0,Interval.in_2_hour,49456800.0,short,short,short,short,short,short,short,short,short,short,short,short,short,short,short,short,short,short,long,short,short,neutral,long,short,neutral,neutral,neutral,long,long,long,long,long,long,long,long,long,long,long,long,long,long,long,long,long,long,short,short,short,short,short,short,short,short,short,short,short,short
794,2023-07-27 08:00:00,OANDA:GBPUSD,1.29624,1.29634,1.29392,1.29548,11883.0,Interval.in_2_hour,49449600.0,short,short,short,short,short,short,short,short,short,short,short,short,short,short,short,short,short,short,long,short,long,neutral,long,short,neutral,neutral,neutral,long,long,long,long,long,long,long,long,long,long,long,long,long,long,long,long,long,long,long,long,short,short,short,short,short,short,short,short,short,short
795,2023-07-27 06:00:00,OANDA:GBPUSD,1.29601,1.29716,1.29581,1.29624,7668.0,Interval.in_2_hour,49442400.0,short,short,short,short,short,short,short,short,short,short,short,short,short,short,short,short,short,short,long,short,neutral,neutral,long,short,long,long,neutral,long,long,long,long,long,long,long,long,long,long,long,long,long,long,long,long,long,long,short,long,short,short,short,short,short,short,short,short,short,short
796,2023-07-27 04:00:00,OANDA:GBPUSD,1.29406,1.29772,1.29406,1.29601,9946.0,Interval.in_2_hour,49435200.0,short,short,short,short,short,short,short,short,short,short,short,short,short,short,short,short,short,short,long,short,neutral,neutral,long,short,long,neutral,neutral,short,long,long,long,long,long,long,long,long,long,long,long,long,long,long,long,long,long,long,short,long,short,short,short,short,short,short,short,short,short
797,2023-07-27 02:00:00,OANDA:GBPUSD,1.2935,1.29418,1.29244,1.29406,4903.0,Interval.in_2_hour,49428000.0,short,short,short,short,short,short,short,short,short,short,short,short,short,short,short,short,short,short,long,short,neutral,neutral,long,short,neutral,neutral,neutral,long,long,long,long,long,long,long,long,long,long,long,long,long,long,long,long,long,long,long,long,long,long,long,short,short,short,short,short,short,short
798,2023-07-27 00:00:00,OANDA:GBPUSD,1.29422,1.29488,1.29346,1.2935,1768.0,Interval.in_2_hour,49420800.0,short,short,short,short,short,short,short,short,short,short,short,short,short,short,short,short,short,short,long,short,neutral,neutral,long,short,short,neutral,neutral,long,long,long,long,long,long,long,long,long,long,long,long,long,long,long,long,long,long,long,long,long,long,long,long,short,short,short,short,short,short
799,2023-07-26 22:00:00,OANDA:GBPUSD,1.29586,1.29608,1.29292,1.29422,13797.0,Interval.in_2_hour,49413600.0,short,short,short,short,short,short,short,short,short,short,short,short,short,short,short,short,short,short,long,short,long,long,long,short,neutral,neutral,neutral,long,long,long,long,long,long,long,long,long,long,long,long,long,long,long,long,long,long,short,short,long,long,long,long,long,short,short,short,short,short
800,2023-07-26 20:00:00,OANDA:GBPUSD,1.29152,1.29593,1.28987,1.29586,23649.0,Interval.in_2_hour,49406400.0,short,short,short,short,short,short,short,short,short,short,short,short,short,short,short,short,short,short,long,short,neutral,neutral,long,short,neutral,neutral,neutral,long,long,long,long,long,long,long,long,long,long,long,long,long,long,long,long,long,long,short,short,short,long,long,short,long,short,short,short,short,short
801,2023-07-26 18:00:00,OANDA:GBPUSD,1.29224,1.29368,1.2912,1.29152,9424.0,Interval.in_2_hour,49399200.0,short,short,short,short,short,short,short,short,short,short,short,short,short,short,short,short,short,short,long,long,long,long,long,short,neutral,neutral,neutral,long,long,long,long,long,long,long,long,long,long,long,long,long,long,long,long,long,long,long,long,long,long,long,long,long,long,long,short,short,short
802,2023-07-26 16:00:00,OANDA:GBPUSD,1.29086,1.29274,1.29032,1.29224,14903.0,Interval.in_2_hour,49392000.0,short,short,short,short,short,short,short,short,short,short,short,short,short,short,short,short,short,short,long,long,neutral,neutral,long,short,neutral,neutral,neutral,long,long,long,long,long,long,long,long,long,long,long,long,long,long,long,long,long,long,short,long,long,long,long,long,long,long,long,long,short,short
803,2023-07-26 14:00:00,OANDA:GBPUSD,1.29197,1.29217,1.29038,1.29086,10690.0,Interval.in_2_hour,49384800.0,short,short,short,short,short,short,short,short,short,short,short,short,short,short,short,short,short,short,long,long,neutral,neutral,long,short,neutral,neutral,neutral,long,long,long,long,long,long,long,long,long,long,long,long,long,long,long,long,long,long,long,long,long,long,long,long,long,long,long,long,long,short
804,2023-07-26 12:00:00,OANDA:GBPUSD,1.29104,1.29246,1.28952,1.29197,9811.0,Interval.in_2_hour,49377600.0,short,short,short,short,short,short,short,short,short,short,short,short,short,short,short,short,short,short,long,long,neutral,neutral,long,short,long,long,neutral,long,long,long,long,long,long,long,long,long,long,long,long,long,long,long,long,long,long,short,long,short,long,long,long,long,long,long,long,long,long
805,2023-07-26 10:00:00,OANDA:GBPUSD,1.28907,1.29126,1.28814,1.29104,13811.0,Interval.in_2_hour,49370400.0,long,short,short,short,short,short,short,short,short,short,short,short,short,short,short,short,short,short,long,long,neutral,neutral,long,short,long,neutral,neutral,long,long,long,long,long,long,long,long,long,long,long,long,long,long,long,long,long,long,long,short,long,long,long,long,long,long,long,long,long,long
806,2023-07-26 08:00:00,OANDA:GBPUSD,1.2888,1.29026,1.28858,1.28907,10811.0,Interval.in_2_hour,49363200.0,long,long,long,short,short,short,short,short,short,short,short,short,short,short,short,short,short,short,long,long,neutral,neutral,long,short,neutral,neutral,neutral,short,short,short,long,long,long,long,long,long,long,long,long,long,long,long,long,long,long,long,long,long,long,long,long,long,long,long,long,long,long
807,2023-07-26 06:00:00,OANDA:GBPUSD,1.28902,1.28928,1.28834,1.2888,5970.0,Interval.in_2_hour,49356000.0,long,long,long,long,short,short,short,short,short,short,short,short,short,short,short,short,short,short,long,short,neutral,neutral,long,short,neutral,neutral,neutral,short,short,long,long,long,long,long,long,long,long,long,long,long,long,long,long,long,long,long,long,long,long,long,long,long,long,long,long,long,long
808,2023-07-26 04:00:00,OANDA:GBPUSD,1.28846,1.28902,1.28754,1.28902,9150.0,Interval.in_2_hour,49348800.0,long,long,long,long,long,short,short,short,short,short,short,short,short,short,short,short,short,short,long,short,neutral,neutral,long,short,neutral,neutral,neutral,short,long,long,long,long,long,long,long,long,long,long,long,long,long,long,long,long,long,short,long,long,long,long,long,long,long,long,long,long,long
809,2023-07-26 02:00:00,OANDA:GBPUSD,1.28952,1.28975,1.28826,1.28846,4838.0,Interval.in_2_hour,49341600.0,long,long,long,long,long,long,short,short,short,short,short,short,short,short,short,short,short,short,long,short,long,long,long,short,short,neutral,neutral,long,long,long,long,long,long,long,long,long,long,long,long,long,long,long,long,long,long,long,long,long,long,long,long,long,long,long,long,long,long
810,2023-07-26 00:00:00,OANDA:GBPUSD,1.2902,1.29043,1.28924,1.28952,1839.0,Interval.in_2_hour,49334400.0,long,long,long,long,long,long,long,short,short,short,short,short,short,short,short,short,short,short,long,short,neutral,neutral,long,short,neutral,neutral,neutral,long,long,long,long,long,long,long,long,long,long,long,long,long,long,long,long,long,long,short,short,short,short,long,long,long,long,long,long,long,long
811,2023-07-25 22:00:00,OANDA:GBPUSD,1.28936,1.29048,1.28904,1.2902,6832.0,Interval.in_2_hour,49327200.0,long,long,long,long,long,long,long,short,short,short,short,short,short,short,short,short,short,short,long,short,neutral,neutral,long,short,long,long,long,long,long,long,long,long,long,long,long,long,long,long,long,long,long,long,long,long,long,short,short,short,short,short,long,long,long,long,long,long,long
812,2023-07-25 20:00:00,OANDA:GBPUSD,1.28782,1.28958,1.28714,1.28936,5965.0,Interval.in_2_hour,49320000.0,long,long,long,long,long,long,long,long,long,short,short,short,short,short,short,short,short,short,long,short,neutral,neutral,long,short,long,long,neutral,long,long,long,long,long,long,long,long,long,long,long,long,long,long,long,long,long,long,long,long,short,short,short,short,long,long,long,long,long,long
813,2023-07-25 18:00:00,OANDA:GBPUSD,1.28546,1.28798,1.28492,1.28782,8099.0,Interval.in_2_hour,49312800.0,long,long,long,long,long,long,long,long,long,long,short,short,short,short,short,short,short,short,long,long,neutral,neutral,long,short,long,neutral,neutral,long,long,long,long,long,long,long,long,long,long,long,long,long,long,short,long,long,long,long,long,long,long,long,long,long,long,long,long,long,long
814,2023-07-25 16:00:00,OANDA:GBPUSD,1.2835,1.28568,1.28126,1.28546,14797.0,Interval.in_2_hour,49305600.0,long,long,long,long,long,long,long,long,long,long,long,short,short,short,short,short,short,short,long,long,long,long,long,short,neutral,neutral,neutral,short,long,long,long,long,long,long,long,long,long,long,long,long,short,short,short,short,short,long,long,long,long,long,long,long,long,long,long,long,long
815,2023-07-25 14:00:00,OANDA:GBPUSD,1.28381,1.28417,1.28202,1.2835,10394.0,Interval.in_2_hour,49298400.0,long,long,long,long,long,long,long,long,long,long,long,long,long,long,short,short,short,short,long,long,neutral,neutral,long,short,short,short,neutral,short,long,long,long,long,long,long,long,long,long,long,short,short,short,short,short,short,short,long,long,long,long,long,long,long,long,long,long,long,long
816,2023-07-25 12:00:00,OANDA:GBPUSD,1.2851,1.28542,1.2827,1.28381,9130.0,Interval.in_2_hour,49291200.0,long,long,long,long,long,long,long,long,long,long,long,long,long,long,long,short,short,short,long,long,long,neutral,long,short,short,neutral,neutral,long,long,long,long,long,long,long,long,long,long,long,short,short,short,short,short,short,short,short,long,long,long,long,long,long,long,long,long,long,long
817,2023-07-25 10:00:00,OANDA:GBPUSD,1.28518,1.28648,1.28436,1.2851,15556.0,Interval.in_2_hour,49284000.0,long,long,long,long,long,long,long,long,long,long,long,long,long,long,short,short,short,short,long,long,neutral,neutral,long,short,neutral,neutral,neutral,long,long,long,long,long,long,long,long,long,long,short,short,short,short,short,short,short,short,short,short,long,long,long,long,long,long,long,long,long,long
818,2023-07-25 08:00:00,OANDA:GBPUSD,1.28305,1.28556,1.28293,1.28518,10927.0,Interval.in_2_hour,49276800.0,long,long,long,long,long,long,long,long,long,long,long,long,long,long,long,short,short,short,long,long,neutral,neutral,long,short,neutral,neutral,neutral,long,long,long,long,long,long,long,long,short,short,short,short,short,short,short,short,short,long,short,short,short,long,long,long,long,long,long,long,long,long
819,2023-07-25 06:00:00,OANDA:GBPUSD,1.284,1.28408,1.283,1.28305,4753.0,Interval.in_2_hour,49269600.0,long,long,long,long,long,long,long,long,long,long,long,long,long,long,long,long,long,long,long,long,neutral,neutral,long,short,neutral,neutral,neutral,long,long,long,long,long,long,long,short,short,short,short,short,short,short,short,short,short,short,long,long,long,long,long,long,long,long,long,long,long,long
820,2023-07-25 04:00:00,OANDA:GBPUSD,1.28157,1.2843,1.28154,1.284,8967.0,Interval.in_2_hour,49262400.0,long,long,long,long,long,long,long,long,long,long,long,long,long,long,long,long,long,long,long,long,neutral,neutral,long,short,neutral,neutral,neutral,long,short,long,long,short,long,short,short,short,short,short,short,short,short,short,short,short,short,short,long,long,short,short,long,long,long,long,long,long,long
821,2023-07-25 02:00:00,OANDA:GBPUSD,1.2819,1.28197,1.28096,1.28157,6026.0,Interval.in_2_hour,49255200.0,long,long,long,long,long,long,long,long,long,long,long,long,long,long,long,long,long,long,long,long,neutral,neutral,long,short,short,short,short,short,short,short,short,short,short,short,short,short,short,short,short,short,short,short,short,short,short,long,long,long,long,long,long,long,long,long,long,long,long
822,2023-07-25 00:00:00,OANDA:GBPUSD,1.28226,1.28296,1.28174,1.2819,2127.0,Interval.in_2_hour,49248000.0,long,long,long,long,long,long,long,long,long,long,long,long,long,long,long,long,long,long,long,long,neutral,neutral,long,short,short,short,neutral,short,short,short,short,short,short,short,short,short,short,short,short,short,short,short,short,short,short,short,long,long,long,long,long,long,long,long,long,long,long
823,2023-07-24 22:00:00,OANDA:GBPUSD,1.28242,1.28254,1.28152,1.28226,4754.0,Interval.in_2_hour,49240800.0,long,long,long,long,long,long,long,long,long,long,long,long,long,long,long,long,long,long,long,long,neutral,neutral,long,short,short,neutral,neutral,short,short,short,short,short,short,short,short,short,short,short,short,short,short,short,short,short,short,short,short,long,long,long,long,long,long,long,long,long,long
824,2023-07-24 20:00:00,OANDA:GBPUSD,1.28322,1.2841,1.282,1.28242,6532.0,Interval.in_2_hour,49233600.0,long,long,long,long,long,long,long,long,long,long,long,long,long,long,long,long,long,long,long,long,neutral,neutral,long,short,neutral,neutral,neutral,short,long,short,short,short,short,short,short,short,short,short,short,short,short,short,short,short,short,short,short,short,long,long,long,long,long,long,long,long,long
825,2023-07-24 18:00:00,OANDA:GBPUSD,1.28173,1.28336,1.28132,1.28322,9113.0,Interval.in_2_hour,49226400.0,long,long,long,long,long,long,long,long,long,long,long,long,long,long,long,long,long,long,long,long,short,short,long,short,neutral,neutral,neutral,long,short,short,short,short,short,short,short,short,short,short,short,short,short,short,short,short,short,short,short,short,short,long,short,long,long,long,long,long,long
826,2023-07-24 16:00:00,OANDA:GBPUSD,1.28368,1.28449,1.27977,1.28173,20159.0,Interval.in_2_hour,49219200.0,long,long,long,long,long,long,long,long,long,long,long,long,long,long,long,long,long,long,long,long,neutral,neutral,long,short,neutral,neutral,neutral,short,short,short,short,short,short,short,short,short,short,short,short,short,short,short,short,short,short,long,long,long,long,short,long,long,long,long,long,long,long
827,2023-07-24 14:00:00,OANDA:GBPUSD,1.2832,1.28594,1.28259,1.28368,11135.0,Interval.in_2_hour,49212000.0,long,long,long,long,long,long,long,long,long,long,long,long,long,long,long,long,long,long,long,long,short,short,long,short,long,neutral,neutral,short,short,short,short,short,short,short,short,short,short,short,short,short,short,short,short,short,short,short,short,short,short,short,short,long,short,long,long,long,short
828,2023-07-24 12:00:00,OANDA:GBPUSD,1.28162,1.28422,1.28156,1.2832,12297.0,Interval.in_2_hour,49204800.0,long,long,long,long,long,long,long,long,long,long,long,long,long,long,long,long,long,long,long,long,neutral,neutral,long,short,neutral,neutral,neutral,short,short,short,short,short,short,short,short,short,short,short,short,short,short,short,short,short,short,long,short,long,short,short,short,short,long,short,long,long,long
829,2023-07-24 10:00:00,OANDA:GBPUSD,1.28704,1.2884,1.28072,1.28162,20046.0,Interval.in_2_hour,49197600.0,long,long,long,long,long,long,long,long,long,long,long,long,long,long,long,long,long,long,long,long,neutral,neutral,long,short,neutral,neutral,neutral,short,short,short,short,short,short,long,long,short,short,short,short,short,short,short,short,short,short,long,long,long,long,long,long,long,short,long,long,long,long
830,2023-07-24 08:00:00,OANDA:GBPUSD,1.28642,1.28775,1.28632,1.28704,8799.0,Interval.in_2_hour,49190400.0,short,short,short,short,long,long,long,long,long,long,long,long,long,long,long,long,long,long,long,long,neutral,neutral,long,short,long,neutral,neutral,long,long,long,long,long,long,long,long,short,short,short,short,short,short,long,long,long,long,short,short,short,short,short,short,short,short,short,short,short,short
831,2023-07-24 06:00:00,OANDA:GBPUSD,1.28628,1.28686,1.28572,1.28642,5282.0,Interval.in_2_hour,49183200.0,short,short,short,short,short,long,long,long,long,long,long,long,long,long,long,long,long,long,long,long,neutral,neutral,long,short,neutral,neutral,neutral,long,long,long,long,long,long,long,short,short,short,short,short,short,short,long,long,long,short,long,short,short,short,short,short,short,short,short,short,short,short
832,2023-07-24 04:00:00,OANDA:GBPUSD,1.28644,1.28702,1.28493,1.28628,10233.0,Interval.in_2_hour,49176000.0,short,short,short,short,short,short,long,long,long,long,long,long,long,long,long,long,long,long,long,long,neutral,neutral,long,short,neutral,neutral,neutral,long,long,long,long,long,long,short,short,short,short,short,short,short,long,long,long,short,short,long,long,short,short,short,short,short,short,short,short,short,short
833,2023-07-24 02:00:00,OANDA:GBPUSD,1.28538,1.2867,1.2848,1.28644,4161.0,Interval.in_2_hour,49168800.0,short,short,short,short,short,short,short,long,long,long,long,long,long,long,long,long,long,long,long,long,neutral,neutral,long,short,long,neutral,neutral,long,long,long,long,long,short,short,short,short,short,short,short,long,long,short,short,short,short,short,short,long,short,short,short,short,short,short,short,short,short
834,2023-07-24 00:00:00,OANDA:GBPUSD,1.28527,1.28582,1.28524,1.28538,1708.0,Interval.in_2_hour,49161600.0,short,short,short,short,short,short,short,long,long,long,long,long,long,long,long,long,long,long,long,long,short,short,long,short,neutral,neutral,neutral,long,long,long,long,short,short,short,short,short,short,short,short,long,short,short,short,short,short,long,long,long,long,short,short,short,short,short,short,short,short
835,2023-07-21 22:00:00,OANDA:GBPUSD,1.28592,1.28616,1.28487,1.28527,4146.0,Interval.in_2_hour,48981600.0,short,short,short,short,short,short,short,short,long,long,long,long,long,long,long,long,long,long,long,long,neutral,neutral,long,short,neutral,neutral,neutral,long,long,long,short,short,short,short,short,short,short,short,long,short,short,short,short,short,short,long,long,long,long,long,short,short,short,short,short,short,short
836,2023-07-21 20:00:00,OANDA:GBPUSD,1.28587,1.28662,1.28534,1.28592,5062.0,Interval.in_2_hour,48974400.0,short,short,short,short,short,short,short,short,short,short,long,long,long,long,long,long,long,long,long,long,neutral,neutral,long,short,long,long,neutral,long,long,short,short,short,short,short,short,short,long,long,short,short,short,short,short,short,short,short,short,long,long,long,long,short,short,short,short,short,short
837,2023-07-21 18:00:00,OANDA:GBPUSD,1.28442,1.28607,1.28436,1.28587,8356.0,Interval.in_2_hour,48967200.0,short,short,short,short,short,short,short,short,short,short,short,long,long,long,long,long,long,long,long,long,neutral,neutral,long,short,long,neutral,neutral,short,short,short,short,short,short,short,short,short,short,short,short,short,short,short,short,short,short,long,short,short,long,long,long,long,short,short,short,short,short
838,2023-07-21 16:00:00,OANDA:GBPUSD,1.28302,1.28615,1.2829,1.28442,16349.0,Interval.in_2_hour,48960000.0,short,short,short,short,short,short,short,long,long,short,short,long,long,long,long,long,long,long,long,long,neutral,neutral,long,short,neutral,neutral,neutral,short,short,short,short,short,short,short,short,short,short,short,short,short,short,short,short,short,short,long,long,long,long,long,long,long,long,short,short,short,short
839,2023-07-21 14:00:00,OANDA:GBPUSD,1.28453,1.28544,1.2816,1.28302,13639.0,Interval.in_2_hour,48952800.0,short,long,short,short,short,short,long,long,long,long,long,long,long,long,long,long,long,long,long,long,neutral,neutral,long,short,short,short,neutral,short,short,short,short,short,short,short,short,short,short,short,short,short,short,short,short,short,short,long,long,long,long,long,long,long,long,long,short,long,long
840,2023-07-21 12:00:00,OANDA:GBPUSD,1.28582,1.28698,1.28419,1.28453,11710.0,Interval.in_2_hour,48945600.0,short,short,short,short,short,short,short,short,short,long,long,short,short,long,long,long,long,long,long,long,neutral,neutral,long,short,short,neutral,neutral,short,short,short,short,short,short,short,short,short,short,short,short,short,short,short,short,short,short,short,short,long,long,long,long,long,long,long,long,short,short
841,2023-07-21 10:00:00,OANDA:GBPUSD,1.28936,1.28961,1.28402,1.28582,17557.0,Interval.in_2_hour,48938400.0,short,short,short,short,short,short,short,short,short,short,short,short,short,short,short,long,long,long,long,long,neutral,neutral,long,short,neutral,neutral,neutral,short,long,long,long,long,long,long,short,short,short,short,short,short,short,short,short,short,short,short,short,short,long,long,short,short,long,long,long,long,short
842,2023-07-21 08:00:00,OANDA:GBPUSD,1.28796,1.29046,1.28712,1.28936,10597.0,Interval.in_2_hour,48931200.0,short,short,short,short,short,short,short,short,short,short,short,short,short,short,short,short,short,long,long,long,neutral,neutral,long,short,neutral,neutral,neutral,long,long,long,long,long,long,long,short,short,short,short,short,short,short,short,short,short,short,short,short,short,short,short,short,short,short,short,short,short,short
843,2023-07-21 06:00:00,OANDA:GBPUSD,1.28816,1.28864,1.28744,1.28796,4995.0,Interval.in_2_hour,48924000.0,short,short,short,short,short,short,short,short,short,short,short,short,short,short,short,short,short,short,long,long,short,short,long,short,neutral,neutral,neutral,long,long,long,long,long,short,short,short,short,short,short,short,short,short,short,short,short,short,long,short,short,short,short,short,short,short,short,short,short,short
844,2023-07-21 04:00:00,OANDA:GBPUSD,1.28766,1.28828,1.28666,1.28816,8864.0,Interval.in_2_hour,48916800.0,short,short,short,short,short,short,short,short,short,short,short,short,short,short,short,short,short,short,long,long,neutral,neutral,long,short,long,long,long,long,long,long,long,short,short,short,short,short,short,short,short,short,short,short,short,short,short,short,long,short,short,short,short,short,short,short,short,short,short
845,2023-07-21 02:00:00,OANDA:GBPUSD,1.2872,1.28777,1.28689,1.28766,5194.0,Interval.in_2_hour,48909600.0,short,short,short,short,short,short,short,short,short,short,short,short,short,short,short,short,short,short,long,long,neutral,neutral,long,short,long,long,long,long,long,long,short,short,short,short,short,short,short,short,short,short,short,short,short,short,short,long,long,long,short,short,short,short,short,short,short,short,short
846,2023-07-21 00:00:00,OANDA:GBPUSD,1.28684,1.28737,1.28654,1.2872,1223.0,Interval.in_2_hour,48902400.0,short,short,short,short,short,short,short,short,short,short,short,short,short,short,short,short,short,short,long,long,neutral,neutral,long,short,long,long,long,long,long,short,short,short,short,short,short,short,short,short,short,short,short,short,short,short,short,long,long,long,long,short,short,short,short,short,short,short,short
847,2023-07-20 22:00:00,OANDA:GBPUSD,1.28591,1.28692,1.28576,1.28684,3714.0,Interval.in_2_hour,48895200.0,short,short,short,short,long,short,short,short,short,short,short,short,short,short,short,short,short,short,long,long,neutral,neutral,long,short,long,long,neutral,long,short,short,short,short,short,short,short,short,short,short,short,short,short,short,short,short,short,long,long,long,long,long,short,short,short,short,short,short,short
848,2023-07-20 20:00:00,OANDA:GBPUSD,1.2853,1.28679,1.28513,1.28591,6792.0,Interval.in_2_hour,48888000.0,short,short,long,long,long,long,short,short,short,short,short,short,short,short,short,short,short,short,long,long,neutral,neutral,long,short,long,neutral,neutral,short,short,short,short,short,short,short,short,short,short,short,short,short,short,short,short,short,short,long,long,long,long,long,long,short,short,short,short,short,long
849,2023-07-20 18:00:00,OANDA:GBPUSD,1.2853,1.28597,1.28402,1.2853,10628.0,Interval.in_2_hour,48880800.0,long,short,long,long,long,long,long,short,short,short,short,short,short,short,short,short,short,short,long,long,neutral,neutral,long,short,neutral,neutral,neutral,short,short,short,short,short,short,short,short,short,short,short,short,short,short,short,short,short,short,long,long,long,long,long,long,long,long,short,short,short,long
850,2023-07-20 16:00:00,OANDA:GBPUSD,1.28712,1.28832,1.28398,1.2853,18365.0,Interval.in_2_hour,48873600.0,long,long,short,long,long,long,long,long,short,short,short,short,short,short,short,short,short,short,long,long,neutral,neutral,long,short,short,short,neutral,short,short,short,short,short,short,short,short,short,short,short,short,short,short,short,short,short,short,long,long,long,long,long,long,long,long,long,short,short,short
851,2023-07-20 14:00:00,OANDA:GBPUSD,1.28958,1.29052,1.28546,1.28712,13634.0,Interval.in_2_hour,48866400.0,short,short,short,short,short,short,short,short,short,short,short,short,short,short,short,short,short,short,long,long,neutral,neutral,long,short,short,neutral,neutral,short,short,short,short,short,short,short,short,short,short,short,short,short,short,short,short,short,short,short,short,short,short,long,long,long,long,long,short,short,short
852,2023-07-20 12:00:00,OANDA:GBPUSD,1.2924,1.2924,1.28892,1.28958,9493.0,Interval.in_2_hour,48859200.0,short,short,short,short,short,short,short,short,short,short,short,short,short,short,short,short,short,short,long,long,neutral,neutral,long,short,neutral,neutral,neutral,short,short,short,short,short,short,long,long,short,short,short,short,short,short,short,short,short,short,short,short,short,short,short,short,short,short,short,short,short,short
853,2023-07-20 10:00:00,OANDA:GBPUSD,1.29128,1.29332,1.29052,1.2924,13903.0,Interval.in_2_hour,48852000.0,short,short,short,short,short,short,short,short,short,short,short,short,short,short,short,short,short,short,long,long,neutral,neutral,long,short,neutral,neutral,neutral,short,short,short,short,short,long,long,long,short,short,short,short,short,short,short,short,short,short,short,short,short,short,short,short,short,short,short,short,short,short
854,2023-07-20 08:00:00,OANDA:GBPUSD,1.29438,1.2945,1.29105,1.29128,9760.0,Interval.in_2_hour,48844800.0,short,short,short,short,short,short,short,short,short,short,short,short,short,short,short,short,short,short,long,long,neutral,neutral,long,short,short,neutral,neutral,short,short,short,long,long,long,long,long,short,short,short,short,short,short,short,short,short,short,long,short,short,short,short,short,short,short,short,short,short,short
855,2023-07-20 06:00:00,OANDA:GBPUSD,1.2959,1.29594,1.29415,1.29438,6399.0,Interval.in_2_hour,48837600.0,short,short,short,short,short,short,short,short,short,short,short,short,short,short,short,short,short,short,long,long,neutral,neutral,long,short,neutral,neutral,neutral,long,long,long,long,long,long,long,long,short,short,short,short,short,short,short,short,short,short,short,short,short,short,short,short,short,short,short,short,short,short
856,2023-07-20 04:00:00,OANDA:GBPUSD,1.29466,1.29648,1.29438,1.2959,10701.0,Interval.in_2_hour,48830400.0,short,short,short,short,short,short,short,short,short,short,short,short,short,short,short,short,short,short,long,long,neutral,neutral,long,short,long,neutral,neutral,long,long,long,long,long,long,long,short,short,short,short,short,short,short,short,short,short,short,short,short,short,short,short,short,short,short,short,short,short,short
857,2023-07-20 02:00:00,OANDA:GBPUSD,1.29366,1.29478,1.29334,1.29466,4754.0,Interval.in_2_hour,48823200.0,short,short,short,short,short,short,short,short,short,short,short,short,short,short,short,short,short,short,long,long,neutral,neutral,long,short,neutral,neutral,neutral,long,long,long,long,long,short,short,short,short,short,short,short,short,short,short,short,short,short,long,short,short,short,short,short,short,short,short,short,short,short
858,2023-07-20 00:00:00,OANDA:GBPUSD,1.29402,1.29402,1.29325,1.29366,1778.0,Interval.in_2_hour,48816000.0,short,short,short,short,short,short,short,short,short,short,short,short,short,short,short,short,short,short,long,long,neutral,neutral,long,short,neutral,neutral,neutral,long,long,long,long,short,short,short,short,short,short,short,short,short,short,short,short,short,short,long,long,long,short,short,short,short,short,short,short,short,short
859,2023-07-19 22:00:00,OANDA:GBPUSD,1.29292,1.29406,1.29242,1.29402,4830.0,Interval.in_2_hour,48808800.0,short,short,short,short,short,short,short,short,short,short,short,short,short,short,short,short,short,short,long,long,neutral,neutral,long,short,long,long,neutral,long,long,long,short,short,short,short,short,short,short,short,short,short,short,short,short,short,short,short,long,long,long,short,short,short,short,short,short,short,short
860,2023-07-19 20:00:00,OANDA:GBPUSD,1.29086,1.29294,1.2906,1.29292,7078.0,Interval.in_2_hour,48801600.0,short,short,short,short,short,short,short,short,short,short,short,short,short,short,short,short,short,short,long,long,short,neutral,long,short,long,neutral,neutral,long,short,short,short,short,short,short,short,short,short,short,short,short,short,short,short,short,short,long,long,long,long,long,short,short,short,short,short,short,short
861,2023-07-19 18:00:00,OANDA:GBPUSD,1.2887,1.2913,1.28818,1.29086,12220.0,Interval.in_2_hour,48794400.0,short,short,short,short,short,short,short,short,short,short,short,short,short,short,short,short,short,short,long,long,neutral,neutral,long,short,neutral,neutral,neutral,short,short,short,short,short,short,short,short,short,short,short,short,short,short,short,short,short,short,long,long,long,long,long,long,long,long,short,short,short,short
862,2023-07-19 16:00:00,OANDA:GBPUSD,1.29159,1.29206,1.28676,1.2887,20481.0,Interval.in_2_hour,48787200.0,short,short,short,short,short,short,short,long,short,short,short,short,short,short,short,short,short,short,long,long,neutral,neutral,long,short,short,short,short,short,short,short,short,short,short,short,short,short,short,short,short,short,short,short,short,short,short,long,long,long,long,long,long,long,long,long,long,short,short
863,2023-07-19 14:00:00,OANDA:GBPUSD,1.2917,1.2921,1.28976,1.29159,14579.0,Interval.in_2_hour,48780000.0,short,short,short,short,short,short,short,short,short,short,short,short,short,short,short,short,short,short,long,long,neutral,neutral,long,short,short,short,short,short,short,short,short,short,short,short,short,short,short,short,short,short,short,short,short,short,short,short,short,long,long,long,long,long,long,short,long,short,short
864,2023-07-19 12:00:00,OANDA:GBPUSD,1.29324,1.29569,1.29166,1.2917,11641.0,Interval.in_2_hour,48772800.0,short,short,short,short,short,short,short,short,short,short,short,short,short,short,short,short,short,short,long,long,neutral,neutral,long,short,short,short,short,short,short,short,short,short,short,short,short,short,short,short,short,short,short,short,short,short,short,short,short,short,long,long,long,long,long,long,short,long,short
865,2023-07-19 10:00:00,OANDA:GBPUSD,1.29629,1.2973,1.29229,1.29324,16092.0,Interval.in_2_hour,48765600.0,short,short,short,short,short,short,short,short,short,short,short,short,short,short,short,short,short,short,long,long,neutral,neutral,long,short,short,short,short,short,short,short,short,short,short,short,short,short,short,short,short,short,short,short,short,short,short,short,short,short,short,short,long,long,long,long,long,short,short
866,2023-07-19 08:00:00,OANDA:GBPUSD,1.3017,1.30361,1.29306,1.29629,16557.0,Interval.in_2_hour,48758400.0,short,short,short,short,short,short,short,short,short,short,short,short,short,short,short,short,short,short,long,long,short,neutral,long,short,short,short,short,short,short,short,short,short,short,short,short,short,short,short,short,short,short,short,short,short,short,short,short,short,short,short,short,short,short,short,short,short,short
867,2023-07-19 06:00:00,OANDA:GBPUSD,1.30187,1.3025,1.30136,1.3017,7618.0,Interval.in_2_hour,48751200.0,short,short,short,short,short,short,short,short,short,short,short,short,short,short,short,short,short,short,long,long,neutral,neutral,long,short,short,short,neutral,short,short,short,short,short,short,short,short,short,short,short,short,short,short,short,short,short,short,short,short,short,short,short,short,short,short,short,short,short,short
868,2023-07-19 04:00:00,OANDA:GBPUSD,1.30358,1.30388,1.30128,1.30187,9135.0,Interval.in_2_hour,48744000.0,short,short,short,short,short,short,short,short,short,short,short,short,short,short,short,short,short,short,long,long,neutral,neutral,long,short,short,neutral,neutral,short,short,short,short,short,short,short,short,short,short,short,short,short,short,short,short,short,short,short,short,short,short,short,short,short,short,short,short,short,short
869,2023-07-19 02:00:00,OANDA:GBPUSD,1.30406,1.30406,1.30304,1.30358,6463.0,Interval.in_2_hour,48736800.0,short,short,short,short,short,short,short,short,short,short,short,short,short,short,short,short,short,short,long,short,neutral,neutral,long,short,neutral,neutral,neutral,short,short,short,short,short,short,short,short,short,short,short,short,short,short,short,short,short,short,short,short,short,short,short,short,short,short,short,short,short,short
870,2023-07-19 00:00:00,OANDA:GBPUSD,1.30345,1.3042,1.30345,1.30406,1441.0,Interval.in_2_hour,48729600.0,short,short,short,short,short,short,short,short,short,short,short,short,short,short,short,short,short,short,long,long,neutral,neutral,long,short,neutral,neutral,neutral,short,short,short,short,short,short,short,short,short,short,short,short,short,short,short,short,short,short,short,short,short,short,short,short,short,short,short,short,short,short
871,2023-07-18 22:00:00,OANDA:GBPUSD,1.30464,1.30474,1.30344,1.30345,4986.0,Interval.in_2_hour,48722400.0,short,short,short,short,short,short,short,short,short,short,short,short,short,short,short,short,short,short,long,long,neutral,neutral,long,short,neutral,neutral,neutral,short,short,short,short,short,short,short,short,short,short,short,short,short,short,short,short,short,short,long,long,short,short,short,short,short,short,short,short,short,short
872,2023-07-18 20:00:00,OANDA:GBPUSD,1.30351,1.30494,1.30295,1.30464,5637.0,Interval.in_2_hour,48715200.0,short,short,short,short,short,short,short,short,short,short,short,short,short,short,short,short,short,short,long,long,neutral,neutral,long,short,neutral,neutral,neutral,short,short,short,short,short,short,short,short,short,short,short,short,short,short,short,short,short,short,short,short,short,short,short,short,short,short,short,short,short,short
873,2023-07-18 18:00:00,OANDA:GBPUSD,1.30822,1.30897,1.30282,1.30351,10175.0,Interval.in_2_hour,48708000.0,short,short,short,short,short,short,short,short,short,short,short,short,short,short,short,short,short,short,long,long,neutral,neutral,long,short,short,short,neutral,short,short,short,short,short,short,short,short,short,short,short,short,short,short,short,short,short,short,long,short,long,long,short,short,short,short,short,short,short,short
874,2023-07-18 16:00:00,OANDA:GBPUSD,1.30894,1.30986,1.3063,1.30822,24436.0,Interval.in_2_hour,48700800.0,short,short,short,short,short,short,short,short,short,short,short,short,short,short,short,short,short,short,long,short,neutral,neutral,long,short,short,neutral,neutral,long,short,short,long,long,long,long,long,long,long,long,short,short,long,short,short,short,short,short,short,short,short,short,short,short,short,short,short,short,short
875,2023-07-18 14:00:00,OANDA:GBPUSD,1.31246,1.31252,1.30725,1.30894,18580.0,Interval.in_2_hour,48693600.0,short,short,short,short,short,short,short,short,short,short,short,short,short,short,short,short,short,short,long,short,long,neutral,long,short,neutral,neutral,neutral,long,long,long,long,long,long,long,long,long,long,long,long,long,long,long,long,long,long,short,short,short,short,short,short,short,short,short,short,short,short
876,2023-07-18 12:00:00,OANDA:GBPUSD,1.3079,1.3126,1.3079,1.31246,10111.0,Interval.in_2_hour,48686400.0,short,short,short,short,short,short,short,short,short,short,short,short,short,short,short,short,short,short,long,short,neutral,neutral,long,short,neutral,neutral,neutral,long,long,long,long,long,long,long,long,long,long,long,long,long,long,long,long,long,short,short,short,short,short,short,short,short,short,short,short,short,short
877,2023-07-18 10:00:00,OANDA:GBPUSD,1.3089,1.3107,1.30727,1.3079,16312.0,Interval.in_2_hour,48679200.0,short,short,short,short,short,short,short,short,short,short,short,short,short,short,short,short,short,short,long,short,neutral,neutral,long,short,short,neutral,neutral,long,long,long,long,long,long,long,long,short,short,short,short,short,short,short,short,short,short,long,long,long,short,short,short,short,short,short,short,short,short
878,2023-07-18 08:00:00,OANDA:GBPUSD,1.30949,1.31037,1.3072,1.3089,10295.0,Interval.in_2_hour,48672000.0,short,short,short,short,short,short,short,short,short,short,short,short,short,short,short,short,short,short,long,short,long,neutral,long,short,neutral,neutral,neutral,long,long,long,long,long,long,long,long,long,long,long,short,short,short,short,short,short,short,short,long,long,short,short,short,short,short,short,short,short,short
879,2023-07-18 06:00:00,OANDA:GBPUSD,1.30887,1.31001,1.3084,1.30949,6681.0,Interval.in_2_hour,48664800.0,short,short,short,short,short,short,short,short,short,short,short,short,short,short,short,short,short,short,long,short,neutral,neutral,long,short,long,long,long,long,long,long,long,long,long,long,long,long,long,short,short,short,short,short,short,short,short,short,short,long,short,short,short,short,short,short,short,short,short
880,2023-07-18 04:00:00,OANDA:GBPUSD,1.30782,1.30949,1.30742,1.30887,10356.0,Interval.in_2_hour,48657600.0,short,short,short,short,short,short,short,short,short,short,short,short,short,short,short,short,short,short,long,short,neutral,neutral,long,short,long,long,neutral,long,long,long,long,long,short,short,short,short,short,short,short,short,short,short,short,short,short,long,long,short,long,long,short,short,short,short,short,short,short
881,2023-07-18 02:00:00,OANDA:GBPUSD,1.30759,1.30825,1.30678,1.30782,4934.0,Interval.in_2_hour,48650400.0,short,short,short,short,short,short,short,short,short,short,short,short,short,short,short,short,short,short,long,short,neutral,neutral,long,short,long,neutral,neutral,short,short,long,long,short,short,short,short,short,short,short,short,short,short,short,short,short,short,long,long,long,long,long,long,long,short,short,short,short,short
882,2023-07-18 00:00:00,OANDA:GBPUSD,1.30734,1.30775,1.30708,1.30759,1507.0,Interval.in_2_hour,48643200.0,short,short,short,short,short,short,short,short,short,short,short,short,short,short,short,short,short,short,long,short,neutral,neutral,long,short,neutral,neutral,neutral,short,long,long,short,short,short,short,short,short,short,short,short,short,short,short,short,short,short,long,long,long,long,long,long,long,long,short,short,short,short
883,2023-07-17 22:00:00,OANDA:GBPUSD,1.30824,1.30852,1.30706,1.30734,3632.0,Interval.in_2_hour,48636000.0,short,short,short,short,short,short,short,short,short,short,short,short,short,short,short,short,short,short,long,short,neutral,neutral,long,short,neutral,neutral,neutral,long,long,short,short,short,short,short,short,short,short,short,short,short,short,short,short,short,short,long,long,long,long,long,long,long,long,long,short,short,short
884,2023-07-17 20:00:00,OANDA:GBPUSD,1.30748,1.30872,1.3073,1.30824,5012.0,Interval.in_2_hour,48628800.0,short,short,short,short,short,short,short,short,short,short,short,short,short,short,short,short,short,short,long,short,neutral,neutral,long,short,neutral,neutral,neutral,long,short,short,short,short,short,short,short,short,short,short,short,short,short,short,short,short,short,short,short,short,long,long,long,short,long,long,short,short,short
885,2023-07-17 18:00:00,OANDA:GBPUSD,1.30815,1.30836,1.30736,1.30748,7171.0,Interval.in_2_hour,48621600.0,short,short,short,short,short,short,short,short,short,short,short,short,short,short,short,short,short,short,long,short,neutral,neutral,long,short,neutral,neutral,neutral,short,short,short,short,short,short,short,short,short,short,short,short,short,short,short,short,short,short,long,short,long,long,long,long,long,long,long,long,long,short
886,2023-07-17 16:00:00,OANDA:GBPUSD,1.30676,1.30927,1.3051,1.30815,15592.0,Interval.in_2_hour,48614400.0,short,short,short,short,short,short,short,short,short,short,short,short,short,short,short,short,short,short,long,short,neutral,neutral,long,short,neutral,neutral,neutral,short,short,short,short,short,short,short,short,short,short,short,short,short,short,short,short,short,short,short,long,short,short,short,long,long,long,short,long,long,long
887,2023-07-17 14:00:00,OANDA:GBPUSD,1.30784,1.30858,1.30536,1.30676,12910.0,Interval.in_2_hour,48607200.0,long,short,short,short,short,short,short,short,short,short,short,short,short,short,short,short,short,short,long,short,short,short,long,short,short,neutral,neutral,short,short,short,short,short,short,short,short,short,short,short,short,short,short,short,short,short,short,long,long,long,long,long,long,long,long,long,long,long,long
888,2023-07-17 12:00:00,OANDA:GBPUSD,1.3094,1.31069,1.30765,1.30784,9796.0,Interval.in_2_hour,48600000.0,long,long,short,short,short,short,short,short,short,short,short,short,short,short,short,short,short,short,long,short,neutral,neutral,long,short,neutral,neutral,neutral,short,short,short,short,short,short,short,short,short,short,short,short,short,short,short,short,short,short,short,long,short,long,short,short,short,long,long,long,long,long
889,2023-07-17 10:00:00,OANDA:GBPUSD,1.3081,1.31091,1.308,1.3094,12366.0,Interval.in_2_hour,48592800.0,long,short,short,short,short,short,short,short,short,short,short,short,short,short,short,short,short,short,long,short,neutral,neutral,long,short,neutral,neutral,neutral,short,short,short,short,short,short,short,short,short,short,short,short,short,short,short,short,short,short,short,short,short,short,short,short,short,short,short,long,short,short
890,2023-07-17 08:00:00,OANDA:GBPUSD,1.30884,1.3095,1.30652,1.3081,8606.0,Interval.in_2_hour,48585600.0,short,long,long,long,short,short,short,short,short,short,short,short,short,short,short,short,short,short,long,short,neutral,neutral,long,short,short,short,neutral,short,short,short,short,short,short,short,short,short,short,short,short,short,short,short,short,short,short,long,short,short,long,short,long,short,short,short,long,long,long
891,2023-07-17 06:00:00,OANDA:GBPUSD,1.30913,1.30934,1.30835,1.30884,6460.0,Interval.in_2_hour,48578400.0,long,short,long,long,short,short,short,short,short,short,short,short,short,short,short,short,short,short,long,short,neutral,neutral,long,short,short,neutral,neutral,short,short,short,short,short,short,short,short,short,short,short,short,short,short,short,short,short,long,short,long,short,short,short,short,short,short,short,short,long,long
892,2023-07-17 04:00:00,OANDA:GBPUSD,1.30932,1.30968,1.30819,1.30913,7226.0,Interval.in_2_hour,48571200.0,long,short,short,long,short,short,short,short,short,short,short,short,short,short,short,short,short,short,long,short,neutral,neutral,long,short,neutral,neutral,neutral,short,short,short,short,short,short,short,short,short,short,short,short,short,short,short,short,long,long,short,short,long,short,short,short,short,short,short,short,short,short
893,2023-07-17 02:00:00,OANDA:GBPUSD,1.30924,1.30944,1.30841,1.30932,4720.0,Interval.in_2_hour,48564000.0,short,long,short,short,long,short,short,short,short,short,short,short,short,short,short,short,short,short,long,short,neutral,neutral,long,short,neutral,neutral,neutral,short,short,short,short,short,short,short,short,short,short,short,short,short,short,short,long,long,long,short,short,short,long,short,short,short,short,short,short,short,short
894,2023-07-17 00:00:00,OANDA:GBPUSD,1.30933,1.31024,1.30858,1.30924,1625.0,Interval.in_2_hour,48556800.0,short,short,long,short,short,long,short,short,short,short,short,short,short,short,short,short,short,short,long,short,neutral,neutral,long,short,short,short,short,short,short,short,short,short,short,short,short,short,short,short,short,short,short,long,long,long,long,long,short,short,short,long,short,short,short,short,short,short,short
895,2023-07-14 22:00:00,OANDA:GBPUSD,1.31033,1.31036,1.30894,1.30933,5428.0,Interval.in_2_hour,48376800.0,short,short,short,long,short,short,long,short,short,short,short,short,short,short,short,short,short,short,long,short,neutral,neutral,long,short,short,short,neutral,short,short,short,short,short,short,short,short,short,short,short,short,short,long,long,long,long,long,short,short,short,short,short,long,short,short,short,short,short,short
896,2023-07-14 20:00:00,OANDA:GBPUSD,1.3113,1.31152,1.31,1.31033,6527.0,Interval.in_2_hour,48369600.0,short,short,short,short,short,short,short,long,short,short,short,short,short,short,short,short,short,short,long,short,neutral,neutral,long,short,short,neutral,neutral,short,short,short,short,short,short,short,short,short,short,short,long,long,long,long,long,long,long,short,short,short,short,short,short,short,short,short,short,short,short
897,2023-07-14 18:00:00,OANDA:GBPUSD,1.31178,1.3123,1.31038,1.3113,9120.0,Interval.in_2_hour,48362400.0,short,short,short,short,short,short,short,short,long,short,short,short,short,short,short,short,short,short,long,short,neutral,neutral,long,short,neutral,neutral,neutral,long,long,long,short,short,short,short,short,short,long,long,long,long,long,long,long,long,long,short,short,short,short,short,short,short,short,short,short,short,short
898,2023-07-14 16:00:00,OANDA:GBPUSD,1.31134,1.31304,1.30941,1.31178,21515.0,Interval.in_2_hour,48355200.0,short,short,short,short,short,short,short,short,short,long,short,short,short,short,short,short,short,short,long,short,neutral,neutral,long,short,long,neutral,neutral,long,long,short,short,short,short,short,short,long,long,long,long,long,long,long,long,long,long,short,short,short,short,short,short,short,short,short,short,short,short
899,2023-07-14 14:00:00,OANDA:GBPUSD,1.31095,1.31278,1.31004,1.31134,11973.0,Interval.in_2_hour,48348000.0,short,short,short,short,short,short,short,short,short,short,long,short,short,short,short,short,short,short,long,short,neutral,neutral,long,short,neutral,neutral,neutral,short,short,short,short,short,short,short,short,long,long,long,long,long,long,long,long,long,long,long,short,short,short,short,short,short,short,short,short,short,short
900,2023-07-14 12:00:00,OANDA:GBPUSD,1.31209,1.31424,1.31018,1.31095,9010.0,Interval.in_2_hour,48340800.0,short,short,short,short,short,short,short,short,short,short,short,long,short,short,short,short,short,short,long,short,neutral,neutral,long,short,neutral,neutral,neutral,short,short,short,short,short,short,long,long,long,long,long,long,long,long,long,long,long,long,long,long,long,short,short,short,short,short,short,short,short,short
901,2023-07-14 10:00:00,OANDA:GBPUSD,1.30986,1.3126,1.30984,1.31209,10838.0,Interval.in_2_hour,48333600.0,short,short,short,short,short,short,short,short,short,short,short,short,long,short,short,short,short,short,short,short,neutral,neutral,long,short,neutral,neutral,neutral,short,short,short,short,short,short,long,long,long,long,long,long,long,long,long,long,long,long,short,short,short,short,short,short,short,short,short,short,short,short
902,2023-07-14 08:00:00,OANDA:GBPUSD,1.31312,1.31327,1.30936,1.30986,8954.0,Interval.in_2_hour,48326400.0,short,short,short,short,short,short,short,short,short,short,short,short,short,long,short,short,short,short,short,short,neutral,neutral,long,short,neutral,neutral,neutral,short,short,short,short,long,long,long,long,long,long,long,long,long,long,long,long,long,long,long,long,long,long,long,long,short,short,short,short,short,short
903,2023-07-14 06:00:00,OANDA:GBPUSD,1.31312,1.31424,1.31246,1.31312,6261.0,Interval.in_2_hour,48319200.0,short,short,short,short,short,short,short,short,short,short,short,short,short,short,short,short,short,short,short,short,neutral,neutral,long,short,long,neutral,neutral,short,short,long,long,long,long,long,long,long,long,long,long,long,long,long,long,long,long,short,short,short,short,short,short,short,short,short,short,short,short
904,2023-07-14 04:00:00,OANDA:GBPUSD,1.31205,1.31348,1.31194,1.31312,7824.0,Interval.in_2_hour,48312000.0,short,short,short,short,short,short,short,short,short,short,short,short,short,short,short,short,short,short,short,short,neutral,neutral,long,short,neutral,neutral,neutral,short,long,long,long,long,long,long,long,long,long,long,long,long,long,long,long,long,long,long,short,short,short,short,short,short,short,short,short,short,short
905,2023-07-14 02:00:00,OANDA:GBPUSD,1.31314,1.31345,1.31168,1.31205,5781.0,Interval.in_2_hour,48304800.0,short,short,short,short,short,short,short,short,short,short,short,short,short,short,short,short,long,short,short,short,neutral,neutral,long,short,short,neutral,neutral,long,long,long,long,long,long,long,long,long,long,long,long,long,long,long,long,long,long,long,long,short,long,short,short,short,short,short,short,short,short
906,2023-07-14 00:00:00,OANDA:GBPUSD,1.31358,1.31404,1.31266,1.31314,2924.0,Interval.in_2_hour,48297600.0,short,short,short,short,short,short,short,short,short,short,short,short,short,short,short,short,short,short,short,short,long,long,long,short,neutral,neutral,neutral,long,long,long,long,long,long,long,long,long,long,long,long,long,long,long,long,long,long,short,short,short,short,short,short,short,short,short,short,short,short
907,2023-07-13 22:00:00,OANDA:GBPUSD,1.31316,1.31412,1.31283,1.31358,4552.0,Interval.in_2_hour,48290400.0,short,short,short,short,short,short,short,short,short,short,short,short,short,short,short,short,short,short,short,short,neutral,neutral,long,short,long,neutral,neutral,long,long,long,long,long,long,long,long,long,long,long,long,long,long,long,long,long,long,short,short,short,short,short,short,short,short,short,short,short,short
908,2023-07-13 20:00:00,OANDA:GBPUSD,1.3114,1.31325,1.31094,1.31316,6542.0,Interval.in_2_hour,48283200.0,short,short,short,short,short,short,short,short,short,short,short,short,short,short,short,short,short,short,short,short,neutral,neutral,long,short,neutral,neutral,neutral,long,long,long,long,long,long,long,long,long,long,long,long,long,long,long,long,long,long,long,short,short,short,short,short,short,short,short,short,short,short
909,2023-07-13 18:00:00,OANDA:GBPUSD,1.31145,1.31162,1.30884,1.3114,9191.0,Interval.in_2_hour,48276000.0,short,short,short,short,short,short,short,short,short,short,short,short,short,short,short,short,short,short,short,short,neutral,neutral,long,short,neutral,neutral,neutral,long,long,long,long,long,long,long,long,long,long,long,long,long,long,long,long,long,long,long,long,long,long,long,long,short,long,short,short,long,short
910,2023-07-13 16:00:00,OANDA:GBPUSD,1.30834,1.31145,1.3079,1.31145,17049.0,Interval.in_2_hour,48268800.0,short,short,short,short,short,short,short,short,short,short,short,short,short,short,short,short,short,short,short,short,neutral,neutral,long,short,long,long,long,long,long,long,long,long,long,long,long,long,long,long,long,long,long,long,long,long,long,short,long,long,long,long,long,long,short,long,short,short,long
911,2023-07-13 14:00:00,OANDA:GBPUSD,1.30668,1.3084,1.30452,1.30834,15124.0,Interval.in_2_hour,48261600.0,long,long,long,long,long,long,long,long,short,long,short,short,short,short,short,short,short,short,short,short,neutral,neutral,long,short,long,long,long,long,long,long,long,long,long,long,long,long,long,long,long,long,long,long,long,long,long,long,long,long,long,long,long,long,long,long,long,long,long
912,2023-07-13 12:00:00,OANDA:GBPUSD,1.30426,1.30794,1.30364,1.30668,9713.0,Interval.in_2_hour,48254400.0,long,long,long,long,long,long,long,long,long,long,long,long,long,long,long,long,long,long,short,short,neutral,neutral,long,short,long,long,neutral,long,long,long,long,long,long,long,long,long,long,long,long,long,long,long,long,long,long,long,long,long,long,long,long,long,long,long,long,long,long
913,2023-07-13 10:00:00,OANDA:GBPUSD,1.30098,1.30617,1.30047,1.30426,13327.0,Interval.in_2_hour,48247200.0,long,long,long,long,long,long,long,long,long,long,long,long,long,long,long,long,long,long,long,short,neutral,neutral,long,short,long,neutral,neutral,long,long,long,long,long,long,long,long,long,long,long,long,long,long,long,long,long,long,long,long,long,long,long,long,long,long,long,long,long,long
914,2023-07-13 08:00:00,OANDA:GBPUSD,1.30064,1.3018,1.29841,1.30098,12524.0,Interval.in_2_hour,48240000.0,long,long,long,long,long,long,long,long,long,long,long,long,long,long,long,long,long,long,long,long,long,neutral,long,short,neutral,neutral,neutral,long,long,long,long,long,long,long,long,long,long,long,long,long,long,long,long,long,long,long,long,long,long,long,long,long,long,long,long,long,long
915,2023-07-13 06:00:00,OANDA:GBPUSD,1.30138,1.3019,1.30058,1.30064,5032.0,Interval.in_2_hour,48232800.0,long,long,long,long,long,long,long,long,long,long,long,long,long,long,long,long,long,long,long,short,neutral,neutral,long,short,neutral,neutral,neutral,long,long,long,long,long,long,long,long,long,long,long,long,long,long,long,long,long,long,long,long,long,long,long,long,long,long,long,long,long,long
916,2023-07-13 04:00:00,OANDA:GBPUSD,1.29915,1.30154,1.2989,1.30138,7928.0,Interval.in_2_hour,48225600.0,long,long,long,long,long,long,long,long,long,long,long,long,long,long,long,long,long,long,long,short,neutral,neutral,long,short,neutral,neutral,neutral,long,long,long,long,long,long,long,long,long,long,long,long,long,long,long,long,long,long,short,short,long,long,long,long,long,long,long,long,long,long
917,2023-07-13 02:00:00,OANDA:GBPUSD,1.29918,1.30006,1.29907,1.29915,5230.0,Interval.in_2_hour,48218400.0,long,long,long,long,long,long,long,long,long,long,long,long,long,long,long,long,long,long,long,short,neutral,neutral,long,short,neutral,neutral,neutral,short,short,long,long,long,long,long,long,long,long,long,long,long,long,long,long,long,long,long,long,long,long,long,long,long,long,long,long,long,long
918,2023-07-13 00:00:00,OANDA:GBPUSD,1.2989,1.2993,1.29864,1.29918,1626.0,Interval.in_2_hour,48211200.0,long,long,long,long,long,long,long,long,long,long,long,long,long,long,long,long,long,long,long,short,neutral,neutral,long,short,neutral,neutral,neutral,short,long,long,long,long,long,long,long,long,long,long,long,long,long,long,long,long,long,short,long,long,long,long,long,long,long,long,long,long,long
919,2023-07-12 22:00:00,OANDA:GBPUSD,1.29935,1.2994,1.29878,1.2989,5378.0,Interval.in_2_hour,48204000.0,long,long,long,long,long,long,long,long,long,long,long,long,long,long,long,long,long,long,long,short,neutral,neutral,long,short,short,short,neutral,long,long,long,long,long,long,long,long,long,long,long,long,long,long,long,long,long,long,long,long,long,long,long,long,long,long,long,long,long,long
920,2023-07-12 20:00:00,OANDA:GBPUSD,1.29965,1.29968,1.29767,1.29935,7348.0,Interval.in_2_hour,48196800.0,long,long,long,long,long,long,long,long,long,long,long,long,long,long,long,long,long,long,long,short,long,long,long,short,short,neutral,neutral,long,long,long,long,long,long,long,long,long,long,long,long,long,long,long,long,long,long,short,short,short,long,long,long,long,long,long,long,long,long
921,2023-07-12 18:00:00,OANDA:GBPUSD,1.29967,1.29993,1.29816,1.29965,11649.0,Interval.in_2_hour,48189600.0,long,long,long,long,long,long,long,long,long,long,long,long,long,long,long,long,long,long,long,short,neutral,neutral,long,short,neutral,neutral,neutral,long,long,long,long,long,long,long,long,long,long,long,long,long,long,long,long,long,long,short,short,short,short,long,long,long,long,long,long,long,long
922,2023-07-12 16:00:00,OANDA:GBPUSD,1.29482,1.30006,1.29468,1.29967,21665.0,Interval.in_2_hour,48182400.0,long,long,long,long,long,long,long,long,long,long,long,long,long,long,long,long,long,long,short,short,neutral,neutral,long,short,long,neutral,neutral,long,long,long,long,long,long,long,long,long,long,long,long,long,long,long,long,long,long,short,short,short,short,short,long,long,long,long,long,long,long
923,2023-07-12 14:00:00,OANDA:GBPUSD,1.29166,1.29763,1.29042,1.29482,16914.0,Interval.in_2_hour,48175200.0,long,long,long,long,long,long,long,long,long,long,long,long,long,long,long,long,long,long,long,short,neutral,neutral,long,short,neutral,neutral,neutral,short,short,short,short,short,long,long,long,long,long,long,long,long,long,long,long,long,long,long,long,long,long,long,long,long,long,long,long,long,long
924,2023-07-12 12:00:00,OANDA:GBPUSD,1.29326,1.29356,1.29161,1.29166,7737.0,Interval.in_2_hour,48168000.0,long,long,long,long,long,long,long,long,long,long,long,long,long,long,long,long,long,long,long,short,neutral,neutral,long,short,short,short,neutral,short,short,short,short,short,short,long,long,long,long,long,long,long,long,long,long,long,long,long,long,long,long,long,long,long,long,long,long,long,long
925,2023-07-12 10:00:00,OANDA:GBPUSD,1.29444,1.2952,1.29324,1.29326,9603.0,Interval.in_2_hour,48160800.0,long,long,long,long,long,long,long,long,long,long,long,long,long,long,long,long,long,long,long,short,neutral,neutral,long,short,short,neutral,neutral,short,short,long,long,long,long,long,long,long,long,long,long,long,long,long,long,long,long,short,long,long,long,long,long,long,long,long,long,long,long
926,2023-07-12 08:00:00,OANDA:GBPUSD,1.29667,1.2967,1.29423,1.29444,8760.0,Interval.in_2_hour,48153600.0,long,long,long,long,long,long,long,long,long,long,long,long,long,long,long,long,long,long,long,short,long,long,long,short,neutral,neutral,neutral,long,long,long,long,long,long,long,long,long,long,long,long,long,long,long,long,long,long,short,short,long,long,long,long,long,long,long,long,long,long
927,2023-07-12 06:00:00,OANDA:GBPUSD,1.29638,1.29674,1.29564,1.29667,5311.0,Interval.in_2_hour,48146400.0,long,long,long,long,long,long,long,long,long,long,long,long,long,long,long,long,long,long,long,short,neutral,neutral,long,short,long,long,long,long,long,long,long,long,long,long,long,long,long,long,long,long,long,long,long,long,long,short,short,short,short,long,long,long,long,long,long,long,long
928,2023-07-12 04:00:00,OANDA:GBPUSD,1.2947,1.29697,1.2946,1.29638,8044.0,Interval.in_2_hour,48139200.0,long,long,long,long,long,long,long,long,long,long,long,long,long,long,long,long,long,long,long,short,neutral,neutral,long,short,long,long,long,long,long,long,long,long,long,long,long,long,long,long,long,long,long,long,long,long,long,long,short,short,short,short,long,long,long,long,long,long,long
929,2023-07-12 02:00:00,OANDA:GBPUSD,1.29358,1.29536,1.29321,1.2947,5046.0,Interval.in_2_hour,48132000.0,long,long,long,long,long,long,long,long,long,long,long,long,long,long,long,long,long,long,long,short,neutral,neutral,long,short,long,long,long,long,long,long,long,long,long,long,long,long,long,long,long,long,long,long,long,long,long,long,long,short,short,short,long,long,long,long,long,long,long
930,2023-07-12 00:00:00,OANDA:GBPUSD,1.29319,1.29385,1.29299,1.29358,1108.0,Interval.in_2_hour,48124800.0,long,long,long,long,long,long,long,long,long,long,long,long,long,long,long,long,long,long,long,short,neutral,neutral,long,short,long,long,long,long,long,long,long,long,long,long,long,long,long,long,long,long,long,long,long,long,long,long,long,long,long,short,short,long,long,long,long,long,long
931,2023-07-11 22:00:00,OANDA:GBPUSD,1.2929,1.2934,1.29252,1.29319,3966.0,Interval.in_2_hour,48117600.0,long,long,long,long,long,long,long,long,long,long,long,long,long,long,long,long,long,long,long,short,neutral,neutral,long,short,long,long,long,long,long,long,long,long,long,long,long,long,long,long,long,long,long,long,long,long,long,long,long,long,long,long,long,short,long,long,long,long,long
932,2023-07-11 20:00:00,OANDA:GBPUSD,1.29225,1.29295,1.29149,1.2929,5827.0,Interval.in_2_hour,48110400.0,long,long,long,long,long,long,long,long,long,long,long,long,long,long,long,long,long,long,long,short,neutral,neutral,long,short,long,long,neutral,long,long,long,long,long,long,long,long,long,long,long,long,long,long,long,long,long,long,long,long,long,long,long,long,long,short,long,long,long,long
933,2023-07-11 18:00:00,OANDA:GBPUSD,1.28968,1.29227,1.28886,1.29225,8097.0,Interval.in_2_hour,48103200.0,long,long,long,long,long,long,long,long,long,long,long,long,long,long,long,long,long,long,long,short,neutral,neutral,long,short,long,neutral,neutral,long,long,long,long,long,long,long,long,long,long,long,long,long,long,long,long,long,long,long,long,long,long,long,long,long,long,short,long,long,long
934,2023-07-11 16:00:00,OANDA:GBPUSD,1.28966,1.29124,1.28862,1.28968,13465.0,Interval.in_2_hour,48096000.0,long,long,long,long,long,long,long,long,long,long,long,long,long,long,long,long,long,long,long,short,neutral,neutral,long,short,neutral,neutral,neutral,long,long,long,long,long,long,long,long,long,long,long,long,long,long,long,long,long,long,long,long,long,long,long,long,long,long,long,long,long,long
935,2023-07-11 14:00:00,OANDA:GBPUSD,1.29127,1.29186,1.2887,1.28966,11164.0,Interval.in_2_hour,48088800.0,long,long,long,long,long,long,long,long,long,long,long,long,long,long,long,long,long,long,long,short,long,long,long,short,neutral,neutral,neutral,long,long,long,long,long,long,long,long,long,long,long,long,long,long,long,long,long,long,long,long,long,long,long,long,long,long,long,long,long,long
936,2023-07-11 12:00:00,OANDA:GBPUSD,1.28858,1.2935,1.2885,1.29127,9698.0,Interval.in_2_hour,48081600.0,long,long,long,long,long,long,long,long,long,long,long,long,long,long,long,long,long,long,long,short,neutral,neutral,long,short,neutral,neutral,neutral,long,long,long,long,long,long,long,long,long,long,long,long,long,long,long,long,long,long,short,short,long,long,long,long,long,long,long,long,long,long
937,2023-07-11 10:00:00,OANDA:GBPUSD,1.2894,1.28988,1.28706,1.28858,11685.0,Interval.in_2_hour,48074400.0,long,long,long,long,long,long,long,long,long,long,long,long,long,long,long,long,long,long,long,short,neutral,neutral,long,short,neutral,neutral,neutral,long,long,long,long,long,long,long,long,long,long,long,long,long,long,long,long,long,long,long,long,long,long,long,long,long,long,long,long,long,long
938,2023-07-11 08:00:00,OANDA:GBPUSD,1.28786,1.29135,1.28674,1.2894,10174.0,Interval.in_2_hour,48067200.0,long,long,long,long,long,long,long,long,long,long,long,long,long,long,long,long,long,long,long,short,long,neutral,long,short,long,long,long,long,long,long,long,long,long,long,long,long,long,long,long,long,long,long,long,long,long,short,long,long,long,long,long,long,long,long,long,long,long
939,2023-07-11 06:00:00,OANDA:GBPUSD,1.28776,1.2884,1.28712,1.28786,5422.0,Interval.in_2_hour,48060000.0,long,long,long,long,long,long,long,long,long,long,long,long,long,long,long,long,long,long,long,short,neutral,neutral,long,short,long,long,long,long,long,long,long,long,long,long,long,long,long,long,long,long,long,long,long,long,long,long,long,long,long,long,long,long,long,long,long,long,long
940,2023-07-11 04:00:00,OANDA:GBPUSD,1.28688,1.28784,1.28648,1.28776,7373.0,Interval.in_2_hour,48052800.0,long,long,long,long,long,long,long,long,long,long,long,long,long,long,long,long,long,long,long,short,neutral,neutral,long,short,long,long,long,long,long,long,long,long,long,long,long,long,long,long,long,long,long,long,long,long,long,long,long,long,long,long,long,long,long,long,long,long,long
941,2023-07-11 02:00:00,OANDA:GBPUSD,1.28632,1.28698,1.2858,1.28688,3584.0,Interval.in_2_hour,48045600.0,long,long,long,long,long,long,long,long,long,long,long,long,long,long,long,long,long,long,long,short,neutral,neutral,long,short,long,long,long,long,long,long,long,long,long,long,long,long,long,long,long,long,long,long,long,long,long,long,long,long,long,long,long,long,long,long,long,long,long
942,2023-07-11 00:00:00,OANDA:GBPUSD,1.28611,1.28651,1.28572,1.28632,973.0,Interval.in_2_hour,48038400.0,long,long,long,long,long,long,long,long,long,long,long,long,long,long,long,long,long,long,long,short,neutral,neutral,long,short,long,long,long,long,long,long,long,long,long,long,long,long,long,long,long,long,long,long,long,long,long,long,long,long,long,long,long,long,long,long,long,long,long
943,2023-07-10 22:00:00,OANDA:GBPUSD,1.2857,1.28684,1.28554,1.28611,3492.0,Interval.in_2_hour,48031200.0,long,long,long,long,long,long,long,long,long,long,long,long,long,long,long,long,long,long,long,short,neutral,neutral,long,short,long,long,long,long,long,long,long,long,long,long,long,long,long,long,long,long,long,long,long,long,long,long,long,long,long,long,long,long,long,long,long,long,long
944,2023-07-10 20:00:00,OANDA:GBPUSD,1.28461,1.28574,1.28432,1.2857,5250.0,Interval.in_2_hour,48024000.0,long,long,long,long,long,long,long,long,long,long,long,long,long,long,long,long,long,long,long,short,neutral,neutral,long,short,long,long,neutral,long,long,long,long,long,long,long,long,long,long,long,long,long,long,long,long,long,long,long,long,long,long,long,long,long,long,long,long,long,long
945,2023-07-10 18:00:00,OANDA:GBPUSD,1.28154,1.28468,1.28152,1.28461,8611.0,Interval.in_2_hour,48016800.0,long,long,long,long,long,long,long,long,long,long,long,long,long,long,long,long,long,long,short,long,neutral,neutral,long,short,long,neutral,neutral,long,long,long,long,long,short,short,short,short,short,long,long,long,long,long,long,long,long,long,long,long,long,long,long,long,long,long,long,long,long
946,2023-07-10 16:00:00,OANDA:GBPUSD,1.27538,1.28162,1.27538,1.28154,14063.0,Interval.in_2_hour,48009600.0,long,long,long,long,long,long,long,long,long,long,long,long,long,long,long,long,long,long,short,long,short,short,long,short,neutral,neutral,neutral,short,short,short,short,short,short,short,short,short,short,long,long,long,long,long,long,long,long,long,long,long,long,long,long,long,long,long,long,long,long
947,2023-07-10 14:00:00,OANDA:GBPUSD,1.27886,1.27924,1.27504,1.27538,10340.0,Interval.in_2_hour,48002400.0,long,long,long,long,long,long,long,long,long,long,long,long,long,long,long,long,long,long,short,long,neutral,neutral,long,short,short,neutral,neutral,short,short,short,short,short,short,short,short,short,short,long,long,long,long,long,long,long,long,long,long,long,long,long,long,long,long,long,long,long,long
948,2023-07-10 12:00:00,OANDA:GBPUSD,1.28185,1.28244,1.27839,1.27886,7929.0,Interval.in_2_hour,47995200.0,long,long,long,long,long,long,long,long,long,long,long,long,long,long,long,long,long,long,short,short,long,neutral,long,short,neutral,neutral,neutral,short,short,short,short,short,short,short,long,long,long,long,long,long,long,long,long,long,long,short,long,long,long,long,long,long,long,long,long,long,long
949,2023-07-10 10:00:00,OANDA:GBPUSD,1.28093,1.28254,1.27998,1.28185,9749.0,Interval.in_2_hour,47988000.0,long,long,long,long,long,long,long,long,long,long,long,long,long,long,long,long,long,long,short,short,short,neutral,long,short,neutral,neutral,neutral,short,short,short,short,short,short,long,long,long,long,long,long,long,long,long,long,long,long,short,short,short,long,long,long,long,long,long,long,long,long
950,2023-07-10 08:00:00,OANDA:GBPUSD,1.28102,1.28134,1.27983,1.28093,8090.0,Interval.in_2_hour,47980800.0,long,long,long,long,long,long,long,long,long,long,long,long,long,long,long,long,long,long,short,short,neutral,neutral,long,short,short,short,short,short,short,short,short,short,long,long,long,long,long,long,long,long,long,long,long,long,long,long,short,short,long,long,long,long,long,long,long,long,long
951,2023-07-10 06:00:00,OANDA:GBPUSD,1.28196,1.28226,1.2809,1.28102,5076.0,Interval.in_2_hour,47973600.0,long,long,long,long,long,long,long,long,long,long,long,long,long,long,long,long,long,long,short,short,neutral,neutral,long,short,short,short,short,short,short,short,short,long,long,long,long,long,long,long,long,long,long,long,long,long,long,short,long,short,short,long,long,long,long,long,long,long,long
952,2023-07-10 04:00:00,OANDA:GBPUSD,1.28254,1.28346,1.28152,1.28196,7814.0,Interval.in_2_hour,47966400.0,long,long,long,long,long,long,long,long,long,long,long,long,long,long,long,long,long,long,short,short,neutral,neutral,long,short,short,short,neutral,short,short,short,long,long,long,long,long,long,long,long,long,long,long,long,long,long,long,short,short,short,short,short,short,long,long,long,long,long,long
953,2023-07-10 02:00:00,OANDA:GBPUSD,1.28372,1.28395,1.2822,1.28254,5302.0,Interval.in_2_hour,47959200.0,long,long,long,long,long,long,long,long,long,long,long,long,long,long,long,long,long,long,short,short,neutral,neutral,long,short,short,neutral,neutral,short,short,long,long,long,long,long,long,long,long,long,long,long,long,long,long,long,long,short,short,short,short,short,short,short,long,long,long,long,long
954,2023-07-10 00:00:00,OANDA:GBPUSD,1.28394,1.28418,1.28322,1.28372,2107.0,Interval.in_2_hour,47952000.0,long,long,long,long,long,long,long,long,long,long,long,long,long,long,long,long,long,long,short,short,neutral,neutral,long,short,neutral,neutral,neutral,long,long,long,long,long,long,long,long,long,long,long,long,long,long,long,long,long,long,short,short,short,short,short,short,short,short,long,long,long,long
955,2023-07-07 22:00:00,OANDA:GBPUSD,1.28393,1.28401,1.28302,1.28394,5173.0,Interval.in_2_hour,47772000.0,long,long,long,long,long,long,long,long,long,long,long,long,long,long,long,long,long,long,short,short,long,long,long,short,neutral,neutral,neutral,long,long,long,long,long,long,long,long,long,long,long,long,long,long,long,long,long,long,short,short,short,short,short,short,short,short,short,long,long,long
956,2023-07-07 20:00:00,OANDA:GBPUSD,1.28495,1.28495,1.28358,1.28393,6480.0,Interval.in_2_hour,47764800.0,long,long,long,long,long,long,long,long,long,long,long,long,long,long,long,long,long,long,short,short,neutral,neutral,long,short,neutral,neutral,neutral,long,long,long,long,long,long,long,long,long,long,long,long,long,long,long,long,long,long,long,short,short,short,short,short,short,short,short,short,long,long
957,2023-07-07 18:00:00,OANDA:GBPUSD,1.2825,1.28496,1.2819,1.28495,11012.0,Interval.in_2_hour,47757600.0,long,long,long,long,long,long,long,long,long,long,long,long,long,long,long,long,long,long,short,short,neutral,neutral,long,short,long,long,long,long,long,long,long,long,long,long,long,long,long,long,long,long,long,long,long,long,long,short,short,short,short,short,short,short,short,short,short,short,short
958,2023-07-07 16:00:00,OANDA:GBPUSD,1.27808,1.28296,1.2754,1.2825,21513.0,Interval.in_2_hour,47750400.0,long,long,long,long,long,long,long,long,long,long,long,long,long,long,long,long,long,long,short,short,neutral,neutral,long,short,long,long,neutral,long,long,long,long,long,long,long,long,long,long,long,long,long,long,long,long,long,long,long,long,long,long,long,short,short,short,short,short,short,short
959,2023-07-07 14:00:00,OANDA:GBPUSD,1.27621,1.28082,1.27518,1.27808,16897.0,Interval.in_2_hour,47743200.0,long,long,long,long,long,long,long,long,long,long,long,long,long,long,long,long,long,long,long,short,neutral,neutral,long,short,long,neutral,neutral,long,long,long,long,long,long,long,long,long,long,long,long,long,long,long,long,long,long,long,long,long,long,long,long,long,long,long,long,long,short
960,2023-07-07 12:00:00,OANDA:GBPUSD,1.27346,1.27686,1.27334,1.27621,8988.0,Interval.in_2_hour,47736000.0,short,long,long,long,long,long,long,long,long,long,long,long,long,long,long,long,long,long,long,short,neutral,neutral,long,short,neutral,neutral,neutral,long,long,long,long,long,long,long,long,short,long,long,long,long,long,long,long,long,long,long,long,long,long,long,long,long,long,long,long,long,long
961,2023-07-07 10:00:00,OANDA:GBPUSD,1.27386,1.27466,1.27258,1.27346,12098.0,Interval.in_2_hour,47728800.0,long,long,long,long,long,long,long,long,long,long,long,long,long,long,long,long,long,long,long,short,neutral,neutral,long,short,short,neutral,neutral,long,long,short,short,long,long,long,short,short,long,long,long,long,long,long,long,long,long,long,long,long,long,long,long,long,long,long,long,long,long
962,2023-07-07 08:00:00,OANDA:GBPUSD,1.27405,1.27498,1.27348,1.27386,8126.0,Interval.in_2_hour,47721600.0,long,long,long,long,long,long,long,long,long,long,long,long,long,long,long,long,long,long,long,short,long,long,long,short,neutral,neutral,neutral,long,short,short,long,long,long,short,short,long,long,long,long,long,long,long,long,long,long,short,long,long,long,long,long,long,long,long,long,long,long
963,2023-07-07 06:00:00,OANDA:GBPUSD,1.27286,1.27446,1.27274,1.27405,4486.0,Interval.in_2_hour,47714400.0,long,long,long,long,long,long,long,long,long,long,long,long,long,long,long,long,long,long,long,short,neutral,neutral,long,short,neutral,neutral,neutral,short,short,long,long,long,short,short,long,long,long,long,long,long,long,long,long,long,long,short,short,long,long,long,long,long,long,long,long,long,long
964,2023-07-07 04:00:00,OANDA:GBPUSD,1.27318,1.27389,1.27282,1.27286,5392.0,Interval.in_2_hour,47707200.0,long,long,long,long,long,long,long,long,long,long,long,long,long,long,long,long,long,long,long,short,short,short,long,short,short,neutral,neutral,short,short,long,long,short,short,long,long,long,long,long,long,long,long,long,long,long,long,long,long,long,long,long,long,long,long,long,long,long,long
965,2023-07-07 02:00:00,OANDA:GBPUSD,1.27411,1.27451,1.2729,1.27318,4186.0,Interval.in_2_hour,47700000.0,long,long,long,long,long,long,long,long,long,long,long,long,long,long,long,long,long,long,long,short,neutral,neutral,long,short,neutral,neutral,neutral,long,long,long,short,short,long,long,long,long,long,long,long,long,long,long,long,long,long,short,long,long,long,long,long,long,long,long,long,long,long
966,2023-07-07 00:00:00,OANDA:GBPUSD,1.27391,1.27422,1.27331,1.27411,895.0,Interval.in_2_hour,47692800.0,long,long,long,long,long,long,long,long,long,long,long,long,long,long,long,long,long,long,long,short,long,neutral,long,short,neutral,neutral,neutral,long,long,short,short,long,long,long,long,long,long,long,long,long,long,long,long,long,long,short,short,short,short,short,long,long,long,long,long,long,long
967,2023-07-06 22:00:00,OANDA:GBPUSD,1.27412,1.2744,1.27359,1.27391,4382.0,Interval.in_2_hour,47685600.0,long,long,long,long,long,long,long,long,long,long,long,long,long,long,long,long,long,long,long,short,neutral,neutral,long,short,neutral,neutral,neutral,long,short,short,long,long,long,long,long,long,long,long,long,long,long,long,long,long,long,long,short,short,long,short,short,long,long,long,long,long,long
968,2023-07-06 20:00:00,OANDA:GBPUSD,1.27274,1.27432,1.27242,1.27412,6109.0,Interval.in_2_hour,47678400.0,long,long,long,long,long,long,long,long,long,long,long,long,long,long,long,long,long,long,long,short,neutral,neutral,long,short,long,neutral,neutral,short,short,long,long,long,long,long,long,long,long,long,long,long,long,long,long,long,long,short,short,short,short,short,short,short,long,long,long,long,long
969,2023-07-06 18:00:00,OANDA:GBPUSD,1.26954,1.27338,1.26888,1.27274,11089.0,Interval.in_2_hour,47671200.0,long,long,long,long,long,long,long,long,long,long,long,long,long,long,long,long,long,long,short,short,neutral,neutral,long,short,neutral,neutral,neutral,short,short,long,long,long,long,long,long,long,short,short,long,long,long,long,long,long,short,long,long,long,long,long,long,long,long,long,long,long,long
970,2023-07-06 16:00:00,OANDA:GBPUSD,1.27463,1.276,1.26734,1.26954,20931.0,Interval.in_2_hour,47664000.0,long,long,long,long,long,long,long,long,long,long,long,long,long,long,long,long,long,long,short,short,long,neutral,long,short,short,neutral,neutral,long,long,long,long,long,long,long,long,long,long,long,long,long,long,long,long,long,long,long,long,long,long,long,long,long,long,long,long,long,long
971,2023-07-06 14:00:00,OANDA:GBPUSD,1.27716,1.27812,1.27317,1.27463,17164.0,Interval.in_2_hour,47656800.0,long,long,long,long,long,long,long,long,long,long,long,long,long,long,long,long,long,long,short,short,neutral,neutral,long,short,neutral,neutral,neutral,long,long,long,long,long,long,long,long,long,long,long,long,long,long,long,long,long,long,short,short,short,short,short,short,short,short,short,short,long,long
972,2023-07-06 12:00:00,OANDA:GBPUSD,1.27108,1.27798,1.2706,1.27716,11857.0,Interval.in_2_hour,47649600.0,long,long,long,long,long,long,long,long,long,long,long,long,short,long,long,long,long,long,short,short,neutral,neutral,long,short,neutral,neutral,neutral,long,long,long,long,long,long,long,long,long,long,long,long,long,long,long,long,long,long,short,short,short,short,short,short,short,short,short,short,short,short
973,2023-07-06 10:00:00,OANDA:GBPUSD,1.27167,1.2731,1.26988,1.27108,14293.0,Interval.in_2_hour,47642400.0,long,long,long,long,long,long,long,long,long,long,long,long,long,long,long,long,long,long,long,short,long,long,long,short,neutral,neutral,neutral,long,long,long,long,long,long,short,long,long,long,long,long,long,long,long,short,short,short,long,long,short,long,long,long,long,long,long,long,long,long
974,2023-07-06 08:00:00,OANDA:GBPUSD,1.2704,1.27204,1.27014,1.27167,9315.0,Interval.in_2_hour,47635200.0,long,long,long,long,long,long,long,long,long,long,long,long,long,long,long,long,long,long,long,short,neutral,neutral,long,short,neutral,neutral,neutral,long,long,long,long,short,short,long,long,long,long,long,long,short,short,short,short,short,short,short,long,long,short,long,long,long,long,long,long,long,long
975,2023-07-06 06:00:00,OANDA:GBPUSD,1.2705,1.27052,1.26897,1.2704,7356.0,Interval.in_2_hour,47628000.0,long,long,long,long,long,long,long,long,long,long,long,long,long,long,long,long,long,long,long,short,neutral,neutral,long,short,neutral,neutral,neutral,long,long,long,short,short,short,short,short,short,short,short,short,short,short,short,short,short,short,long,long,long,long,short,long,long,long,long,long,long,long
976,2023-07-06 04:00:00,OANDA:GBPUSD,1.26976,1.27122,1.2691,1.2705,7673.0,Interval.in_2_hour,47620800.0,long,long,long,long,long,long,long,long,long,long,long,long,long,long,long,long,long,long,long,short,neutral,neutral,long,short,neutral,neutral,neutral,long,long,short,short,short,short,short,short,short,short,short,short,short,short,short,short,short,short,short,long,long,long,long,short,long,long,long,long,long,long
977,2023-07-06 02:00:00,OANDA:GBPUSD,1.27018,1.27075,1.26926,1.26976,4136.0,Interval.in_2_hour,47613600.0,long,long,long,long,long,long,long,long,long,long,long,long,long,long,long,long,long,long,long,short,neutral,neutral,long,short,short,neutral,neutral,short,short,short,short,short,short,short,short,short,short,short,short,short,short,short,short,short,short,long,long,long,long,long,long,short,long,long,long,long,long
978,2023-07-06 00:00:00,OANDA:GBPUSD,1.27038,1.27062,1.26974,1.27018,4233.0,Interval.in_2_hour,47606400.0,long,long,long,long,long,long,long,long,long,long,long,long,long,long,long,long,long,long,long,short,neutral,neutral,long,short,neutral,neutral,neutral,short,short,short,short,short,short,short,short,short,short,short,short,short,short,short,long,long,long,short,long,long,long,long,long,long,short,long,long,long,long
979,2023-07-05 22:00:00,OANDA:GBPUSD,1.26942,1.27054,1.2694,1.27038,5245.0,Interval.in_2_hour,47599200.0,long,long,long,long,long,long,long,long,long,long,long,long,long,long,long,long,long,long,long,short,neutral,neutral,long,short,neutral,neutral,neutral,short,short,short,short,short,short,short,short,short,short,short,short,short,short,short,short,long,long,short,short,long,long,long,long,long,long,short,long,long,long
980,2023-07-05 20:00:00,OANDA:GBPUSD,1.27077,1.27124,1.26918,1.26942,7777.0,Interval.in_2_hour,47592000.0,long,long,long,long,long,long,long,long,long,long,long,long,long,long,long,long,long,long,long,short,neutral,neutral,long,short,short,neutral,neutral,short,short,short,short,short,short,short,short,short,short,short,short,short,short,short,long,long,long,long,long,long,long,long,long,long,long,long,long,long,long
981,2023-07-05 18:00:00,OANDA:GBPUSD,1.2717,1.27228,1.27014,1.27077,8174.0,Interval.in_2_hour,47584800.0,long,long,long,long,long,long,long,long,long,long,long,long,long,long,long,long,long,long,long,short,neutral,neutral,long,short,neutral,neutral,neutral,long,long,long,long,long,short,short,short,short,short,short,short,long,long,long,long,long,long,short,short,short,short,short,short,long,long,long,long,short,long
982,2023-07-05 16:00:00,OANDA:GBPUSD,1.2715,1.27356,1.27026,1.2717,14851.0,Interval.in_2_hour,47577600.0,long,long,long,long,long,long,long,long,long,long,long,long,long,long,long,long,long,long,long,short,neutral,neutral,long,short,long,neutral,neutral,long,long,long,long,long,long,short,short,short,short,short,long,long,long,long,long,long,long,short,short,short,short,short,short,short,short,short,long,long,short
983,2023-07-05 14:00:00,OANDA:GBPUSD,1.26984,1.27265,1.2688,1.2715,8866.0,Interval.in_2_hour,47570400.0,short,long,long,long,long,long,long,long,long,long,long,long,long,long,long,long,long,long,long,short,neutral,neutral,long,short,neutral,neutral,neutral,long,long,short,short,short,short,short,short,short,short,long,long,long,long,long,long,long,long,long,short,short,short,short,short,short,short,long,short,long,long
984,2023-07-05 12:00:00,OANDA:GBPUSD,1.27122,1.27178,1.26962,1.26984,8789.0,Interval.in_2_hour,47563200.0,long,short,long,long,long,long,long,long,long,long,long,long,long,long,long,long,long,long,long,short,neutral,neutral,long,short,neutral,neutral,neutral,short,short,short,short,short,short,short,short,short,long,long,long,long,long,long,long,long,long,long,long,long,short,long,long,short,long,long,long,long,long
985,2023-07-05 10:00:00,OANDA:GBPUSD,1.27042,1.27227,1.26954,1.27122,13423.0,Interval.in_2_hour,47556000.0,long,long,short,long,long,long,long,long,long,long,long,long,long,long,long,long,long,long,long,short,neutral,neutral,long,short,neutral,neutral,neutral,short,short,short,short,short,short,short,short,long,long,long,long,long,long,long,long,long,long,short,long,long,short,short,short,short,short,short,short,long,short
986,2023-07-05 08:00:00,OANDA:GBPUSD,1.27059,1.27138,1.26968,1.27042,7635.0,Interval.in_2_hour,47548800.0,long,long,long,short,long,long,long,long,long,long,long,long,long,long,long,long,long,long,long,short,short,short,long,short,short,short,neutral,short,short,short,short,short,short,short,long,long,long,long,long,long,long,long,long,long,long,long,short,long,long,long,short,short,short,short,long,short,long
987,2023-07-05 06:00:00,OANDA:GBPUSD,1.27064,1.27076,1.27002,1.27059,4350.0,Interval.in_2_hour,47541600.0,long,long,long,long,short,long,long,long,long,long,long,long,long,long,long,long,long,long,long,short,neutral,neutral,long,short,short,neutral,neutral,short,short,short,short,short,short,long,long,long,long,long,long,long,long,long,long,long,long,short,long,short,long,long,long,short,short,short,short,short,short
988,2023-07-05 04:00:00,OANDA:GBPUSD,1.27138,1.27166,1.27029,1.27064,6399.0,Interval.in_2_hour,47534400.0,short,long,long,long,long,short,long,long,long,long,long,long,long,long,long,long,long,long,long,short,neutral,neutral,long,short,neutral,neutral,neutral,short,short,short,short,short,long,long,long,long,long,long,long,long,long,long,long,long,long,short,short,long,short,long,long,long,short,short,short,short,short
989,2023-07-05 02:00:00,OANDA:GBPUSD,1.27134,1.27212,1.27112,1.27138,4254.0,Interval.in_2_hour,47527200.0,short,short,long,short,long,long,short,long,long,long,long,long,long,long,long,long,long,long,long,short,short,short,long,short,long,neutral,neutral,short,short,short,short,long,long,long,long,long,long,long,long,long,long,long,long,long,long,short,short,short,short,short,long,long,short,short,short,short,short
990,2023-07-05 00:00:00,OANDA:GBPUSD,1.27134,1.27166,1.27108,1.27134,1314.0,Interval.in_2_hour,47520000.0,short,short,short,long,short,long,long,short,long,long,long,long,long,long,long,long,long,long,long,short,neutral,neutral,long,short,neutral,neutral,neutral,short,short,short,long,long,long,long,long,long,long,long,long,long,long,long,long,long,long,long,short,short,short,short,short,long,long,short,short,short,short
991,2023-07-04 22:00:00,OANDA:GBPUSD,1.27194,1.27198,1.27124,1.27134,3427.0,Interval.in_2_hour,47512800.0,short,short,short,short,long,short,long,long,short,long,long,long,long,long,long,long,long,long,long,short,neutral,neutral,long,short,neutral,neutral,neutral,short,short,long,long,long,long,long,long,long,long,long,long,long,long,long,long,long,long,long,long,short,short,short,short,short,long,long,short,short,short
992,2023-07-04 20:00:00,OANDA:GBPUSD,1.27188,1.27242,1.27182,1.27194,2218.0,Interval.in_2_hour,47505600.0,short,short,short,short,short,short,short,long,long,short,long,long,long,long,long,long,long,long,long,short,neutral,neutral,long,short,neutral,neutral,neutral,short,long,long,long,long,long,long,long,long,long,long,long,long,long,long,long,long,long,short,short,short,short,short,short,short,short,short,short,short,short
993,2023-07-04 18:00:00,OANDA:GBPUSD,1.27262,1.27358,1.2717,1.27188,4445.0,Interval.in_2_hour,47498400.0,short,short,short,short,short,short,short,short,long,long,short,long,long,long,long,long,long,long,long,short,long,long,long,short,short,neutral,neutral,long,long,long,long,long,long,long,long,long,long,long,long,long,long,long,long,long,long,long,short,short,short,short,short,short,short,short,short,short,short
994,2023-07-04 16:00:00,OANDA:GBPUSD,1.27362,1.27376,1.27218,1.27262,7128.0,Interval.in_2_hour,47491200.0,short,short,short,short,short,short,short,short,short,long,long,short,long,long,long,long,long,long,long,short,neutral,neutral,long,short,neutral,neutral,neutral,long,long,long,long,long,long,long,long,long,long,long,long,long,long,long,long,long,long,short,short,short,short,short,short,short,short,short,short,short,short
995,2023-07-04 14:00:00,OANDA:GBPUSD,1.27082,1.27394,1.27082,1.27362,7189.0,Interval.in_2_hour,47484000.0,short,short,short,short,short,short,short,short,short,short,long,long,short,short,long,long,long,short,long,short,neutral,neutral,long,short,long,neutral,neutral,long,long,long,long,long,long,long,long,long,long,long,long,long,long,long,long,long,long,short,short,short,short,short,short,short,short,short,short,short,short
996,2023-07-04 12:00:00,OANDA:GBPUSD,1.26961,1.27141,1.26934,1.27082,7389.0,Interval.in_2_hour,47476800.0,long,long,short,short,short,short,short,short,short,long,long,long,long,short,long,long,long,long,long,short,neutral,neutral,long,short,neutral,neutral,neutral,long,long,long,long,long,long,long,long,long,long,long,long,long,long,long,long,long,short,long,long,long,long,long,long,long,short,short,short,long,short
997,2023-07-04 10:00:00,OANDA:GBPUSD,1.27064,1.27084,1.26894,1.26961,8976.0,Interval.in_2_hour,47469600.0,long,long,long,long,short,long,long,long,long,long,long,long,long,long,short,long,long,long,long,short,long,long,long,short,neutral,neutral,neutral,long,long,long,long,long,long,long,long,long,long,long,long,long,long,long,long,short,short,long,long,long,long,long,long,long,long,long,long,long,long
998,2023-07-04 08:00:00,OANDA:GBPUSD,1.26866,1.2711,1.26836,1.27064,7819.0,Interval.in_2_hour,47462400.0,long,short,long,long,long,short,short,short,short,short,short,long,long,long,long,short,long,long,long,short,neutral,neutral,long,short,neutral,neutral,neutral,long,long,long,long,long,long,long,long,long,short,short,long,long,short,long,short,short,short,short,long,long,long,long,long,long,long,long,long,short,short
999,2023-07-04 06:00:00,OANDA:GBPUSD,1.26878,1.26936,1.26853,1.26866,6651.0,Interval.in_2_hour,47455200.0,long,long,long,long,long,long,long,long,long,long,long,long,long,long,long,long,long,long,long,short,short,short,long,short,short,neutral,neutral,short,short,short,short,short,long,long,long,short,short,short,short,short,short,short,short,short,long,long,long,long,long,long,long,long,long,long,long,long,long
1000,2023-07-04 04:00:00,OANDA:GBPUSD,1.26975,1.27016,1.26848,1.26878,6281.0,Interval.in_2_hour,47448000.0,long,long,long,long,long,long,long,long,long,long,long,long,long,long,long,long,long,long,long,short,long,neutral,long,short,neutral,neutral,neutral,long,short,short,long,long,long,long,short,short,short,short,short,short,short,short,short,long,long,short,long,long,long,long,long,long,long,long,long,long,long
1001,2023-07-04 02:00:00,OANDA:GBPUSD,1.26894,1.27005,1.26882,1.26975,4047.0,Interval.in_2_hour,47440800.0,long,long,long,long,long,long,long,long,short,long,long,long,long,long,long,long,long,long,long,short,neutral,neutral,long,short,neutral,neutral,neutral,short,long,long,long,long,long,short,short,long,short,short,short,short,short,short,long,long,long,short,short,long,short,long,long,long,long,long,long,long,long
1002,2023-07-04 00:00:00,OANDA:GBPUSD,1.26908,1.26942,1.2687,1.26894,1285.0,Interval.in_2_hour,47433600.0,long,long,long,long,long,long,long,long,long,long,long,long,long,long,long,long,long,long,long,short,neutral,neutral,long,short,neutral,neutral,neutral,short,short,long,long,long,short,short,short,short,short,short,short,short,short,long,long,long,long,long,short,short,long,long,long,long,long,long,long,long,long
1003,2023-07-03 22:00:00,OANDA:GBPUSD,1.26902,1.26935,1.26884,1.26908,1896.0,Interval.in_2_hour,47426400.0,long,long,long,long,long,long,long,long,long,long,long,long,long,long,long,long,long,long,long,short,neutral,neutral,long,short,neutral,neutral,neutral,short,long,long,long,short,short,short,short,short,short,short,short,short,long,long,long,long,long,short,long,short,short,long,long,long,long,long,long,long,long
1004,2023-07-03 20:00:00,OANDA:GBPUSD,1.26972,1.27006,1.26808,1.26902,3212.0,Interval.in_2_hour,47419200.0,long,long,long,long,long,long,long,long,long,long,long,long,long,long,long,long,long,long,long,short,neutral,neutral,long,short,neutral,neutral,neutral,long,long,long,short,short,long,short,short,short,short,short,short,long,long,long,long,long,long,long,short,long,short,short,long,long,long,long,long,long,long
1005,2023-07-03 18:00:00,OANDA:GBPUSD,1.26882,1.2705,1.2674,1.26972,9147.0,Interval.in_2_hour,47412000.0,long,long,long,long,long,long,long,long,long,long,long,long,short,long,long,long,long,long,long,short,long,neutral,long,short,neutral,neutral,neutral,long,long,short,short,short,short,short,short,short,short,short,long,long,long,long,long,long,long,short,short,short,long,short,short,long,short,long,long,long,long
1006,2023-07-03 16:00:00,OANDA:GBPUSD,1.2694,1.27236,1.26846,1.26882,16018.0,Interval.in_2_hour,47404800.0,long,long,long,long,long,long,long,long,long,long,long,long,long,long,long,long,long,long,long,short,neutral,neutral,long,short,neutral,neutral,neutral,long,short,short,short,short,short,short,short,short,short,long,long,long,long,long,long,long,long,long,long,long,long,long,short,short,long,long,long,long,long
1007,2023-07-03 14:00:00,OANDA:GBPUSD,1.26722,1.26955,1.26617,1.2694,11413.0,Interval.in_2_hour,47397600.0,long,long,long,long,long,long,long,long,long,long,long,long,long,long,long,long,long,long,long,short,short,short,long,short,long,neutral,neutral,short,short,short,short,short,short,short,short,short,long,long,long,long,long,long,long,long,long,short,long,short,short,short,long,short,short,long,long,long,long
1008,2023-07-03 12:00:00,OANDA:GBPUSD,1.26706,1.2679,1.26646,1.26722,9574.0,Interval.in_2_hour,47390400.0,long,long,long,long,long,long,long,long,long,long,long,long,long,long,long,long,long,long,long,short,neutral,neutral,long,short,neutral,neutral,neutral,short,short,short,short,short,short,short,short,long,long,long,long,long,long,long,long,long,long,long,long,long,long,long,long,long,long,long,long,long,long
1009,2023-07-03 10:00:00,OANDA:GBPUSD,1.26878,1.26878,1.26586,1.26706,11260.0,Interval.in_2_hour,47383200.0,long,long,long,long,long,long,long,long,long,long,long,long,long,long,long,long,long,long,long,short,neutral,neutral,long,short,short,neutral,neutral,short,short,short,short,short,short,short,long,long,long,long,long,long,long,long,long,long,long,long,long,long,long,long,long,long,long,long,long,long,long
1010,2023-07-03 08:00:00,OANDA:GBPUSD,1.27054,1.27054,1.26722,1.26878,8961.0,Interval.in_2_hour,47376000.0,long,long,long,long,long,long,long,long,long,long,long,long,long,long,long,long,long,long,long,short,neutral,neutral,long,short,neutral,neutral,neutral,long,short,long,short,short,short,long,long,long,long,long,long,long,long,long,long,long,long,short,short,long,long,long,long,long,long,long,long,short,long
1011,2023-07-03 06:00:00,OANDA:GBPUSD,1.26954,1.27074,1.26948,1.27054,5447.0,Interval.in_2_hour,47368800.0,long,short,long,long,long,long,long,long,long,long,long,long,short,long,short,long,long,long,long,short,neutral,neutral,long,short,long,neutral,neutral,long,long,short,short,long,long,long,long,long,long,long,long,long,long,long,long,long,long,short,short,short,short,short,short,short,short,short,short,short,short
1012,2023-07-03 04:00:00,OANDA:GBPUSD,1.26905,1.27056,1.26883,1.26954,7937.0,Interval.in_2_hour,47361600.0,short,long,long,long,long,long,long,long,long,long,long,long,long,long,long,long,long,long,long,short,short,short,long,short,neutral,neutral,neutral,short,short,short,short,long,long,long,long,long,long,long,long,long,long,long,long,long,long,long,short,short,short,short,short,long,short,short,short,long,short
1013,2023-07-03 02:00:00,OANDA:GBPUSD,1.26983,1.27012,1.26878,1.26905,5689.0,Interval.in_2_hour,47354400.0,short,short,long,long,long,long,long,long,long,long,long,long,long,long,long,long,long,long,short,short,neutral,neutral,long,short,neutral,neutral,neutral,short,short,short,long,long,long,long,long,long,long,long,long,long,long,long,long,long,long,long,long,short,short,short,long,short,long,short,long,short,long
1014,2023-07-03 00:00:00,OANDA:GBPUSD,1.26976,1.27064,1.26958,1.26983,1351.0,Interval.in_2_hour,47347200.0,short,short,short,long,short,long,long,long,long,long,long,long,long,long,long,long,long,long,short,short,neutral,neutral,long,short,long,neutral,neutral,short,short,long,long,long,long,long,long,long,long,long,long,long,long,long,long,long,long,short,short,long,short,short,short,short,short,short,short,short,short
1015,2023-06-30 22:00:00,OANDA:GBPUSD,1.26952,1.27008,1.26923,1.26976,5365.0,Interval.in_2_hour,47167200.0,short,short,short,short,long,short,long,long,long,long,long,long,long,long,long,long,long,long,short,short,neutral,neutral,long,short,neutral,neutral,neutral,short,long,long,long,long,long,long,long,long,long,long,long,long,long,long,long,long,long,long,short,short,long,short,short,short,short,short,short,short,short
1016,2023-06-30 20:00:00,OANDA:GBPUSD,1.27163,1.27224,1.26947,1.26952,6624.0,Interval.in_2_hour,47160000.0,short,short,long,short,short,long,long,long,long,long,long,long,long,long,long,long,long,long,short,short,neutral,neutral,long,short,neutral,neutral,neutral,long,long,long,long,long,long,long,long,long,long,long,long,long,long,long,long,long,long,long,long,short,long,long,short,short,short,short,short,long,short
1017,2023-06-30 18:00:00,OANDA:GBPUSD,1.2713,1.27204,1.27022,1.27163,10967.0,Interval.in_2_hour,47152800.0,short,short,short,short,short,short,short,short,short,long,long,long,long,short,short,short,short,short,short,short,neutral,neutral,long,short,long,long,long,long,long,long,long,long,long,long,long,long,long,long,long,long,long,long,long,long,long,short,short,short,short,short,short,short,short,short,short,short,short
1018,2023-06-30 16:00:00,OANDA:GBPUSD,1.2685,1.2728,1.26818,1.2713,20592.0,Interval.in_2_hour,47145600.0,short,short,short,short,short,short,short,short,short,short,long,long,long,long,long,long,long,short,short,short,neutral,neutral,long,short,long,long,neutral,long,long,long,long,long,long,long,long,long,long,long,long,long,long,long,long,long,long,long,short,short,short,short,short,short,short,short,short,short,short
1019,2023-06-30 14:00:00,OANDA:GBPUSD,1.2647,1.2691,1.26398,1.2685,14124.0,Interval.in_2_hour,47138400.0,long,long,long,long,long,long,long,long,long,long,long,long,long,long,long,long,long,long,short,short,neutral,neutral,long,short,long,neutral,neutral,long,long,long,long,long,long,long,long,long,long,long,long,long,long,long,long,long,long,long,long,long,long,long,long,long,long,long,short,short,long
1020,2023-06-30 12:00:00,OANDA:GBPUSD,1.26148,1.26488,1.2611,1.2647,10210.0,Interval.in_2_hour,47131200.0,long,long,long,long,long,long,long,long,long,long,long,long,long,long,long,long,long,long,long,long,neutral,neutral,long,short,neutral,neutral,neutral,long,long,long,long,long,long,long,long,short,short,short,long,long,long,short,short,short,short,long,long,long,long,long,long,long,long,long,long,long,long
1021,2023-06-30 10:00:00,OANDA:GBPUSD,1.26181,1.2651,1.2612,1.26148,12424.0,Interval.in_2_hour,47124000.0,long,long,long,long,long,long,long,long,long,long,long,long,long,long,long,long,long,long,long,long,short,short,long,short,short,neutral,neutral,short,long,long,long,short,short,long,short,short,short,short,short,short,short,short,short,short,short,long,long,long,long,long,long,long,long,long,long,long,long
1022,2023-06-30 08:00:00,OANDA:GBPUSD,1.26236,1.26357,1.25994,1.26181,8588.0,Interval.in_2_hour,47116800.0,long,long,long,long,long,long,long,long,long,long,long,long,long,long,long,long,long,long,long,long,short,short,long,short,neutral,neutral,neutral,long,long,long,long,long,long,short,short,short,short,short,short,short,short,short,short,short,short,short,long,long,long,long,long,long,long,long,long,long,long
1023,2023-06-30 06:00:00,OANDA:GBPUSD,1.26172,1.2626,1.26145,1.26236,6220.0,Interval.in_2_hour,47109600.0,long,long,long,long,long,long,long,long,long,long,long,long,long,long,long,long,long,long,long,long,neutral,neutral,long,short,neutral,neutral,neutral,long,long,long,short,long,short,short,short,short,short,short,short,short,short,short,short,short,short,short,short,long,long,long,long,long,long,long,long,long,long
1024,2023-06-30 04:00:00,OANDA:GBPUSD,1.26175,1.26236,1.26106,1.26172,9129.0,Interval.in_2_hour,47102400.0,long,long,long,long,long,long,long,long,long,long,long,long,long,long,long,long,long,long,long,long,neutral,neutral,long,short,neutral,neutral,neutral,long,short,short,long,short,short,short,short,short,short,short,short,short,short,short,short,short,short,long,long,short,long,long,long,long,long,long,long,long,long
1025,2023-06-30 02:00:00,OANDA:GBPUSD,1.26118,1.26199,1.26092,1.26175,5221.0,Interval.in_2_hour,47095200.0,long,long,long,long,long,long,long,long,long,long,long,long,long,long,long,long,long,long,long,long,neutral,neutral,long,short,long,neutral,neutral,short,short,long,short,short,short,short,short,short,short,short,short,short,short,short,short,short,short,short,long,long,short,long,long,long,long,long,long,long,long
1026,2023-06-30 00:00:00,OANDA:GBPUSD,1.26116,1.26154,1.26099,1.26118,1564.0,Interval.in_2_hour,47088000.0,long,long,long,long,long,long,long,long,long,long,long,long,long,long,long,long,long,long,long,long,neutral,neutral,long,short,neutral,neutral,neutral,short,short,short,short,short,short,short,short,short,short,short,short,short,short,short,short,short,short,long,long,long,long,long,long,long,long,long,long,long,long
1027,2023-06-29 22:00:00,OANDA:GBPUSD,1.26137,1.26167,1.2609,1.26116,4075.0,Interval.in_2_hour,47080800.0,long,long,long,long,long,long,long,long,long,long,long,long,long,long,long,long,long,long,long,long,neutral,neutral,long,short,short,neutral,neutral,long,short,short,short,short,short,short,short,short,short,short,short,short,short,short,short,short,short,long,long,long,long,long,long,long,long,long,long,long,long
1028,2023-06-29 20:00:00,OANDA:GBPUSD,1.26236,1.26248,1.26094,1.26137,7662.0,Interval.in_2_hour,47073600.0,long,long,long,long,long,long,long,long,long,long,long,long,long,long,long,long,long,long,long,long,neutral,neutral,long,short,neutral,neutral,neutral,short,short,short,short,short,short,short,short,short,short,short,short,short,short,short,short,short,short,short,short,long,long,long,long,long,long,long,long,long,long
1029,2023-06-29 18:00:00,OANDA:GBPUSD,1.26178,1.26278,1.26048,1.26236,11641.0,Interval.in_2_hour,47066400.0,long,long,long,long,long,long,long,long,long,long,long,long,long,long,long,long,long,long,long,long,neutral,neutral,long,short,long,neutral,neutral,short,short,short,short,short,short,short,short,short,short,short,short,short,short,short,short,short,short,short,short,short,short,short,long,short,short,long,long,long,long
1030,2023-06-29 16:00:00,OANDA:GBPUSD,1.26067,1.26316,1.2591,1.26178,20775.0,Interval.in_2_hour,47059200.0,long,long,long,long,long,long,long,long,long,long,long,long,long,long,long,long,long,long,long,long,neutral,neutral,long,short,neutral,neutral,neutral,short,short,short,short,short,short,short,short,short,short,short,short,short,short,short,short,short,short,long,short,short,short,short,short,long,long,short,long,long,long
1031,2023-06-29 14:00:00,OANDA:GBPUSD,1.2656,1.26668,1.26004,1.26067,14593.0,Interval.in_2_hour,47052000.0,long,long,long,long,long,long,long,long,long,long,long,long,long,long,long,long,long,long,long,long,long,neutral,long,short,neutral,neutral,neutral,long,long,long,short,short,short,short,long,long,short,short,short,short,short,short,short,short,short,long,long,long,long,long,long,long,long,long,long,long,long
1032,2023-06-29 12:00:00,OANDA:GBPUSD,1.26462,1.26644,1.2637,1.2656,8224.0,Interval.in_2_hour,47044800.0,long,long,long,long,long,long,long,long,long,long,long,long,long,long,long,long,long,long,long,long,neutral,neutral,long,short,long,long,neutral,long,long,long,long,long,long,long,long,short,short,short,short,short,short,short,short,short,short,short,short,short,short,short,short,short,short,short,short,short,short
1033,2023-06-29 10:00:00,OANDA:GBPUSD,1.26353,1.26541,1.26326,1.26462,11971.0,Interval.in_2_hour,47037600.0,long,long,long,long,long,long,long,long,long,long,long,long,long,long,long,long,long,long,long,long,neutral,neutral,long,short,long,neutral,neutral,long,long,long,short,short,long,long,short,short,short,short,short,short,short,short,short,short,short,long,short,short,short,short,short,short,short,short,short,short,short
1034,2023-06-29 08:00:00,OANDA:GBPUSD,1.26205,1.26356,1.26148,1.26353,9791.0,Interval.in_2_hour,47030400.0,short,long,long,long,long,long,long,long,long,long,long,long,long,long,long,long,long,long,long,long,neutral,neutral,long,short,neutral,neutral,neutral,short,short,short,short,short,long,short,short,short,short,short,short,short,short,short,short,short,short,long,long,short,short,short,short,short,short,short,short,short,short
1035,2023-06-29 06:00:00,OANDA:GBPUSD,1.26266,1.26292,1.26173,1.26205,5920.0,Interval.in_2_hour,47023200.0,short,short,long,long,long,long,long,long,long,long,long,long,long,long,long,long,long,long,long,long,neutral,neutral,long,short,short,short,neutral,short,short,short,short,short,short,short,short,short,short,short,short,short,short,short,short,short,short,long,long,long,short,short,long,short,short,short,short,short,long
1036,2023-06-29 04:00:00,OANDA:GBPUSD,1.26348,1.2647,1.26258,1.26266,9078.0,Interval.in_2_hour,47016000.0,short,short,short,long,long,long,long,long,long,long,long,long,long,long,long,long,long,long,long,long,short,neutral,long,short,short,neutral,neutral,short,short,long,long,short,short,short,short,short,short,short,short,short,short,short,short,short,short,short,long,long,long,short,short,short,short,short,short,short,short
1037,2023-06-29 02:00:00,OANDA:GBPUSD,1.2639,1.2646,1.26256,1.26348,4869.0,Interval.in_2_hour,47008800.0,short,short,short,short,long,long,long,long,long,long,long,long,long,long,long,long,long,long,long,long,neutral,neutral,long,short,neutral,neutral,neutral,short,long,long,short,short,short,short,short,short,short,short,short,short,short,short,short,short,short,short,short,long,long,long,short,short,short,short,short,short,short
1038,2023-06-29 00:00:00,OANDA:GBPUSD,1.26359,1.26436,1.26359,1.2639,1305.0,Interval.in_2_hour,47001600.0,short,short,short,short,short,long,long,long,long,long,long,long,long,long,long,long,long,long,long,long,neutral,neutral,long,short,neutral,neutral,neutral,long,long,short,short,short,short,short,short,short,short,short,short,short,short,short,short,short,short,short,short,short,short,long,long,short,short,short,short,short,short
1039,2023-06-28 22:00:00,OANDA:GBPUSD,1.26481,1.26482,1.2635,1.26359,3998.0,Interval.in_2_hour,46994400.0,short,short,short,short,short,short,long,long,long,long,long,long,long,long,long,long,long,long,long,long,neutral,neutral,long,short,short,neutral,neutral,long,short,short,short,short,short,short,short,short,short,short,short,short,short,short,short,short,short,long,short,short,short,short,long,long,short,short,short,short,short
1040,2023-06-28 20:00:00,OANDA:GBPUSD,1.26483,1.26538,1.26429,1.26481,7388.0,Interval.in_2_hour,46987200.0,short,short,short,short,short,short,short,short,long,long,long,long,long,long,long,long,long,long,long,long,neutral,neutral,long,short,neutral,neutral,neutral,short,short,short,short,short,short,short,short,short,short,short,short,short,short,short,short,short,short,short,short,short,short,short,short,short,long,short,short,short,short
1041,2023-06-28 18:00:00,OANDA:GBPUSD,1.26119,1.26504,1.26088,1.26483,11945.0,Interval.in_2_hour,46980000.0,short,short,short,short,short,short,short,short,short,long,long,long,long,long,long,long,long,long,long,long,short,short,long,short,neutral,neutral,neutral,short,short,short,short,short,short,short,short,short,short,short,short,short,short,short,short,short,short,short,short,short,short,short,short,short,short,long,short,short,short
1042,2023-06-28 16:00:00,OANDA:GBPUSD,1.26404,1.26493,1.26066,1.26119,19628.0,Interval.in_2_hour,46972800.0,long,long,short,short,long,long,long,long,long,long,long,long,long,long,long,long,long,long,long,long,neutral,neutral,long,short,short,short,short,short,short,short,short,short,short,short,short,short,short,short,short,short,short,short,short,short,short,long,long,long,long,long,long,long,long,long,long,short,long
1043,2023-06-28 14:00:00,OANDA:GBPUSD,1.26954,1.27016,1.26324,1.26404,13296.0,Interval.in_2_hour,46965600.0,short,short,short,short,short,short,short,short,short,short,long,long,long,long,long,long,long,long,long,long,neutral,neutral,long,short,short,short,short,short,short,short,short,short,short,short,short,short,short,short,short,short,short,short,short,short,short,short,long,long,short,short,short,short,short,short,long,long,short
1044,2023-06-28 12:00:00,OANDA:GBPUSD,1.27113,1.27152,1.26908,1.26954,11064.0,Interval.in_2_hour,46958400.0,short,short,short,short,short,short,short,short,short,short,short,short,short,long,long,short,long,long,long,short,neutral,neutral,long,short,short,short,short,short,short,short,short,short,short,short,short,short,short,short,short,short,short,short,short,short,short,short,short,short,short,short,short,short,short,short,short,short,short
1045,2023-06-28 10:00:00,OANDA:GBPUSD,1.27246,1.27376,1.2702,1.27113,12300.0,Interval.in_2_hour,46951200.0,short,short,short,short,short,short,short,short,short,short,short,short,short,short,long,long,short,short,long,short,short,short,long,short,short,short,short,short,short,short,short,short,short,short,short,short,short,short,short,long,long,long,long,short,long,short,short,short,short,short,short,short,short,short,short,short,short
1046,2023-06-28 08:00:00,OANDA:GBPUSD,1.27259,1.27365,1.27204,1.27246,9732.0,Interval.in_2_hour,46944000.0,short,short,short,short,short,short,short,short,short,short,short,short,short,short,short,short,short,short,long,short,neutral,neutral,long,short,short,short,short,short,short,short,short,short,short,short,short,short,short,short,long,long,long,long,long,long,long,short,short,short,short,short,short,short,short,short,short,short,short
1047,2023-06-28 06:00:00,OANDA:GBPUSD,1.27309,1.27369,1.27243,1.27259,7776.0,Interval.in_2_hour,46936800.0,short,short,short,short,short,short,short,short,short,short,short,short,short,short,short,short,short,short,long,short,neutral,neutral,long,short,short,short,short,short,short,short,short,short,short,short,short,short,short,long,long,long,long,long,long,long,long,short,short,short,short,short,short,short,short,short,short,short,short
1048,2023-06-28 04:00:00,OANDA:GBPUSD,1.27438,1.27462,1.27246,1.27309,11751.0,Interval.in_2_hour,46929600.0,short,short,short,short,short,short,short,short,short,short,short,short,short,short,short,short,short,short,long,short,neutral,neutral,long,short,short,short,short,short,short,short,short,long,long,short,short,long,long,long,long,long,long,long,long,long,long,short,short,short,short,short,short,short,short,short,short,short,short
1049,2023-06-28 02:00:00,OANDA:GBPUSD,1.27476,1.27522,1.27422,1.27438,7480.0,Interval.in_2_hour,46922400.0,short,short,short,short,short,short,short,short,short,short,short,short,short,short,short,short,short,short,long,short,neutral,neutral,long,short,short,short,neutral,short,short,long,long,long,long,long,long,long,long,long,long,long,long,long,long,long,long,short,short,short,short,short,short,short,short,short,short,short,short
1050,2023-06-28 00:00:00,OANDA:GBPUSD,1.27484,1.27522,1.27472,1.27476,2440.0,Interval.in_2_hour,46915200.0,short,short,short,short,short,short,short,short,short,short,short,short,short,short,short,short,short,short,long,short,neutral,neutral,long,short,short,neutral,neutral,long,long,long,long,long,long,long,long,long,long,long,long,long,long,long,long,long,long,short,short,short,short,short,short,short,short,short,short,short,short
1051,2023-06-27 22:00:00,OANDA:GBPUSD,1.27515,1.27576,1.27468,1.27484,5503.0,Interval.in_2_hour,46908000.0,short,short,short,short,short,short,short,short,short,short,short,short,short,short,short,short,short,short,long,short,neutral,neutral,long,short,neutral,neutral,neutral,long,long,long,long,long,long,long,long,long,long,long,long,long,long,long,long,long,long,short,short,short,short,short,short,short,short,short,short,short,short
1052,2023-06-27 20:00:00,OANDA:GBPUSD,1.27498,1.27544,1.27433,1.27515,7750.0,Interval.in_2_hour,46900800.0,short,short,short,short,short,short,short,short,short,short,short,short,short,short,short,short,short,short,long,short,neutral,neutral,long,short,long,long,long,long,long,long,long,long,long,long,long,long,long,long,long,long,long,long,long,long,long,short,short,short,short,short,short,short,short,short,short,short,short
1053,2023-06-27 18:00:00,OANDA:GBPUSD,1.27452,1.27596,1.27383,1.27498,11706.0,Interval.in_2_hour,46893600.0,short,short,short,short,short,short,short,short,short,short,short,short,short,short,short,short,short,short,long,short,neutral,neutral,long,short,long,long,neutral,long,long,long,long,long,long,long,long,long,long,long,long,long,long,long,long,long,long,long,short,short,short,short,short,short,short,short,short,short,short
1054,2023-06-27 16:00:00,OANDA:GBPUSD,1.27377,1.27576,1.27333,1.27452,19675.0,Interval.in_2_hour,46886400.0,short,short,short,short,short,short,short,short,short,short,short,short,short,short,short,short,short,short,long,short,neutral,neutral,long,short,long,neutral,neutral,short,long,long,long,long,long,long,long,long,long,long,long,long,long,long,long,long,long,long,long,long,long,short,short,short,short,short,short,short,short
1055,2023-06-27 14:00:00,OANDA:GBPUSD,1.2733,1.27446,1.27164,1.27377,12849.0,Interval.in_2_hour,46879200.0,short,short,short,short,short,short,short,short,short,short,short,short,short,short,short,short,short,short,long,short,neutral,neutral,long,short,neutral,neutral,neutral,short,long,long,long,long,long,long,long,long,long,long,long,long,long,long,long,long,long,long,long,long,long,long,long,short,short,short,short,short,short
1056,2023-06-27 12:00:00,OANDA:GBPUSD,1.27376,1.27392,1.27119,1.2733,9634.0,Interval.in_2_hour,46872000.0,short,short,short,short,short,short,short,short,short,short,short,short,short,short,short,short,short,short,long,short,long,neutral,long,short,short,neutral,neutral,long,long,long,long,long,long,long,long,long,long,long,long,long,long,long,long,long,long,long,long,long,long,long,long,long,short,short,short,short,short
1057,2023-06-27 10:00:00,OANDA:GBPUSD,1.27478,1.27513,1.27262,1.27376,12854.0,Interval.in_2_hour,46864800.0,short,short,short,short,short,short,short,short,short,short,short,short,short,short,short,short,short,short,long,short,neutral,neutral,long,short,neutral,neutral,neutral,long,long,long,long,long,long,long,long,long,long,long,long,long,long,long,long,long,long,short,long,long,long,long,long,long,long,short,short,short,short
1058,2023-06-27 08:00:00,OANDA:GBPUSD,1.27292,1.27584,1.27277,1.27478,9577.0,Interval.in_2_hour,46857600.0,short,short,short,short,short,short,short,short,short,short,short,short,short,short,short,short,short,short,long,short,neutral,neutral,long,short,long,long,neutral,long,long,long,long,long,long,long,long,long,long,long,long,long,long,long,long,long,long,short,short,short,short,long,long,long,short,short,short,short,short
1059,2023-06-27 06:00:00,OANDA:GBPUSD,1.27284,1.27332,1.27241,1.27292,6922.0,Interval.in_2_hour,46850400.0,short,short,short,short,short,short,short,short,short,short,short,short,short,short,short,short,short,short,long,short,neutral,neutral,long,short,long,neutral,neutral,long,long,long,long,long,long,long,short,long,short,short,long,long,long,long,long,long,long,long,long,long,long,long,long,long,long,long,long,long,short
1060,2023-06-27 04:00:00,OANDA:GBPUSD,1.27052,1.27369,1.27047,1.27284,10022.0,Interval.in_2_hour,46843200.0,short,short,short,short,short,short,short,short,short,short,short,short,short,short,short,short,short,short,long,short,short,neutral,long,short,neutral,neutral,neutral,long,short,long,long,long,short,short,short,short,short,short,short,long,long,long,long,long,long,long,long,long,long,long,long,long,long,long,long,long,long
1061,2023-06-27 02:00:00,OANDA:GBPUSD,1.27146,1.2716,1.27034,1.27052,5410.0,Interval.in_2_hour,46836000.0,long,long,long,long,short,short,short,short,short,short,short,short,short,short,short,short,short,short,long,short,short,short,long,short,neutral,neutral,neutral,short,short,short,short,short,short,short,short,short,short,short,short,long,long,short,short,short,short,long,long,long,long,long,long,long,long,long,long,long,long
1062,2023-06-27 00:00:00,OANDA:GBPUSD,1.27112,1.2715,1.27066,1.27146,3172.0,Interval.in_2_hour,46828800.0,long,long,long,long,short,short,short,short,short,short,short,short,short,short,short,short,short,short,long,short,neutral,neutral,long,short,neutral,neutral,neutral,short,long,long,short,short,short,short,short,short,short,long,long,long,long,short,long,long,short,short,long,long,long,long,long,long,long,long,long,long,long
1063,2023-06-26 22:00:00,OANDA:GBPUSD,1.272,1.27219,1.271,1.27112,4060.0,Interval.in_2_hour,46821600.0,long,long,long,long,long,long,short,short,short,short,short,short,short,short,short,short,short,short,long,short,neutral,neutral,long,short,short,neutral,neutral,long,long,short,short,short,short,short,short,short,long,long,long,long,short,long,long,long,long,long,short,long,long,long,long,long,long,long,long,long,long
1064,2023-06-26 20:00:00,OANDA:GBPUSD,1.2722,1.2726,1.27163,1.272,5805.0,Interval.in_2_hour,46814400.0,long,long,long,long,long,long,short,short,short,short,short,short,short,short,short,short,short,short,long,short,long,long,long,short,neutral,neutral,neutral,long,short,short,short,short,short,short,long,long,long,long,long,long,long,long,long,long,short,short,short,short,long,long,long,long,long,long,long,long,long
1065,2023-06-26 18:00:00,OANDA:GBPUSD,1.27094,1.27278,1.27078,1.2722,9123.0,Interval.in_2_hour,46807200.0,long,long,long,long,long,long,long,short,short,short,short,short,short,short,short,short,short,short,long,short,short,short,long,short,neutral,neutral,neutral,short,short,short,short,short,short,short,long,long,long,long,neutral,long,long,long,long,short,short,short,short,short,short,long,long,long,long,long,long,long,long
1066,2023-06-26 16:00:00,OANDA:GBPUSD,1.27117,1.27183,1.26948,1.27094,14290.0,Interval.in_2_hour,46800000.0,long,long,long,long,long,long,long,long,long,short,short,short,short,short,short,short,short,short,long,short,neutral,neutral,long,short,neutral,neutral,neutral,short,short,short,short,short,short,short,long,long,short,short,long,long,short,short,short,short,short,long,long,long,long,short,long,long,long,long,long,long,long
1067,2023-06-26 14:00:00,OANDA:GBPUSD,1.2711,1.27192,1.26882,1.27117,11985.0,Interval.in_2_hour,46792800.0,long,long,long,long,long,long,long,long,long,short,short,short,short,short,short,short,short,short,long,short,neutral,neutral,long,short,neutral,neutral,neutral,short,short,short,short,short,short,long,long,long,short,long,long,short,short,short,short,short,short,short,long,long,short,long,short,long,long,long,long,long,long
1068,2023-06-26 12:00:00,OANDA:GBPUSD,1.27372,1.27452,1.27074,1.2711,10760.0,Interval.in_2_hour,46785600.0,long,long,long,long,long,long,long,long,long,long,long,short,short,short,short,short,short,short,long,short,neutral,neutral,long,short,neutral,neutral,neutral,short,short,short,long,long,long,long,long,long,long,long,long,long,short,short,short,short,short,long,short,long,long,long,long,short,long,long,long,long,long
1069,2023-06-26 10:00:00,OANDA:GBPUSD,1.27212,1.27488,1.27192,1.27372,14160.0,Interval.in_2_hour,46778400.0,short,long,long,long,long,long,long,long,short,short,short,short,short,short,short,short,short,short,long,short,neutral,neutral,long,short,neutral,neutral,neutral,short,long,long,long,long,long,long,long,long,long,long,long,short,short,short,short,short,short,short,short,short,short,short,short,short,short,short,short,long,long
1070,2023-06-26 08:00:00,OANDA:GBPUSD,1.27326,1.27394,1.27104,1.27212,9971.0,Interval.in_2_hour,46771200.0,long,long,long,long,long,long,long,long,long,long,long,long,short,short,short,short,short,short,long,short,long,neutral,long,short,short,short,neutral,short,long,long,long,long,long,long,long,long,long,long,short,short,short,short,short,short,short,long,short,short,short,long,short,short,short,short,long,long,long
1071,2023-06-26 06:00:00,OANDA:GBPUSD,1.27332,1.27361,1.27284,1.27326,5567.0,Interval.in_2_hour,46764000.0,long,long,long,long,long,long,long,long,long,long,short,short,short,short,short,short,short,short,long,short,neutral,neutral,long,short,short,neutral,neutral,long,long,long,long,long,long,long,long,long,long,long,short,short,short,short,short,short,short,short,long,short,short,short,short,short,short,short,short,short,short
1072,2023-06-26 04:00:00,OANDA:GBPUSD,1.27336,1.27392,1.27272,1.27332,9028.0,Interval.in_2_hour,46756800.0,short,long,long,short,long,long,long,long,long,long,long,short,short,short,short,short,short,short,long,short,neutral,neutral,long,short,neutral,neutral,neutral,long,long,long,long,long,long,long,long,long,long,short,short,short,short,short,short,short,short,short,short,long,short,short,short,short,short,short,short,short,short
1073,2023-06-26 02:00:00,OANDA:GBPUSD,1.27234,1.27356,1.27213,1.27336,8374.0,Interval.in_2_hour,46749600.0,short,short,long,long,short,long,long,long,long,long,long,long,short,short,short,short,short,short,long,short,neutral,neutral,long,short,long,long,long,long,long,long,long,long,long,long,long,short,short,short,short,short,short,short,short,short,short,short,short,short,long,short,short,short,short,short,short,short,short
1074,2023-06-26 00:00:00,OANDA:GBPUSD,1.2716,1.2725,1.27115,1.27234,2509.0,Interval.in_2_hour,46742400.0,short,long,long,long,long,long,long,long,long,long,long,long,long,long,long,long,short,short,long,short,neutral,neutral,long,short,long,long,neutral,long,long,long,long,long,long,long,short,short,short,short,short,short,short,short,short,short,short,long,long,long,short,long,short,short,short,short,short,short,short
1075,2023-06-23 22:00:00,OANDA:GBPUSD,1.27097,1.2722,1.27064,1.2716,6983.0,Interval.in_2_hour,46562400.0,short,short,long,long,long,long,long,long,long,long,long,long,long,long,long,long,long,short,long,short,neutral,neutral,long,short,long,neutral,neutral,long,short,long,long,short,long,short,short,short,short,short,short,short,short,short,short,short,short,long,long,long,long,long,long,short,short,short,long,long,short
1076,2023-06-23 20:00:00,OANDA:GBPUSD,1.26986,1.27158,1.26986,1.27097,7541.0,Interval.in_2_hour,46555200.0,long,long,short,long,long,long,long,long,long,long,long,long,long,long,long,long,long,long,long,short,neutral,neutral,long,short,neutral,neutral,neutral,short,short,short,short,short,short,short,short,short,short,short,short,short,short,short,short,short,short,long,long,long,long,long,long,long,long,long,short,long,long
1077,2023-06-23 18:00:00,OANDA:GBPUSD,1.27103,1.27161,1.26888,1.26986,11385.0,Interval.in_2_hour,46548000.0,long,long,long,long,long,long,long,long,long,long,long,long,long,long,long,long,long,long,long,long,neutral,neutral,long,short,short,short,neutral,short,short,short,short,short,short,short,short,short,short,short,short,short,short,short,short,short,short,long,long,long,long,long,long,long,long,long,long,long,long
1078,2023-06-23 16:00:00,OANDA:GBPUSD,1.2712,1.27286,1.26984,1.27103,19290.0,Interval.in_2_hour,46540800.0,long,long,long,long,short,long,long,long,long,long,long,long,long,long,long,long,long,long,long,long,neutral,neutral,long,short,short,neutral,neutral,long,short,short,short,short,short,short,short,short,short,short,short,short,short,short,short,short,short,short,short,long,long,long,long,long,long,long,long,long,short
1079,2023-06-23 14:00:00,OANDA:GBPUSD,1.27194,1.27366,1.27112,1.2712,12558.0,Interval.in_2_hour,46533600.0,short,long,long,short,long,short,long,long,long,long,long,long,long,long,long,long,long,long,long,long,neutral,neutral,long,short,neutral,neutral,neutral,long,long,short,short,short,short,short,short,short,short,short,short,short,short,short,short,short,short,short,short,short,long,long,long,long,long,long,long,short,short
1080,2023-06-23 12:00:00,OANDA:GBPUSD,1.27013,1.27366,1.26906,1.27194,12555.0,Interval.in_2_hour,46526400.0,short,short,long,long,short,short,short,long,long,long,long,long,long,long,long,long,long,long,long,long,short,neutral,long,short,neutral,neutral,neutral,short,short,short,short,short,short,short,short,short,short,short,short,short,short,short,short,short,short,short,short,short,short,short,long,long,long,long,long,long,short
1081,2023-06-23 10:00:00,OANDA:GBPUSD,1.27186,1.27304,1.26852,1.27013,19925.0,Interval.in_2_hour,46519200.0,long,long,long,long,long,long,long,long,long,long,long,long,long,long,long,long,long,long,long,long,neutral,neutral,long,short,neutral,neutral,neutral,short,short,short,short,short,short,short,short,short,short,short,short,short,short,short,short,short,short,long,long,long,short,long,long,long,long,long,long,long,long
1082,2023-06-23 08:00:00,OANDA:GBPUSD,1.27078,1.27264,1.27052,1.27186,10805.0,Interval.in_2_hour,46512000.0,long,short,short,short,long,long,short,short,short,long,long,long,long,long,long,long,long,long,long,long,short,short,long,short,neutral,neutral,neutral,short,short,short,short,short,short,short,short,short,short,short,short,short,short,short,short,short,short,short,long,short,short,short,short,short,long,long,long,long,long
1083,2023-06-23 06:00:00,OANDA:GBPUSD,1.2716,1.2718,1.26966,1.27078,7668.0,Interval.in_2_hour,46504800.0,long,long,long,long,long,long,long,long,long,short,long,long,long,long,long,long,long,long,long,long,neutral,neutral,long,short,short,neutral,neutral,short,short,short,short,short,short,short,short,short,short,short,short,short,short,short,short,short,short,long,short,long,long,long,short,long,long,long,long,long,long
1084,2023-06-23 04:00:00,OANDA:GBPUSD,1.27468,1.27488,1.27114,1.2716,9708.0,Interval.in_2_hour,46497600.0,long,long,long,short,short,short,long,long,short,short,short,long,long,long,long,long,long,long,long,long,neutral,neutral,long,short,neutral,neutral,neutral,short,short,short,short,short,short,short,short,short,short,short,short,short,short,short,long,long,long,short,long,short,long,short,short,short,short,long,long,long,long
1085,2023-06-23 02:00:00,OANDA:GBPUSD,1.27466,1.27494,1.2741,1.27468,6016.0,Interval.in_2_hour,46490400.0,short,short,short,short,short,short,short,short,short,short,short,short,short,short,long,short,short,short,long,long,neutral,neutral,long,short,neutral,neutral,neutral,long,long,long,short,short,short,short,short,short,short,short,short,short,long,long,long,long,short,short,short,short,short,short,short,short,short,short,short,short,short
1086,2023-06-23 00:00:00,OANDA:GBPUSD,1.27482,1.27516,1.27417,1.27466,3263.0,Interval.in_2_hour,46483200.0,short,short,short,short,short,short,short,short,short,short,short,short,short,short,short,long,short,short,long,long,neutral,neutral,long,short,neutral,neutral,neutral,long,long,short,short,short,short,short,short,short,short,short,short,long,long,long,long,short,short,long,short,short,short,short,short,short,short,short,short,short,short
1087,2023-06-22 22:00:00,OANDA:GBPUSD,1.27456,1.27484,1.27419,1.27482,5571.0,Interval.in_2_hour,46476000.0,short,short,short,short,short,short,short,short,short,short,short,short,short,short,short,short,short,short,long,long,neutral,neutral,long,short,long,neutral,neutral,long,short,short,short,short,short,short,short,short,short,short,long,long,long,long,short,short,short,short,short,short,short,short,short,short,short,short,short,short,short
1088,2023-06-22 20:00:00,OANDA:GBPUSD,1.27328,1.27456,1.27254,1.27456,7517.0,Interval.in_2_hour,46468800.0,short,short,short,short,short,short,short,short,short,short,short,short,short,short,short,short,short,long,long,long,neutral,neutral,long,short,neutral,neutral,neutral,short,short,short,short,short,short,short,short,short,short,short,long,long,long,short,short,short,short,long,long,long,short,short,short,short,short,short,short,short,short
1089,2023-06-22 18:00:00,OANDA:GBPUSD,1.27437,1.27562,1.27326,1.27328,11796.0,Interval.in_2_hour,46461600.0,short,short,short,long,long,short,short,long,short,short,short,short,short,short,short,short,short,short,long,long,neutral,neutral,long,short,short,short,neutral,short,short,short,short,short,short,short,short,short,short,long,long,long,short,short,short,short,short,long,long,long,long,short,short,short,short,short,short,short,short
1090,2023-06-22 16:00:00,OANDA:GBPUSD,1.27492,1.2764,1.27276,1.27437,20508.0,Interval.in_2_hour,46454400.0,short,short,short,short,short,short,short,short,short,short,short,short,short,short,short,short,short,short,long,long,neutral,neutral,long,short,short,neutral,neutral,short,short,short,short,short,short,short,short,long,long,long,long,short,short,short,short,short,short,short,long,long,long,long,short,short,short,short,short,short,short
1091,2023-06-22 14:00:00,OANDA:GBPUSD,1.27858,1.28436,1.27381,1.27492,24357.0,Interval.in_2_hour,46447200.0,short,short,short,short,short,short,short,short,short,short,short,short,short,short,short,short,short,short,long,long,long,neutral,long,short,neutral,neutral,neutral,long,long,short,short,short,short,long,long,long,long,long,long,short,long,long,long,long,long,short,short,short,short,short,short,short,short,short,short,short,short
1092,2023-06-22 12:00:00,OANDA:GBPUSD,1.27758,1.2798,1.27734,1.27858,9799.0,Interval.in_2_hour,46440000.0,short,short,short,short,short,short,short,short,short,short,short,short,short,short,short,short,short,short,long,long,neutral,neutral,long,short,long,neutral,neutral,long,long,long,long,long,long,long,long,long,long,long,long,long,long,long,long,long,long,short,short,short,short,short,short,short,short,short,short,short,short
1093,2023-06-22 10:00:00,OANDA:GBPUSD,1.27464,1.2788,1.2739,1.27758,14551.0,Interval.in_2_hour,46432800.0,short,short,short,short,short,short,short,short,short,short,short,short,short,short,short,short,short,short,long,long,short,neutral,long,short,neutral,neutral,neutral,short,short,short,short,short,long,long,long,long,long,short,long,long,short,short,short,long,long,long,short,short,short,short,short,short,short,short,short,short,short
1094,2023-06-22 08:00:00,OANDA:GBPUSD,1.27588,1.2761,1.27432,1.27464,9198.0,Interval.in_2_hour,46425600.0,short,short,short,short,short,short,short,short,short,short,short,short,short,short,short,short,short,short,long,long,neutral,neutral,long,short,short,short,short,short,short,short,short,long,long,long,long,long,short,short,short,short,short,short,short,long,long,long,long,long,short,short,short,long,long,long,short,short,short
1095,2023-06-22 06:00:00,OANDA:GBPUSD,1.27678,1.27702,1.27579,1.27588,5991.0,Interval.in_2_hour,46418400.0,short,short,short,short,short,short,short,short,short,short,short,short,short,short,short,short,short,short,long,long,neutral,neutral,long,short,short,short,neutral,short,short,short,long,long,long,long,long,short,long,long,long,short,long,long,long,long,long,short,long,long,short,short,short,short,short,short,short,short,short
1096,2023-06-22 04:00:00,OANDA:GBPUSD,1.27686,1.27742,1.27621,1.27678,6819.0,Interval.in_2_hour,46411200.0,short,short,short,short,short,short,short,short,short,short,short,short,short,short,short,short,short,short,long,long,long,long,long,short,short,neutral,neutral,short,long,long,long,long,long,long,short,long,long,long,long,long,long,long,long,long,short,short,short,long,long,short,short,short,short,short,short,short,short
1097,2023-06-22 02:00:00,OANDA:GBPUSD,1.27702,1.27739,1.27665,1.27686,6769.0,Interval.in_2_hour,46404000.0,short,short,short,short,short,short,short,short,short,short,short,short,short,short,short,short,short,short,long,long,neutral,neutral,long,short,neutral,neutral,neutral,long,long,long,long,long,long,short,long,long,long,long,long,long,long,long,long,short,short,short,short,short,long,long,short,short,short,short,short,short,short
1098,2023-06-22 00:00:00,OANDA:GBPUSD,1.27676,1.2771,1.27651,1.27702,2390.0,Interval.in_2_hour,46396800.0,short,short,short,short,short,short,short,short,short,short,short,short,short,short,short,short,short,short,long,long,neutral,neutral,long,short,neutral,neutral,neutral,long,long,long,long,long,short,long,long,long,long,long,long,long,long,long,short,short,short,short,short,short,short,long,long,short,short,short,short,short,short
1099,2023-06-21 22:00:00,OANDA:GBPUSD,1.27748,1.27786,1.27643,1.27676,6042.0,Interval.in_2_hour,46389600.0,short,short,short,short,short,short,short,short,short,short,short,short,short,short,short,short,short,short,long,long,neutral,neutral,long,short,neutral,neutral,neutral,long,long,long,long,short,long,long,long,long,long,long,long,long,long,short,short,short,short,long,long,long,short,short,long,long,short,short,short,short,short
1100,2023-06-21 20:00:00,OANDA:GBPUSD,1.27564,1.27858,1.27531,1.27748,10193.0,Interval.in_2_hour,46382400.0,short,short,short,short,short,short,short,short,short,short,short,short,short,short,short,short,short,short,long,long,long,long,long,short,long,neutral,neutral,long,long,long,short,long,long,long,long,long,long,long,long,long,short,short,short,short,short,short,short,short,short,short,short,long,long,short,short,short,short
1101,2023-06-21 18:00:00,OANDA:GBPUSD,1.27298,1.27606,1.2715,1.27564,13493.0,Interval.in_2_hour,46375200.0,short,short,short,short,short,short,short,short,short,short,short,short,short,short,short,short,short,short,long,long,short,short,long,short,neutral,neutral,neutral,long,short,short,short,short,short,short,short,short,short,long,short,short,short,short,short,short,short,long,long,long,long,long,long,short,long,long,short,short,short
1102,2023-06-21 16:00:00,OANDA:GBPUSD,1.2731,1.27554,1.27022,1.27298,21043.0,Interval.in_2_hour,46368000.0,long,long,long,long,long,short,short,short,short,short,short,short,short,short,short,short,long,long,long,long,neutral,neutral,long,short,neutral,neutral,neutral,short,short,short,short,short,short,short,short,short,short,short,short,short,short,short,short,short,short,long,long,long,long,long,long,long,long,long,long,long,long
1103,2023-06-21 14:00:00,OANDA:GBPUSD,1.27004,1.27355,1.26994,1.2731,15335.0,Interval.in_2_hour,46360800.0,long,long,long,long,long,long,short,short,short,short,short,short,short,short,short,short,short,long,long,long,short,short,long,short,neutral,neutral,neutral,short,short,short,short,short,short,short,short,short,short,short,short,short,short,short,short,short,short,short,long,long,long,long,long,long,long,long,long,long,long
1104,2023-06-21 12:00:00,OANDA:GBPUSD,1.27202,1.27256,1.26912,1.27004,11715.0,Interval.in_2_hour,46353600.0,long,long,long,long,long,long,long,long,long,long,long,long,long,long,short,long,long,long,long,long,neutral,neutral,long,short,short,neutral,neutral,short,short,short,short,short,short,short,short,short,short,short,short,short,short,short,short,short,short,long,long,long,long,long,long,long,long,long,long,long,long
1105,2023-06-21 10:00:00,OANDA:GBPUSD,1.2784,1.27845,1.27154,1.27202,16129.0,Interval.in_2_hour,46346400.0,long,long,long,long,long,long,long,long,short,short,short,short,short,short,short,short,short,short,long,long,long,neutral,long,short,neutral,neutral,neutral,short,short,short,short,short,long,long,short,short,short,short,short,short,short,short,short,short,short,short,long,long,long,long,long,long,long,long,long,long,long
1106,2023-06-21 08:00:00,OANDA:GBPUSD,1.2765,1.28026,1.2756,1.2784,15306.0,Interval.in_2_hour,46339200.0,short,long,short,short,short,short,short,short,short,short,short,short,short,short,short,short,short,short,long,short,neutral,neutral,long,short,long,neutral,neutral,long,long,long,long,long,long,long,short,short,short,short,short,short,short,short,short,short,short,short,short,short,short,short,short,short,short,short,short,short,short
1107,2023-06-21 06:00:00,OANDA:GBPUSD,1.27562,1.27684,1.27558,1.2765,8330.0,Interval.in_2_hour,46332000.0,short,long,long,short,short,short,short,short,short,short,short,short,short,short,short,short,short,short,long,short,neutral,neutral,long,short,neutral,neutral,neutral,short,short,long,long,long,long,short,short,short,short,short,short,short,short,short,short,short,short,long,short,short,short,short,short,long,long,long,long,long,short
1108,2023-06-21 04:00:00,OANDA:GBPUSD,1.27594,1.27676,1.27542,1.27562,9692.0,Interval.in_2_hour,46324800.0,long,short,long,long,short,short,short,short,short,short,short,short,short,short,short,short,short,short,long,short,neutral,neutral,long,short,short,short,neutral,short,long,long,long,long,short,short,short,short,short,short,short,short,short,short,short,short,short,long,long,short,short,short,short,long,long,long,long,long,long
1109,2023-06-21 02:00:00,OANDA:GBPUSD,1.27639,1.27663,1.2758,1.27594,6806.0,Interval.in_2_hour,46317600.0,long,short,short,long,long,short,short,short,short,short,short,short,short,short,short,short,short,short,long,long,neutral,neutral,long,short,short,neutral,neutral,long,long,long,long,short,short,short,short,short,short,short,short,short,short,short,short,short,short,short,long,long,short,short,short,short,short,long,long,long,long
1110,2023-06-21 00:00:00,OANDA:GBPUSD,1.27642,1.27672,1.27566,1.27639,1515.0,Interval.in_2_hour,46310400.0,long,long,short,short,long,long,short,short,short,short,short,short,short,short,short,short,short,short,long,long,neutral,neutral,long,short,neutral,neutral,neutral,long,long,long,short,short,short,short,short,short,short,short,short,short,short,short,short,short,short,short,short,long,long,short,short,short,short,short,long,long,long
1111,2023-06-20 22:00:00,OANDA:GBPUSD,1.27597,1.2769,1.27502,1.27642,4969.0,Interval.in_2_hour,46303200.0,long,long,long,short,short,long,long,short,short,short,short,short,short,short,short,short,short,short,long,long,neutral,neutral,long,short,long,long,neutral,long,long,short,short,short,short,short,short,short,short,short,short,short,short,short,short,short,short,short,short,short,long,long,short,short,short,short,short,long,long
1112,2023-06-20 20:00:00,OANDA:GBPUSD,1.27552,1.27604,1.27472,1.27597,8229.0,Interval.in_2_hour,46296000.0,long,long,long,long,short,short,long,long,short,short,short,short,short,short,short,short,short,short,long,long,neutral,neutral,long,short,long,neutral,neutral,long,short,short,short,short,short,short,short,short,short,short,short,short,short,short,short,short,short,long,long,short,short,long,long,short,short,short,short,short,long
1113,2023-06-20 18:00:00,OANDA:GBPUSD,1.27348,1.27566,1.27218,1.27552,11790.0,Interval.in_2_hour,46288800.0,long,long,long,long,long,long,short,long,long,short,short,short,short,short,short,short,short,short,long,long,short,short,long,short,neutral,neutral,neutral,short,short,short,short,short,short,short,short,short,short,short,short,short,short,short,short,short,short,long,long,long,long,long,long,long,short,short,short,short,long
1114,2023-06-20 16:00:00,OANDA:GBPUSD,1.27398,1.27444,1.27138,1.27348,18327.0,Interval.in_2_hour,46281600.0,long,long,long,long,long,long,long,long,long,long,long,long,short,long,long,long,long,short,long,long,neutral,neutral,long,short,short,short,neutral,short,short,short,short,short,short,short,short,short,short,short,short,short,short,short,short,short,short,long,long,long,long,long,long,long,long,short,short,short,short
1115,2023-06-20 14:00:00,OANDA:GBPUSD,1.27654,1.27676,1.2726,1.27398,12152.0,Interval.in_2_hour,46274400.0,short,long,long,long,long,long,long,long,long,long,long,long,long,short,long,long,long,long,long,long,neutral,neutral,long,short,short,neutral,neutral,short,short,short,short,short,short,short,short,short,short,short,short,short,short,short,short,short,short,short,long,long,long,long,long,long,long,long,short,short,short
1116,2023-06-20 12:00:00,OANDA:GBPUSD,1.27838,1.27878,1.27612,1.27654,10568.0,Interval.in_2_hour,46267200.0,short,short,short,long,long,long,long,long,short,short,long,long,short,short,short,short,short,short,long,short,neutral,neutral,long,short,neutral,neutral,neutral,short,short,short,short,short,short,short,short,short,short,short,short,short,short,short,short,short,short,short,short,short,short,short,short,short,short,short,long,short,short
1117,2023-06-20 10:00:00,OANDA:GBPUSD,1.2777,1.28066,1.27626,1.27838,14820.0,Interval.in_2_hour,46260000.0,short,short,short,short,short,short,short,short,short,short,short,short,long,short,short,short,short,short,long,short,neutral,neutral,long,short,neutral,neutral,neutral,short,short,short,short,long,short,short,short,short,short,short,short,short,short,short,short,short,short,short,short,short,short,short,short,short,short,short,short,long,short
1118,2023-06-20 08:00:00,OANDA:GBPUSD,1.27787,1.27887,1.27698,1.2777,10902.0,Interval.in_2_hour,46252800.0,short,short,short,short,short,short,short,short,short,short,short,short,short,long,short,short,short,short,long,short,neutral,neutral,long,short,short,short,neutral,short,short,short,long,short,short,short,short,short,short,short,short,short,short,short,short,short,short,long,short,short,short,short,short,short,short,short,short,short,long
1119,2023-06-20 06:00:00,OANDA:GBPUSD,1.27964,1.27974,1.27783,1.27787,6607.0,Interval.in_2_hour,46245600.0,long,short,short,short,short,short,short,short,short,short,short,short,short,short,long,short,short,short,long,short,neutral,neutral,long,short,short,neutral,neutral,short,long,long,long,short,short,short,short,short,short,short,short,short,short,short,short,short,short,short,long,short,short,short,short,short,short,short,short,short,short
1120,2023-06-20 04:00:00,OANDA:GBPUSD,1.28018,1.28048,1.27816,1.27964,12215.0,Interval.in_2_hour,46238400.0,short,short,short,short,short,short,short,short,short,short,short,short,short,short,short,short,short,short,long,short,neutral,neutral,long,short,neutral,neutral,neutral,long,long,long,short,short,short,short,short,short,short,short,short,short,short,short,short,short,long,short,short,short,short,short,short,short,short,short,short,short,short
1121,2023-06-20 02:00:00,OANDA:GBPUSD,1.2798,1.28033,1.2789,1.28018,5466.0,Interval.in_2_hour,46231200.0,short,short,short,short,short,short,short,short,short,short,short,short,short,short,short,short,short,short,long,short,neutral,neutral,long,short,long,long,long,long,long,short,short,short,short,short,short,short,short,short,short,short,short,short,short,long,long,short,short,short,short,short,short,short,short,short,short,short,short
1122,2023-06-20 00:00:00,OANDA:GBPUSD,1.27908,1.28072,1.27834,1.2798,4231.0,Interval.in_2_hour,46224000.0,short,short,short,short,short,short,short,short,short,short,short,short,short,short,short,short,short,short,long,short,short,short,long,short,long,long,neutral,long,short,short,short,short,short,short,short,short,short,short,short,short,short,short,long,short,long,long,short,short,short,short,short,short,short,short,short,short,short
1123,2023-06-19 22:00:00,OANDA:GBPUSD,1.27804,1.2791,1.27765,1.27908,2161.0,Interval.in_2_hour,46216800.0,short,short,short,short,short,short,short,short,short,short,short,short,short,short,short,short,short,short,long,short,short,neutral,long,short,long,neutral,neutral,short,short,short,short,short,short,short,short,short,short,short,short,short,short,short,short,short,long,long,long,long,short,short,short,short,short,short,short,short,short
1124,2023-06-19 20:00:00,OANDA:GBPUSD,1.27738,1.27836,1.27734,1.27804,3445.0,Interval.in_2_hour,46209600.0,short,short,short,short,short,long,short,short,short,short,short,short,short,short,short,short,short,short,long,short,neutral,neutral,long,short,neutral,neutral,neutral,short,short,short,short,short,short,short,short,short,short,short,short,short,short,short,short,long,long,long,long,long,long,short,short,long,short,short,short,short,short
1125,2023-06-19 18:00:00,OANDA:GBPUSD,1.27964,1.28027,1.27708,1.27738,5925.0,Interval.in_2_hour,46202400.0,short,short,short,short,short,short,long,short,short,short,short,short,long,short,short,short,short,short,long,short,neutral,neutral,long,short,short,neutral,neutral,short,short,short,short,short,short,short,short,short,short,short,short,short,short,short,long,long,long,long,long,long,long,long,long,long,long,short,short,short,short
1126,2023-06-19 16:00:00,OANDA:GBPUSD,1.28088,1.2813,1.27848,1.27964,8775.0,Interval.in_2_hour,46195200.0,short,short,short,short,short,short,short,short,short,short,short,short,short,short,short,short,short,short,long,short,neutral,neutral,long,short,neutral,neutral,neutral,short,short,short,short,short,short,short,short,short,short,short,long,long,long,long,long,long,long,short,short,short,long,long,long,short,short,short,short,short,short
1127,2023-06-19 14:00:00,OANDA:GBPUSD,1.28074,1.28164,1.28046,1.28088,7476.0,Interval.in_2_hour,46188000.0,short,short,short,short,short,short,short,short,short,short,short,short,short,short,short,short,short,short,long,short,short,short,long,short,neutral,neutral,neutral,short,short,short,short,short,short,short,short,short,long,long,long,long,long,long,long,long,long,short,short,short,short,short,short,short,short,short,short,short,short
1128,2023-06-19 12:00:00,OANDA:GBPUSD,1.28182,1.28202,1.28021,1.28074,8925.0,Interval.in_2_hour,46180800.0,short,short,short,short,short,short,short,short,short,short,short,short,short,short,short,short,short,short,long,short,neutral,neutral,long,short,neutral,neutral,neutral,short,short,short,short,short,short,short,short,long,long,long,long,long,long,long,long,long,long,long,short,short,short,short,short,short,short,short,short,short,short
1129,2023-06-19 10:00:00,OANDA:GBPUSD,1.28178,1.28308,1.2808,1.28182,12154.0,Interval.in_2_hour,46173600.0,short,short,short,short,short,short,short,short,short,short,short,short,short,short,short,short,short,short,long,short,neutral,neutral,long,short,long,neutral,neutral,short,short,short,short,short,short,long,long,long,long,long,long,long,long,long,long,long,long,short,short,short,short,short,short,short,short,short,short,short,short
1130,2023-06-19 08:00:00,OANDA:GBPUSD,1.28135,1.28288,1.28094,1.28178,8461.0,Interval.in_2_hour,46166400.0,short,short,short,short,short,short,short,short,short,short,short,short,short,short,short,short,short,short,long,short,neutral,neutral,long,short,neutral,neutral,neutral,short,short,short,short,short,long,long,long,long,long,long,long,long,long,long,long,long,long,long,short,short,short,short,short,short,short,short,short,short,short
1131,2023-06-19 06:00:00,OANDA:GBPUSD,1.28178,1.28189,1.28104,1.28135,5848.0,Interval.in_2_hour,46159200.0,short,short,short,short,short,short,short,short,short,short,short,short,short,short,short,short,short,short,long,short,neutral,neutral,long,short,short,short,neutral,short,short,short,short,long,long,long,long,long,long,long,long,long,long,long,long,long,long,long,long,short,short,short,short,short,short,short,short,short,short
1132,2023-06-19 04:00:00,OANDA:GBPUSD,1.28211,1.28254,1.28142,1.28178,7665.0,Interval.in_2_hour,46152000.0,short,short,short,short,short,short,short,short,short,short,short,short,short,short,short,short,short,short,long,short,short,short,long,short,short,neutral,neutral,short,short,long,long,long,long,long,long,long,long,long,long,long,long,long,long,long,long,short,long,long,short,short,short,short,short,short,short,short,short
1133,2023-06-19 02:00:00,OANDA:GBPUSD,1.28307,1.28374,1.28181,1.28211,5297.0,Interval.in_2_hour,46144800.0,short,short,short,short,short,short,short,short,short,short,short,short,short,short,short,short,short,short,long,short,neutral,neutral,long,short,neutral,neutral,neutral,short,long,long,long,long,long,long,long,long,long,long,long,long,long,long,long,long,long,short,short,short,short,short,short,short,short,short,short,short,short
1134,2023-06-19 00:00:00,OANDA:GBPUSD,1.28232,1.28331,1.28218,1.28307,1919.0,Interval.in_2_hour,46137600.0,short,short,short,short,short,short,short,short,short,short,short,short,short,short,short,short,short,short,long,short,short,short,long,short,neutral,neutral,neutral,long,long,long,long,long,long,long,long,long,long,long,long,long,long,long,long,long,long,short,short,short,short,short,short,short,short,short,short,short,short
1135,2023-06-16 22:00:00,OANDA:GBPUSD,1.28336,1.2834,1.282,1.28232,6111.0,Interval.in_2_hour,45957600.0,short,short,short,short,short,short,short,short,short,short,short,short,short,short,short,short,short,short,long,short,neutral,neutral,long,short,neutral,neutral,neutral,long,long,long,long,long,long,long,long,long,long,long,long,long,long,long,long,long,long,long,short,short,short,short,short,short,short,short,short,short,short
1136,2023-06-16 20:00:00,OANDA:GBPUSD,1.28272,1.28357,1.28247,1.28336,8150.0,Interval.in_2_hour,45950400.0,short,short,short,short,short,short,short,short,short,short,short,short,short,short,short,short,short,short,long,short,neutral,neutral,long,short,long,neutral,neutral,long,long,long,long,long,long,long,long,long,long,long,long,long,long,long,long,long,long,short,short,short,short,short,short,short,short,short,short,short,short
1137,2023-06-16 18:00:00,OANDA:GBPUSD,1.28114,1.28272,1.28045,1.28272,11555.0,Interval.in_2_hour,45943200.0,short,short,short,short,short,short,short,short,short,short,short,short,short,short,short,short,short,short,long,short,neutral,neutral,long,short,neutral,neutral,neutral,long,long,long,long,long,long,long,long,long,long,long,long,long,long,long,long,long,long,long,short,long,short,short,short,short,short,short,short,short,short
1138,2023-06-16 16:00:00,OANDA:GBPUSD,1.28157,1.28476,1.28038,1.28114,19176.0,Interval.in_2_hour,45936000.0,short,short,short,short,short,short,short,short,short,short,short,short,short,short,short,short,short,short,long,short,neutral,neutral,long,short,neutral,neutral,neutral,long,long,long,long,long,long,long,long,long,long,long,long,long,long,long,long,long,long,long,long,long,long,long,long,long,long,long,short,short,short
1139,2023-06-16 14:00:00,OANDA:GBPUSD,1.279,1.28486,1.279,1.28157,9998.0,Interval.in_2_hour,45928800.0,short,short,short,short,short,short,short,short,short,short,short,short,short,short,short,short,short,short,long,short,neutral,neutral,long,short,neutral,neutral,neutral,long,long,long,long,long,long,long,long,long,long,long,long,long,long,long,long,long,long,short,long,long,long,long,long,long,short,long,long,short,short
1140,2023-06-16 12:00:00,OANDA:GBPUSD,1.27961,1.27984,1.27841,1.279,8433.0,Interval.in_2_hour,45921600.0,long,long,short,short,long,long,long,long,short,short,short,short,short,short,short,short,short,short,long,short,neutral,neutral,long,short,short,neutral,neutral,long,long,long,long,long,long,long,long,long,long,long,long,long,long,long,long,long,long,long,long,long,long,long,long,long,long,long,long,long,long
1141,2023-06-16 10:00:00,OANDA:GBPUSD,1.28011,1.28056,1.27814,1.27961,12091.0,Interval.in_2_hour,45914400.0,long,long,long,short,short,short,long,long,long,short,short,short,short,short,short,short,short,short,short,short,neutral,neutral,long,short,neutral,neutral,neutral,long,long,long,long,long,long,long,long,long,long,long,long,long,long,long,long,long,long,short,long,long,long,long,long,long,long,long,long,long,long
1142,2023-06-16 08:00:00,OANDA:GBPUSD,1.27796,1.28183,1.27778,1.28011,9479.0,Interval.in_2_hour,45907200.0,long,long,long,short,short,short,short,short,long,short,short,short,short,short,short,short,short,short,short,short,neutral,neutral,long,short,long,neutral,neutral,long,long,long,long,long,long,long,long,long,long,long,long,long,long,long,long,long,long,short,short,long,long,long,long,long,long,long,long,long,long
1143,2023-06-16 06:00:00,OANDA:GBPUSD,1.277,1.27821,1.27699,1.27796,5264.0,Interval.in_2_hour,45900000.0,long,long,long,long,long,short,long,long,long,long,long,short,short,long,short,short,short,short,short,short,neutral,neutral,long,short,neutral,neutral,neutral,short,short,short,long,long,long,long,long,long,long,long,long,long,long,long,long,long,long,long,long,long,long,long,long,long,long,long,long,long,long
1144,2023-06-16 04:00:00,OANDA:GBPUSD,1.27816,1.27888,1.27684,1.277,7046.0,Interval.in_2_hour,45892800.0,long,long,long,long,long,long,long,long,long,long,long,long,long,long,long,short,short,short,short,short,long,neutral,long,short,short,neutral,neutral,short,short,long,long,long,long,long,long,long,long,long,long,long,long,long,long,long,long,long,long,long,long,long,long,long,long,long,long,long,long
1145,2023-06-16 02:00:00,OANDA:GBPUSD,1.27878,1.27934,1.27805,1.27816,3441.0,Interval.in_2_hour,45885600.0,long,long,long,long,long,long,long,short,short,long,long,long,long,short,short,long,short,short,short,short,neutral,neutral,long,short,neutral,neutral,neutral,long,long,long,long,long,long,long,long,long,long,long,long,long,long,long,long,long,long,short,short,long,long,long,long,long,long,long,long,long,long
1146,2023-06-16 00:00:00,OANDA:GBPUSD,1.2784,1.2788,1.27806,1.27878,3282.0,Interval.in_2_hour,45878400.0,long,long,long,long,long,long,long,long,short,short,long,long,long,long,short,short,short,short,short,short,neutral,neutral,long,short,long,long,long,long,long,long,long,long,long,long,long,long,long,long,long,long,long,long,long,long,long,short,short,short,long,long,long,long,long,long,long,long,long
1147,2023-06-15 22:00:00,OANDA:GBPUSD,1.27818,1.27858,1.27775,1.2784,5075.0,Interval.in_2_hour,45871200.0,long,long,long,long,long,long,long,long,long,short,short,long,long,long,long,short,short,short,short,short,neutral,neutral,long,short,long,long,long,long,long,long,long,long,long,long,long,long,long,long,long,long,long,long,long,long,long,long,short,short,short,long,long,long,long,long,long,long,long
1148,2023-06-15 20:00:00,OANDA:GBPUSD,1.27743,1.27838,1.27678,1.27818,7043.0,Interval.in_2_hour,45864000.0,long,long,long,long,long,long,long,long,long,long,short,short,long,long,long,long,short,short,short,short,neutral,neutral,long,short,long,long,long,long,long,long,long,long,long,long,long,long,long,long,long,long,long,long,long,long,long,long,long,short,short,short,long,long,long,long,long,long,long
1149,2023-06-15 18:00:00,OANDA:GBPUSD,1.27432,1.27765,1.27357,1.27743,9742.0,Interval.in_2_hour,45856800.0,long,long,long,long,long,long,long,long,long,long,long,short,long,long,long,long,long,long,short,short,neutral,neutral,long,short,long,long,long,long,long,long,long,long,long,long,long,long,long,long,long,long,long,long,long,long,long,long,long,long,long,short,long,long,long,long,long,long,long
1150,2023-06-15 16:00:00,OANDA:GBPUSD,1.2668,1.27508,1.26632,1.27432,17932.0,Interval.in_2_hour,45849600.0,long,long,long,long,long,long,long,long,long,long,long,long,long,long,long,long,long,long,short,short,short,neutral,long,short,long,long,long,long,long,long,long,long,long,long,long,long,long,long,long,long,long,long,long,long,long,long,long,long,long,long,long,long,long,long,long,long,long
1151,2023-06-15 14:00:00,OANDA:GBPUSD,1.26673,1.26698,1.26406,1.2668,15637.0,Interval.in_2_hour,45842400.0,long,long,long,long,long,long,long,long,long,long,long,long,long,long,long,long,long,long,short,short,neutral,neutral,long,short,long,long,long,long,long,long,long,long,long,short,short,short,long,long,long,long,long,long,long,long,long,long,long,long,long,long,long,long,long,long,long,long,long
1152,2023-06-15 12:00:00,OANDA:GBPUSD,1.2661,1.267,1.26488,1.26673,8930.0,Interval.in_2_hour,45835200.0,long,long,long,long,long,long,long,long,long,long,long,long,long,long,long,long,long,long,short,short,neutral,neutral,long,short,long,long,long,long,long,long,long,short,short,short,short,long,long,long,long,long,long,long,long,long,long,long,long,long,long,long,long,long,long,long,long,long,long
1153,2023-06-15 10:00:00,OANDA:GBPUSD,1.26483,1.26726,1.26397,1.2661,10159.0,Interval.in_2_hour,45828000.0,long,long,long,long,long,long,long,long,long,long,long,long,long,long,long,long,long,long,short,short,neutral,neutral,long,short,long,long,neutral,long,short,short,short,short,short,short,short,long,long,long,long,long,long,long,long,long,long,long,long,long,long,long,long,long,long,long,long,long,long
1154,2023-06-15 08:00:00,OANDA:GBPUSD,1.26378,1.26582,1.2632,1.26483,10965.0,Interval.in_2_hour,45820800.0,long,long,long,long,long,long,long,long,long,long,long,long,long,long,long,long,long,long,short,short,short,neutral,long,short,long,neutral,neutral,short,short,short,short,short,short,short,long,long,long,long,long,long,long,long,long,long,long,long,long,long,long,long,long,long,long,long,long,long,long
1155,2023-06-15 06:00:00,OANDA:GBPUSD,1.26345,1.26444,1.26338,1.26378,5993.0,Interval.in_2_hour,45813600.0,long,long,long,long,long,long,long,long,long,long,long,long,long,long,long,long,long,long,short,short,neutral,neutral,long,short,neutral,neutral,neutral,short,short,short,short,short,short,short,long,long,long,long,long,long,long,long,long,long,long,long,long,long,long,long,long,long,long,long,long,long,long
1156,2023-06-15 04:00:00,OANDA:GBPUSD,1.26595,1.26599,1.26296,1.26345,9085.0,Interval.in_2_hour,45806400.0,long,long,long,long,long,long,long,long,long,long,long,long,long,long,long,long,long,long,short,short,neutral,neutral,long,short,short,neutral,neutral,short,short,short,short,short,long,long,long,long,long,long,long,long,long,long,long,long,long,long,long,long,long,long,long,long,long,long,long,long,long
1157,2023-06-15 02:00:00,OANDA:GBPUSD,1.26614,1.26744,1.26563,1.26595,3896.0,Interval.in_2_hour,45799200.0,long,long,long,long,long,long,long,long,long,long,long,long,long,long,long,long,long,long,short,short,neutral,neutral,long,short,neutral,neutral,neutral,short,short,short,long,long,long,long,long,long,long,long,long,long,long,long,long,long,long,short,short,short,long,long,long,long,long,long,long,long,long
1158,2023-06-15 00:00:00,OANDA:GBPUSD,1.26611,1.26656,1.2657,1.26614,1349.0,Interval.in_2_hour,45792000.0,long,long,long,long,long,long,long,long,long,long,long,long,long,long,long,long,long,long,short,short,neutral,neutral,long,short,neutral,neutral,neutral,short,short,long,long,long,long,long,long,long,long,long,long,long,long,long,long,long,long,short,short,short,short,short,long,long,long,long,long,long,long
1159,2023-06-14 22:00:00,OANDA:GBPUSD,1.26696,1.268,1.26541,1.26611,14118.0,Interval.in_2_hour,45784800.0,long,long,long,long,long,long,long,long,long,long,long,long,long,long,long,long,long,long,short,short,neutral,neutral,long,short,short,short,neutral,short,long,long,long,long,long,long,long,long,long,long,long,long,long,long,long,long,long,long,short,short,short,short,short,long,long,long,long,long,long
1160,2023-06-14 20:00:00,OANDA:GBPUSD,1.2695,1.26954,1.26269,1.26696,25647.0,Interval.in_2_hour,45777600.0,long,long,long,long,long,long,long,long,long,long,long,long,long,long,long,long,long,long,short,short,long,long,long,short,short,neutral,neutral,long,long,long,long,long,long,long,long,long,long,long,long,long,long,long,long,long,long,short,short,short,short,short,short,short,short,short,long,long,long
1161,2023-06-14 18:00:00,OANDA:GBPUSD,1.26958,1.26988,1.26873,1.2695,7975.0,Interval.in_2_hour,45770400.0,long,long,long,long,long,long,long,long,long,long,long,long,long,long,long,long,long,long,short,short,neutral,neutral,long,short,neutral,neutral,neutral,long,long,long,long,long,long,long,long,long,long,long,long,long,long,long,long,long,long,short,short,short,short,short,short,short,short,short,short,long,long
1162,2023-06-14 16:00:00,OANDA:GBPUSD,1.26747,1.26993,1.26714,1.26958,12398.0,Interval.in_2_hour,45763200.0,long,long,long,long,long,long,long,long,long,long,long,long,long,long,long,long,long,long,short,short,neutral,neutral,long,short,long,long,long,long,long,long,long,long,long,long,long,long,long,long,long,long,long,long,long,long,long,short,short,short,short,short,short,short,short,short,short,short,long
1163,2023-06-14 14:00:00,OANDA:GBPUSD,1.26396,1.26786,1.26374,1.26747,10106.0,Interval.in_2_hour,45756000.0,long,long,long,long,long,long,long,long,long,long,long,long,long,long,long,long,long,long,short,short,neutral,neutral,long,short,long,long,neutral,long,long,long,long,long,long,long,long,long,long,long,long,long,long,long,long,long,long,long,long,short,short,short,short,short,short,short,short,short,short
1164,2023-06-14 12:00:00,OANDA:GBPUSD,1.26346,1.26501,1.26323,1.26396,7668.0,Interval.in_2_hour,45748800.0,long,long,long,long,long,long,long,long,long,long,long,long,long,long,long,long,long,long,long,short,neutral,neutral,long,short,long,neutral,neutral,long,long,long,long,long,long,long,long,long,long,long,long,long,long,long,long,long,long,long,long,long,long,long,long,long,short,short,long,long,long
1165,2023-06-14 10:00:00,OANDA:GBPUSD,1.26068,1.26379,1.26014,1.26346,9664.0,Interval.in_2_hour,45741600.0,long,long,long,long,long,long,long,long,long,long,long,long,long,long,long,long,long,long,long,short,neutral,neutral,long,short,neutral,neutral,neutral,long,long,long,long,long,long,long,long,long,long,long,long,long,long,long,long,long,long,long,long,long,long,long,long,long,long,short,long,long,long
1166,2023-06-14 08:00:00,OANDA:GBPUSD,1.26124,1.26143,1.26008,1.26068,9539.0,Interval.in_2_hour,45734400.0,long,long,long,long,long,long,long,long,long,long,long,long,long,long,long,long,long,long,long,short,neutral,neutral,long,short,short,neutral,neutral,long,short,long,short,short,long,long,long,long,long,long,long,long,long,long,long,long,long,long,long,long,long,long,long,long,long,long,long,long,long
1167,2023-06-14 06:00:00,OANDA:GBPUSD,1.26148,1.26158,1.26054,1.26124,5138.0,Interval.in_2_hour,45727200.0,long,long,long,long,long,long,long,long,long,long,long,long,long,long,long,long,long,long,long,short,long,long,long,short,neutral,neutral,neutral,long,long,long,short,long,long,long,long,long,long,long,long,long,long,long,long,long,long,short,long,long,long,long,long,long,long,long,long,long,long
1168,2023-06-14 04:00:00,OANDA:GBPUSD,1.26089,1.26176,1.26082,1.26148,6593.0,Interval.in_2_hour,45720000.0,long,long,long,long,long,long,long,long,long,long,long,long,long,long,long,long,long,long,long,short,neutral,neutral,long,short,neutral,neutral,neutral,long,short,short,long,long,long,long,long,long,long,long,long,long,long,long,long,long,long,short,short,long,long,long,long,long,long,long,long,long,long
1169,2023-06-14 02:00:00,OANDA:GBPUSD,1.26102,1.26114,1.26014,1.26089,4834.0,Interval.in_2_hour,45712800.0,long,long,long,long,long,long,long,long,long,long,long,long,long,long,long,long,long,long,long,short,neutral,neutral,long,short,short,neutral,neutral,short,short,long,long,long,long,long,long,long,long,long,long,long,long,long,long,long,long,long,long,short,long,long,long,long,long,long,long,long,long
1170,2023-06-14 00:00:00,OANDA:GBPUSD,1.26116,1.26144,1.26082,1.26102,1931.0,Interval.in_2_hour,45705600.0,long,long,long,long,long,long,long,long,long,long,long,long,long,long,long,long,long,long,long,short,neutral,neutral,long,short,neutral,neutral,neutral,short,long,long,long,long,long,long,long,long,long,long,long,long,long,long,long,long,long,short,long,long,short,long,long,long,long,long,long,long,long
1171,2023-06-13 22:00:00,OANDA:GBPUSD,1.26022,1.2612,1.2597,1.26116,4930.0,Interval.in_2_hour,45698400.0,long,long,long,long,long,long,long,long,long,long,long,long,long,long,long,long,long,long,short,short,neutral,neutral,long,short,neutral,neutral,neutral,long,long,long,long,long,long,long,long,long,long,long,long,long,long,long,long,long,long,short,short,long,long,short,long,long,long,long,long,long,long
1172,2023-06-13 20:00:00,OANDA:GBPUSD,1.26232,1.26246,1.25932,1.26022,8815.0,Interval.in_2_hour,45691200.0,long,long,long,long,long,long,long,long,long,long,long,long,long,long,long,long,long,long,short,short,neutral,neutral,long,short,neutral,neutral,neutral,long,long,long,long,long,long,long,long,long,long,long,long,long,long,long,long,long,long,long,long,long,long,long,long,long,long,long,long,long,long
1173,2023-06-13 18:00:00,OANDA:GBPUSD,1.26048,1.2625,1.2601,1.26232,12198.0,Interval.in_2_hour,45684000.0,long,long,long,long,long,long,long,long,long,long,long,long,long,long,long,long,long,long,short,short,neutral,neutral,long,short,long,long,long,long,long,long,long,long,long,long,long,long,long,long,long,long,long,long,long,long,long,short,short,short,short,short,short,short,long,long,long,long,long
1174,2023-06-13 16:00:00,OANDA:GBPUSD,1.25946,1.26064,1.25724,1.26048,20026.0,Interval.in_2_hour,45676800.0,long,long,long,long,long,long,long,long,long,long,long,long,long,long,long,long,long,long,long,short,neutral,neutral,long,short,long,long,long,long,long,long,long,long,long,long,long,long,long,long,long,long,long,long,long,long,long,long,short,long,long,long,long,long,long,long,long,long,long
1175,2023-06-13 14:00:00,OANDA:GBPUSD,1.25692,1.2606,1.25645,1.25946,17215.0,Interval.in_2_hour,45669600.0,long,long,long,long,long,long,long,long,long,long,long,long,long,long,long,long,long,long,long,short,neutral,neutral,long,short,long,long,long,long,long,long,long,long,long,long,long,long,long,short,short,long,long,long,long,long,long,long,long,long,long,long,long,long,long,long,long,long,long
1176,2023-06-13 12:00:00,OANDA:GBPUSD,1.25656,1.2576,1.25562,1.25692,9951.0,Interval.in_2_hour,45662400.0,long,long,long,long,long,long,long,long,long,long,long,long,long,long,long,long,long,long,long,long,neutral,neutral,long,short,long,long,long,long,long,long,long,long,long,long,long,long,short,short,short,short,short,short,short,short,short,long,long,long,long,long,long,long,long,long,long,long,long
1177,2023-06-13 10:00:00,OANDA:GBPUSD,1.25628,1.2577,1.25539,1.25656,12532.0,Interval.in_2_hour,45655200.0,long,long,long,long,long,long,long,long,long,long,long,long,long,long,long,long,long,long,long,long,neutral,neutral,long,short,long,long,long,long,long,long,long,long,long,long,long,short,short,short,short,short,short,short,short,short,short,long,long,long,long,long,long,long,long,long,long,long,long
1178,2023-06-13 08:00:00,OANDA:GBPUSD,1.25318,1.2567,1.25282,1.25628,12805.0,Interval.in_2_hour,45648000.0,long,long,long,long,long,long,long,long,long,long,long,long,long,long,long,long,long,long,long,long,neutral,neutral,long,short,long,long,long,long,long,long,long,long,long,short,short,short,short,short,short,short,short,short,short,short,short,long,long,long,long,long,long,long,long,long,long,long,long
1179,2023-06-13 06:00:00,OANDA:GBPUSD,1.25246,1.25356,1.25242,1.25318,5430.0,Interval.in_2_hour,45640800.0,long,long,long,long,long,long,long,long,long,long,long,long,long,long,long,long,long,long,long,long,neutral,neutral,long,short,long,long,neutral,long,long,long,long,short,short,short,short,short,short,short,short,short,short,short,short,short,short,long,long,long,long,long,long,long,long,long,long,long,long
1180,2023-06-13 04:00:00,OANDA:GBPUSD,1.2518,1.25258,1.25145,1.25246,6537.0,Interval.in_2_hour,45633600.0,long,long,long,long,long,long,long,long,long,long,long,long,long,long,long,long,long,long,long,long,neutral,neutral,long,short,long,neutral,neutral,long,long,long,short,short,short,short,short,short,short,short,short,short,short,short,short,short,short,long,long,long,long,long,long,long,long,long,long,long,long
1181,2023-06-13 02:00:00,OANDA:GBPUSD,1.25125,1.2521,1.25116,1.2518,3609.0,Interval.in_2_hour,45626400.0,long,long,long,long,long,long,long,long,long,long,long,long,long,long,long,long,long,long,long,long,neutral,neutral,long,short,neutral,neutral,neutral,long,long,short,short,short,short,short,short,short,short,short,short,short,short,short,short,short,short,long,long,long,long,long,long,long,long,long,long,long,long
1182,2023-06-13 00:00:00,OANDA:GBPUSD,1.2513,1.25154,1.25102,1.25125,2534.0,Interval.in_2_hour,45619200.0,long,long,long,long,long,long,long,long,long,long,long,long,long,long,long,long,long,long,long,long,neutral,neutral,long,short,neutral,neutral,neutral,long,short,short,short,short,short,short,short,short,short,short,short,short,short,short,short,short,short,long,long,long,long,long,long,long,long,long,long,long,long
1183,2023-06-12 22:00:00,OANDA:GBPUSD,1.2505,1.25138,1.25046,1.2513,4461.0,Interval.in_2_hour,45612000.0,long,long,long,long,long,long,long,long,long,long,long,long,long,long,long,long,long,long,long,long,short,short,long,short,long,neutral,neutral,short,short,short,short,short,short,short,short,short,short,short,short,short,short,short,short,short,short,short,long,long,long,long,long,long,long,long,long,long,long
1184,2023-06-12 20:00:00,OANDA:GBPUSD,1.24945,1.25078,1.24926,1.2505,6272.0,Interval.in_2_hour,45604800.0,long,long,long,long,long,long,long,long,long,long,long,long,long,long,long,long,long,long,long,long,neutral,neutral,long,short,neutral,neutral,neutral,short,short,short,short,short,short,short,short,short,short,short,short,short,short,short,short,short,short,long,long,long,long,long,long,long,long,long,long,long,long
1185,2023-06-12 18:00:00,OANDA:GBPUSD,1.25094,1.25126,1.2487,1.24945,9375.0,Interval.in_2_hour,45597600.0,long,long,long,long,long,long,long,long,long,long,long,long,long,long,long,long,long,long,long,long,neutral,neutral,long,short,short,short,short,short,short,short,short,short,short,short,short,short,short,short,short,short,short,short,short,short,short,long,long,long,long,long,long,long,long,long,long,long,long
1186,2023-06-12 16:00:00,OANDA:GBPUSD,1.25514,1.25557,1.25054,1.25094,14383.0,Interval.in_2_hour,45590400.0,long,long,long,long,long,long,long,long,long,long,long,long,long,long,long,long,long,long,long,long,neutral,neutral,long,short,short,short,neutral,short,short,short,short,short,short,short,short,short,short,short,short,short,short,short,short,short,short,short,short,long,long,long,long,long,long,long,long,long,long
1187,2023-06-12 14:00:00,OANDA:GBPUSD,1.25764,1.25808,1.25512,1.25514,8763.0,Interval.in_2_hour,45583200.0,long,long,long,long,long,long,long,long,long,long,long,long,long,long,long,long,long,long,long,short,neutral,neutral,long,short,short,neutral,neutral,short,short,short,short,short,short,short,short,short,long,long,long,long,long,long,long,long,long,short,short,short,short,short,short,short,short,long,long,long,long
1188,2023-06-12 12:00:00,OANDA:GBPUSD,1.25914,1.25998,1.25738,1.25764,9734.0,Interval.in_2_hour,45576000.0,long,long,long,long,long,long,long,long,long,long,long,long,long,long,long,long,long,long,long,short,neutral,neutral,long,short,neutral,neutral,neutral,long,long,long,long,long,long,long,long,long,long,long,long,long,long,long,long,long,long,short,short,short,short,short,short,short,short,short,short,short,short
1189,2023-06-12 10:00:00,OANDA:GBPUSD,1.2575,1.25969,1.257,1.25914,10637.0,Interval.in_2_hour,45568800.0,short,long,long,long,long,long,long,long,long,long,long,long,long,long,long,long,long,long,long,short,neutral,neutral,long,short,long,long,neutral,long,long,long,long,long,long,long,long,long,long,long,long,long,long,long,long,long,long,short,short,short,short,short,short,short,short,short,short,short,short
1190,2023-06-12 08:00:00,OANDA:GBPUSD,1.25702,1.25808,1.25692,1.2575,6437.0,Interval.in_2_hour,45561600.0,short,short,long,long,long,long,long,long,long,long,long,long,long,long,long,long,long,long,long,short,neutral,neutral,long,short,long,neutral,neutral,short,short,short,short,short,short,long,long,long,long,long,long,long,long,long,long,long,long,long,long,short,short,short,short,short,short,short,short,short,short
1191,2023-06-12 06:00:00,OANDA:GBPUSD,1.25689,1.25745,1.25666,1.25702,4482.0,Interval.in_2_hour,45554400.0,short,short,short,long,long,long,long,long,long,long,long,long,long,long,long,long,long,long,long,short,neutral,neutral,long,short,neutral,neutral,neutral,short,short,short,short,short,long,long,long,long,long,long,long,long,long,long,long,long,long,long,long,long,short,short,short,short,short,short,short,short,short
1192,2023-06-12 04:00:00,OANDA:GBPUSD,1.25758,1.25768,1.2565,1.25689,4959.0,Interval.in_2_hour,45547200.0,short,short,short,long,long,long,long,long,long,long,long,long,long,long,long,long,long,long,long,short,neutral,neutral,long,short,neutral,neutral,neutral,short,short,short,short,long,long,long,long,long,long,long,long,long,long,long,long,long,long,long,long,long,long,short,short,short,short,short,short,short,short
1193,2023-06-12 02:00:00,OANDA:GBPUSD,1.25758,1.25815,1.25744,1.25758,3268.0,Interval.in_2_hour,45540000.0,short,short,short,short,short,long,long,long,long,long,long,long,long,long,long,long,long,long,long,short,neutral,neutral,long,short,neutral,neutral,neutral,short,short,long,long,long,long,long,long,long,long,long,long,long,long,long,long,long,long,short,short,short,long,long,short,short,short,short,short,short,short
1194,2023-06-12 00:00:00,OANDA:GBPUSD,1.25804,1.25849,1.25684,1.25758,2492.0,Interval.in_2_hour,45532800.0,short,short,short,short,short,short,long,long,long,long,long,long,long,long,long,long,long,long,long,short,neutral,neutral,long,short,neutral,neutral,neutral,short,long,long,long,long,long,long,long,long,long,long,long,long,long,long,long,long,long,long,short,short,short,long,long,short,short,short,short,short,short
1195,2023-06-09 22:00:00,OANDA:GBPUSD,1.2576,1.25812,1.2573,1.25804,4145.0,Interval.in_2_hour,45352800.0,short,short,short,short,short,short,short,long,long,long,long,long,long,long,long,long,long,long,long,short,neutral,neutral,long,short,neutral,neutral,neutral,long,long,long,long,long,long,long,long,long,long,long,long,long,long,long,long,long,long,short,short,short,short,short,long,short,short,short,short,short,short
1196,2023-06-09 20:00:00,OANDA:GBPUSD,1.25821,1.25834,1.25722,1.2576,5366.0,Interval.in_2_hour,45345600.0,short,short,short,short,short,short,short,short,long,long,long,long,long,long,long,long,long,long,long,short,neutral,neutral,long,short,neutral,neutral,neutral,long,long,long,long,long,long,long,long,long,long,long,long,long,long,long,long,long,long,long,short,short,short,short,short,long,long,short,short,short,short
1197,2023-06-09 18:00:00,OANDA:GBPUSD,1.258,1.25876,1.2574,1.25821,9895.0,Interval.in_2_hour,45338400.0,short,short,short,short,short,short,short,short,short,long,long,long,long,long,long,long,long,long,long,short,neutral,neutral,long,short,long,long,long,long,long,long,long,long,long,long,long,long,long,long,long,long,long,long,long,long,long,short,short,short,short,short,short,short,long,short,short,short,short
1198,2023-06-09 16:00:00,OANDA:GBPUSD,1.25684,1.25904,1.25628,1.258,15734.0,Interval.in_2_hour,45331200.0,short,short,short,short,short,short,short,short,short,short,long,long,long,long,long,long,long,long,long,short,neutral,neutral,long,short,long,long,neutral,long,long,long,long,long,long,long,long,long,long,long,long,long,long,long,long,long,long,long,short,long,short,short,short,short,short,long,short,short,short
1199,2023-06-09 14:00:00,OANDA:GBPUSD,1.25463,1.2579,1.25438,1.25684,13369.0,Interval.in_2_hour,45324000.0,short,short,short,short,short,short,short,short,short,short,long,long,long,long,long,long,long,long,long,short,neutral,neutral,long,short,long,neutral,neutral,long,long,long,short,short,short,long,long,long,long,long,long,long,long,long,long,long,long,long,long,long,long,long,long,long,long,long,long,long,short
1200,2023-06-09 12:00:00,OANDA:GBPUSD,1.25426,1.25514,1.2536,1.25463,9014.0,Interval.in_2_hour,45316800.0,long,short,short,short,short,short,short,short,short,long,long,long,long,long,long,long,long,long,long,short,neutral,neutral,long,short,neutral,neutral,neutral,short,short,short,short,short,short,long,long,long,long,long,long,long,long,long,long,long,long,long,long,long,long,long,long,long,long,long,long,long,long
1201,2023-06-09 10:00:00,OANDA:GBPUSD,1.25584,1.25603,1.2534,1.25426,11464.0,Interval.in_2_hour,45309600.0,long,long,short,short,short,short,short,short,short,short,long,long,long,long,long,long,long,long,long,short,long,neutral,long,short,neutral,neutral,neutral,short,short,short,short,short,long,long,long,long,long,long,long,long,long,long,long,long,long,long,long,long,long,long,long,long,long,long,long,long,long
1202,2023-06-09 08:00:00,OANDA:GBPUSD,1.25455,1.25682,1.2545,1.25584,7610.0,Interval.in_2_hour,45302400.0,long,long,short,short,short,short,short,short,short,short,short,long,long,long,long,long,long,long,long,short,neutral,neutral,long,short,neutral,neutral,neutral,short,short,short,short,long,long,long,long,long,long,long,long,long,long,long,long,long,long,short,short,long,long,long,long,long,long,long,long,long,long
1203,2023-06-09 06:00:00,OANDA:GBPUSD,1.25512,1.25552,1.25451,1.25455,5648.0,Interval.in_2_hour,45295200.0,long,long,long,long,short,short,short,short,short,short,short,short,long,long,long,long,long,long,long,short,long,long,long,short,short,short,neutral,short,short,short,long,long,long,long,long,long,long,long,long,long,long,long,long,long,long,long,short,long,long,long,long,long,long,long,long,long,long
1204,2023-06-09 04:00:00,OANDA:GBPUSD,1.25548,1.25572,1.25483,1.25512,7090.0,Interval.in_2_hour,45288000.0,long,long,long,long,long,short,short,short,short,short,short,short,short,long,long,long,long,long,short,short,neutral,neutral,long,short,short,neutral,neutral,short,short,long,long,long,long,long,long,long,long,long,long,long,long,long,long,long,long,short,long,short,short,long,long,long,long,long,long,long,long
1205,2023-06-09 02:00:00,OANDA:GBPUSD,1.25606,1.25639,1.25545,1.25548,4151.0,Interval.in_2_hour,45280800.0,long,long,long,long,long,short,short,short,short,short,short,short,short,short,long,long,long,long,short,short,neutral,neutral,long,short,neutral,neutral,neutral,long,long,long,long,long,long,long,long,long,long,long,long,long,long,long,long,long,long,short,short,long,short,short,long,long,long,long,long,long,long
1206,2023-06-09 00:00:00,OANDA:GBPUSD,1.25596,1.2562,1.2557,1.25606,1391.0,Interval.in_2_hour,45273600.0,long,long,long,long,long,long,short,short,short,short,short,short,short,short,short,long,long,long,short,short,neutral,neutral,long,short,long,long,long,long,long,long,long,long,long,long,long,long,long,long,long,long,long,long,long,long,long,short,short,short,short,short,short,long,long,long,long,long,long
1207,2023-06-08 22:00:00,OANDA:GBPUSD,1.25566,1.25611,1.25504,1.25596,4962.0,Interval.in_2_hour,45266400.0,long,long,long,long,long,long,long,short,short,short,short,short,short,short,short,short,long,long,short,short,neutral,neutral,long,short,long,long,long,long,long,long,long,long,long,long,long,long,long,long,long,long,long,long,long,long,long,long,short,short,short,short,short,short,long,long,long,long,long
1208,2023-06-08 20:00:00,OANDA:GBPUSD,1.25542,1.25582,1.25478,1.25566,7186.0,Interval.in_2_hour,45259200.0,long,long,long,long,long,long,long,long,short,short,short,short,short,short,short,short,short,long,short,short,neutral,neutral,long,short,long,long,long,long,long,long,long,long,long,long,long,long,long,long,long,long,long,long,long,long,long,long,long,short,short,short,long,short,short,long,long,long,long
1209,2023-06-08 18:00:00,OANDA:GBPUSD,1.2534,1.2558,1.25311,1.25542,11996.0,Interval.in_2_hour,45252000.0,long,long,long,long,long,long,long,long,long,short,short,short,short,short,short,short,short,short,short,short,neutral,neutral,long,short,long,long,neutral,long,long,long,long,long,long,long,long,long,long,long,long,long,long,long,long,long,long,long,long,long,long,short,short,long,short,short,long,long,long
1210,2023-06-08 16:00:00,OANDA:GBPUSD,1.2483,1.25427,1.24809,1.2534,16559.0,Interval.in_2_hour,45244800.0,long,long,long,long,long,long,long,long,long,long,long,short,short,short,short,short,short,short,short,short,long,long,long,short,long,neutral,neutral,long,long,long,long,long,long,long,long,long,long,long,long,long,long,long,long,long,long,long,long,long,long,long,long,long,long,long,long,long,long
1211,2023-06-08 14:00:00,OANDA:GBPUSD,1.24647,1.24976,1.24536,1.2483,14255.0,Interval.in_2_hour,45237600.0,long,long,long,long,long,long,long,long,long,long,long,long,long,long,long,long,long,long,long,long,neutral,neutral,long,short,neutral,neutral,neutral,long,long,long,long,long,long,long,long,long,long,long,long,long,long,long,long,long,long,long,long,long,long,long,long,long,long,long,long,long,long
1212,2023-06-08 12:00:00,OANDA:GBPUSD,1.2478,1.24812,1.24564,1.24647,8173.0,Interval.in_2_hour,45230400.0,long,long,long,long,long,long,long,long,long,long,long,long,long,long,long,long,long,long,long,long,long,long,long,short,neutral,neutral,neutral,long,long,long,long,long,long,long,long,long,long,long,long,long,long,long,long,long,long,long,long,long,long,long,long,long,long,long,long,long,long
1213,2023-06-08 10:00:00,OANDA:GBPUSD,1.2447,1.24791,1.2444,1.2478,11386.0,Interval.in_2_hour,45223200.0,long,long,long,long,long,long,long,long,long,long,long,long,long,long,long,long,long,long,long,long,neutral,neutral,long,short,neutral,neutral,neutral,long,long,long,long,long,long,short,long,long,long,long,long,long,long,long,long,long,long,short,long,long,long,long,long,long,long,long,long,long,long
1214,2023-06-08 08:00:00,OANDA:GBPUSD,1.24538,1.2462,1.24416,1.2447,7939.0,Interval.in_2_hour,45216000.0,long,long,long,long,long,long,long,long,long,long,long,long,long,long,long,long,long,long,long,long,long,neutral,long,short,neutral,neutral,neutral,long,long,long,long,long,short,short,long,long,long,long,long,long,long,long,long,long,long,long,long,long,long,long,long,long,long,long,long,long,long
1215,2023-06-08 06:00:00,OANDA:GBPUSD,1.24498,1.24546,1.24457,1.24538,5110.0,Interval.in_2_hour,45208800.0,long,long,long,long,long,long,long,long,long,long,long,long,long,long,long,long,long,long,long,long,neutral,neutral,long,short,long,long,long,long,long,long,long,short,short,long,long,long,long,long,long,long,long,long,long,long,long,short,long,long,long,long,long,long,long,long,long,long,long
1216,2023-06-08 04:00:00,OANDA:GBPUSD,1.24492,1.2452,1.24426,1.24498,7586.0,Interval.in_2_hour,45201600.0,long,long,long,long,long,long,long,long,long,long,long,long,long,long,long,long,long,long,long,long,neutral,neutral,long,short,long,long,neutral,long,long,long,short,short,long,long,long,long,long,long,long,long,long,long,long,long,long,long,short,long,long,long,long,long,long,long,long,long,long
1217,2023-06-08 02:00:00,OANDA:GBPUSD,1.2438,1.2451,1.24366,1.24492,4197.0,Interval.in_2_hour,45194400.0,long,long,long,long,long,long,long,long,long,long,long,long,long,long,long,long,long,long,long,long,short,short,long,short,long,neutral,neutral,long,short,short,short,short,long,long,long,long,long,long,long,long,long,long,long,long,long,long,long,short,long,long,long,long,long,long,long,long,long
1218,2023-06-08 00:00:00,OANDA:GBPUSD,1.24374,1.24417,1.24343,1.2438,1336.0,Interval.in_2_hour,45187200.0,long,long,long,long,long,long,long,long,long,long,long,long,long,long,long,long,long,long,long,long,neutral,neutral,long,short,neutral,neutral,neutral,short,short,short,short,long,long,long,long,long,long,long,long,long,long,long,long,long,short,long,long,long,long,long,long,long,long,long,long,long,long
1219,2023-06-07 22:00:00,OANDA:GBPUSD,1.24404,1.24445,1.24302,1.24374,5153.0,Interval.in_2_hour,45180000.0,long,long,long,long,long,long,long,long,long,long,long,long,long,long,long,long,long,long,long,long,neutral,neutral,long,short,neutral,neutral,neutral,short,short,short,long,long,long,long,long,long,long,long,long,long,long,long,long,short,short,long,long,long,long,long,long,long,long,long,long,long,long
1220,2023-06-07 20:00:00,OANDA:GBPUSD,1.2434,1.24466,1.24272,1.24404,7807.0,Interval.in_2_hour,45172800.0,long,long,long,long,long,long,long,long,long,long,long,long,long,long,long,long,long,long,long,long,neutral,neutral,long,short,neutral,neutral,neutral,short,short,long,long,long,long,long,long,long,long,long,long,long,long,long,short,short,short,short,short,long,long,long,long,long,long,long,long,long,long
1221,2023-06-07 18:00:00,OANDA:GBPUSD,1.24611,1.24657,1.24322,1.2434,11840.0,Interval.in_2_hour,45165600.0,long,long,long,long,long,long,long,long,long,long,long,long,long,long,long,long,long,long,long,long,long,neutral,long,short,short,neutral,neutral,long,long,long,long,long,long,long,long,long,long,long,long,long,long,long,long,long,long,long,long,long,long,long,long,long,long,long,long,long,long
1222,2023-06-07 16:00:00,OANDA:GBPUSD,1.24642,1.25,1.24541,1.24611,18730.0,Interval.in_2_hour,45158400.0,long,long,long,long,long,long,long,long,long,long,long,long,long,long,long,long,long,long,long,long,neutral,neutral,long,short,neutral,neutral,neutral,long,long,long,long,long,long,long,long,long,long,long,long,long,long,long,long,long,long,short,short,short,short,short,short,short,short,long,long,long,long
1223,2023-06-07 14:00:00,OANDA:GBPUSD,1.24549,1.2472,1.24502,1.24642,11571.0,Interval.in_2_hour,45151200.0,long,long,long,long,long,long,long,long,long,long,long,long,long,long,long,long,long,long,long,long,neutral,neutral,long,short,long,long,neutral,long,long,long,long,long,long,long,long,long,long,long,long,long,long,long,long,long,long,short,short,short,short,short,short,short,short,short,long,long,long
1224,2023-06-07 12:00:00,OANDA:GBPUSD,1.24394,1.24602,1.24309,1.24549,10091.0,Interval.in_2_hour,45144000.0,long,long,long,long,long,long,long,long,long,long,long,long,long,long,long,long,long,long,long,long,neutral,neutral,long,short,long,neutral,neutral,long,long,long,long,long,long,long,long,long,long,long,long,short,long,long,long,long,long,long,long,short,short,short,short,short,short,short,short,long,long
1225,2023-06-07 10:00:00,OANDA:GBPUSD,1.2406,1.24398,1.23953,1.24394,10320.0,Interval.in_2_hour,45136800.0,long,long,long,long,long,long,long,long,long,long,long,long,long,long,long,long,long,long,long,long,neutral,neutral,long,short,neutral,neutral,neutral,short,short,short,short,short,long,long,long,long,short,short,short,short,short,short,short,short,long,long,long,long,short,long,short,short,long,long,long,long,long
1226,2023-06-07 08:00:00,OANDA:GBPUSD,1.24234,1.24236,1.24028,1.2406,8368.0,Interval.in_2_hour,45129600.0,long,long,long,long,long,long,long,long,long,long,long,long,long,long,long,long,long,long,long,long,neutral,neutral,long,short,short,short,neutral,short,short,short,short,short,long,long,short,short,short,short,short,short,short,short,short,short,long,long,long,long,long,long,long,long,long,long,long,long,long
1227,2023-06-07 06:00:00,OANDA:GBPUSD,1.24254,1.24302,1.24216,1.24234,4755.0,Interval.in_2_hour,45122400.0,long,long,long,long,long,long,long,long,long,long,long,long,long,long,long,long,long,long,long,long,neutral,neutral,long,short,short,neutral,neutral,long,short,short,long,long,long,long,short,short,short,short,short,short,short,short,long,long,long,short,long,long,long,long,long,long,long,long,long,long,long
1228,2023-06-07 04:00:00,OANDA:GBPUSD,1.24316,1.24338,1.24173,1.24254,8066.0,Interval.in_2_hour,45115200.0,long,long,long,long,long,long,long,long,long,long,long,long,long,long,long,long,long,long,long,long,long,long,long,short,neutral,neutral,neutral,long,long,long,long,long,long,short,short,short,short,short,short,short,short,long,long,long,long,short,short,long,long,long,long,long,long,long,long,long,long
1229,2023-06-07 02:00:00,OANDA:GBPUSD,1.24246,1.24384,1.24226,1.24316,4412.0,Interval.in_2_hour,45108000.0,long,long,long,long,long,long,long,long,long,long,long,long,long,long,long,long,long,long,long,long,neutral,neutral,long,short,long,neutral,neutral,short,long,long,long,long,short,short,short,short,short,short,short,short,long,long,long,long,long,short,short,short,long,long,long,long,long,long,long,long,long
1230,2023-06-07 00:00:00,OANDA:GBPUSD,1.24229,1.24294,1.24204,1.24246,1135.0,Interval.in_2_hour,45100800.0,long,long,long,long,long,long,long,long,long,long,long,long,long,long,long,long,long,long,long,long,neutral,neutral,long,short,neutral,neutral,neutral,long,long,long,long,short,short,short,short,short,short,short,short,long,long,long,long,long,long,long,long,short,short,long,long,long,long,long,long,long,long
1231,2023-06-06 22:00:00,OANDA:GBPUSD,1.24298,1.24312,1.24216,1.24229,3766.0,Interval.in_2_hour,45093600.0,long,long,long,long,long,long,long,long,long,long,long,long,long,long,long,long,long,long,long,long,neutral,neutral,long,short,neutral,neutral,neutral,long,long,long,short,short,short,short,short,short,short,short,long,long,long,long,long,long,short,long,long,long,long,short,long,long,long,long,long,long,long
1232,2023-06-06 20:00:00,OANDA:GBPUSD,1.2427,1.24308,1.24186,1.24298,6940.0,Interval.in_2_hour,45086400.0,long,long,long,long,long,long,long,long,long,long,long,long,long,long,long,long,long,long,long,long,neutral,neutral,long,short,long,long,neutral,long,long,short,short,short,short,short,short,short,short,long,long,long,long,long,long,short,short,short,short,long,short,short,short,long,long,long,long,long,long
1233,2023-06-06 18:00:00,OANDA:GBPUSD,1.24078,1.2429,1.24058,1.2427,9347.0,Interval.in_2_hour,45079200.0,long,long,long,long,long,long,long,long,long,long,long,long,long,long,long,long,long,long,long,long,short,short,long,short,long,neutral,neutral,short,short,short,short,short,short,short,short,short,short,long,long,long,long,short,short,short,short,long,short,short,long,short,short,short,long,long,long,long,long
1234,2023-06-06 16:00:00,OANDA:GBPUSD,1.24011,1.24144,1.23948,1.24078,14143.0,Interval.in_2_hour,45072000.0,long,long,long,long,long,long,long,long,long,long,long,long,long,long,long,long,long,long,long,long,neutral,neutral,long,short,neutral,neutral,neutral,short,short,short,short,short,short,short,short,short,long,long,long,short,short,short,short,short,short,long,long,long,long,long,long,long,short,long,long,long,long
1235,2023-06-06 14:00:00,OANDA:GBPUSD,1.24148,1.24176,1.23916,1.24011,10172.0,Interval.in_2_hour,45064800.0,long,long,long,long,long,long,long,long,long,long,long,long,long,long,long,long,long,long,long,long,neutral,neutral,long,short,short,short,short,short,short,short,short,short,short,short,short,long,long,long,short,short,short,short,short,short,short,long,long,long,long,long,long,long,long,long,long,long,long
1236,2023-06-06 12:00:00,OANDA:GBPUSD,1.24212,1.24242,1.24023,1.24148,9349.0,Interval.in_2_hour,45057600.0,long,long,long,long,long,long,long,long,long,long,long,long,long,long,long,long,long,long,long,long,neutral,neutral,long,short,short,short,neutral,short,short,short,short,short,short,short,long,long,long,long,short,short,short,short,short,short,short,short,short,long,long,long,long,long,long,long,short,long,long
1237,2023-06-06 10:00:00,OANDA:GBPUSD,1.2441,1.24478,1.24192,1.24212,15925.0,Interval.in_2_hour,45050400.0,long,long,long,long,long,long,long,long,long,long,long,long,long,long,long,long,long,long,long,long,neutral,neutral,long,short,short,neutral,neutral,short,short,short,short,short,long,long,long,long,long,long,short,short,short,short,short,short,short,short,short,short,long,long,long,long,long,long,long,short,long
1238,2023-06-06 08:00:00,OANDA:GBPUSD,1.245,1.2459,1.24365,1.2441,9848.0,Interval.in_2_hour,45043200.0,short,long,long,long,short,short,short,short,long,long,long,long,long,long,long,long,long,long,long,long,long,neutral,long,short,neutral,neutral,neutral,long,long,long,long,long,long,long,long,long,long,long,long,long,long,short,short,short,short,short,short,short,short,short,short,short,short,short,short,short,short
1239,2023-06-06 06:00:00,OANDA:GBPUSD,1.2445,1.24512,1.24398,1.245,6397.0,Interval.in_2_hour,45036000.0,short,short,long,long,long,short,short,short,short,short,short,long,short,long,long,long,long,long,long,long,neutral,neutral,long,short,long,long,long,long,long,long,long,long,long,long,long,long,long,long,long,long,short,short,short,short,short,short,short,short,short,short,short,short,short,short,short,short,short
1240,2023-06-06 04:00:00,OANDA:GBPUSD,1.2435,1.24514,1.24326,1.2445,7241.0,Interval.in_2_hour,45028800.0,short,short,short,long,long,long,short,short,short,short,long,long,long,long,long,long,long,long,long,long,neutral,neutral,long,short,long,long,neutral,long,long,long,long,long,long,long,long,long,long,long,short,short,short,short,short,short,short,long,short,short,short,short,short,short,short,short,short,short,short
1241,2023-06-06 02:00:00,OANDA:GBPUSD,1.24349,1.24372,1.24292,1.2435,3658.0,Interval.in_2_hour,45021600.0,short,short,short,long,long,long,long,short,long,long,long,long,long,long,long,long,long,long,long,long,neutral,neutral,long,short,long,neutral,neutral,short,long,long,long,long,long,long,long,long,long,short,short,short,short,short,short,short,short,long,long,long,short,short,short,short,short,short,short,short,short
1242,2023-06-06 00:00:00,OANDA:GBPUSD,1.24336,1.24368,1.24297,1.24349,2379.0,Interval.in_2_hour,45014400.0,short,short,short,short,long,long,long,long,short,long,long,long,long,long,long,long,long,long,long,long,neutral,neutral,long,short,neutral,neutral,neutral,long,long,long,long,long,long,long,long,long,short,short,short,short,short,short,short,short,short,long,long,long,long,short,short,short,short,short,short,short,short
1243,2023-06-05 22:00:00,OANDA:GBPUSD,1.24346,1.24376,1.24294,1.24336,5044.0,Interval.in_2_hour,45007200.0,short,short,short,short,short,long,long,long,long,long,long,long,long,long,long,long,long,long,long,long,neutral,neutral,long,short,short,neutral,neutral,long,long,long,long,long,long,long,short,short,short,short,short,short,short,short,short,short,short,long,long,long,long,long,short,short,short,short,short,short,short
1244,2023-06-05 20:00:00,OANDA:GBPUSD,1.24354,1.24376,1.24272,1.24346,8063.0,Interval.in_2_hour,45000000.0,short,short,short,short,short,short,long,long,long,long,short,long,long,long,long,long,long,long,long,long,neutral,neutral,long,short,neutral,neutral,neutral,long,long,long,long,long,long,long,short,short,short,short,short,short,short,short,short,short,short,short,long,long,long,long,long,short,short,short,short,short,short
1245,2023-06-05 18:00:00,OANDA:GBPUSD,1.24086,1.24437,1.24082,1.24354,10299.0,Interval.in_2_hour,44992800.0,short,short,short,short,short,short,short,long,long,long,long,short,long,long,long,long,long,long,long,long,neutral,neutral,long,short,long,neutral,neutral,long,long,long,short,short,short,short,short,short,short,short,short,short,short,short,short,short,short,short,short,short,short,long,long,long,short,short,short,short,short
1246,2023-06-05 16:00:00,OANDA:GBPUSD,1.2376,1.24326,1.23736,1.24086,19413.0,Interval.in_2_hour,44985600.0,long,long,long,long,long,long,long,short,long,long,long,long,long,long,long,long,long,long,long,long,short,short,long,short,neutral,neutral,neutral,short,short,short,short,short,short,short,short,short,short,short,short,short,short,short,short,short,short,long,long,long,long,long,long,long,long,long,long,short,short
1247,2023-06-05 14:00:00,OANDA:GBPUSD,1.23914,1.2393,1.23684,1.2376,8996.0,Interval.in_2_hour,44978400.0,long,long,long,long,long,long,long,long,long,long,long,long,long,long,long,long,long,long,long,long,neutral,neutral,long,short,short,short,short,short,short,short,short,short,short,short,short,short,short,short,short,short,short,short,short,short,short,long,long,long,long,long,long,long,long,long,long,long,long
1248,2023-06-05 12:00:00,OANDA:GBPUSD,1.24079,1.24094,1.23816,1.23914,8055.0,Interval.in_2_hour,44971200.0,long,long,long,long,long,long,long,long,long,long,long,long,long,long,long,long,long,long,short,long,neutral,neutral,long,short,short,short,neutral,short,short,short,short,short,short,short,short,short,short,short,short,short,short,short,short,short,short,short,long,long,long,long,long,long,long,long,long,long,long
1249,2023-06-05 10:00:00,OANDA:GBPUSD,1.24082,1.2414,1.23881,1.24079,12559.0,Interval.in_2_hour,44964000.0,long,short,short,long,long,long,long,long,long,long,short,long,long,long,long,long,long,long,short,long,neutral,neutral,long,short,short,neutral,neutral,short,short,short,short,short,short,short,short,short,short,short,short,short,short,short,short,short,short,short,short,long,long,long,long,long,long,long,long,long,long
1250,2023-06-05 08:00:00,OANDA:GBPUSD,1.24328,1.2438,1.24054,1.24082,8702.0,Interval.in_2_hour,44956800.0,long,long,short,short,long,long,long,long,long,long,long,short,long,long,long,long,long,long,short,long,neutral,neutral,long,short,neutral,neutral,neutral,short,short,short,short,short,short,short,short,short,short,short,short,short,short,short,short,short,short,short,short,short,long,long,long,long,long,long,long,long,long
1251,2023-06-05 06:00:00,OANDA:GBPUSD,1.24315,1.24399,1.24273,1.24328,5060.0,Interval.in_2_hour,44949600.0,long,short,short,short,short,short,short,short,short,short,short,short,short,long,long,long,long,long,short,long,neutral,neutral,long,short,neutral,neutral,neutral,short,short,short,short,short,short,short,short,short,short,short,short,short,short,short,short,short,short,short,short,short,short,short,long,long,long,long,long,long,long
1252,2023-06-05 04:00:00,OANDA:GBPUSD,1.24317,1.24396,1.24276,1.24315,7933.0,Interval.in_2_hour,44942400.0,long,long,short,short,short,short,short,short,short,short,long,short,short,short,long,long,long,long,short,long,short,short,long,short,short,short,short,short,short,short,short,short,short,short,short,short,short,short,short,short,short,short,short,short,short,long,short,short,short,short,short,long,long,long,long,long,long
1253,2023-06-05 02:00:00,OANDA:GBPUSD,1.24366,1.24384,1.24262,1.24317,5281.0,Interval.in_2_hour,44935200.0,long,long,long,short,short,short,short,short,short,short,short,short,short,short,short,long,long,long,short,long,neutral,neutral,long,short,short,short,neutral,short,short,short,short,short,short,short,short,short,short,short,short,short,short,short,short,short,short,short,long,short,short,short,short,short,long,long,long,long,long
1254,2023-06-05 00:00:00,OANDA:GBPUSD,1.24504,1.2458,1.24364,1.24366,2192.0,Interval.in_2_hour,44928000.0,short,long,long,long,short,short,short,short,short,short,short,short,short,short,short,short,long,long,long,long,neutral,neutral,long,short,short,neutral,neutral,short,short,short,short,short,short,short,short,short,short,short,short,short,short,short,short,long,long,short,short,short,short,short,short,short,short,short,short,short,short
1255,2023-06-02 22:00:00,OANDA:GBPUSD,1.24526,1.24548,1.24474,1.24504,4734.0,Interval.in_2_hour,44748000.0,short,short,short,short,short,short,short,short,short,short,short,short,short,short,short,short,short,short,short,long,neutral,neutral,long,short,neutral,neutral,neutral,short,short,short,short,short,short,short,short,short,short,short,short,short,short,long,long,long,long,short,short,short,short,short,short,short,short,short,short,short,short
1256,2023-06-02 20:00:00,OANDA:GBPUSD,1.24498,1.24584,1.24416,1.24526,7275.0,Interval.in_2_hour,44740800.0,short,short,short,short,short,short,short,short,short,short,short,short,short,short,short,short,short,short,long,long,neutral,neutral,long,short,neutral,neutral,neutral,short,short,short,short,short,short,short,short,short,short,short,short,short,long,long,long,long,long,short,short,short,short,short,short,short,short,short,short,short,short
1257,2023-06-02 18:00:00,OANDA:GBPUSD,1.24806,1.24874,1.24494,1.24498,9813.0,Interval.in_2_hour,44733600.0,short,short,short,short,short,long,short,short,short,short,short,short,short,short,short,short,short,short,long,long,neutral,neutral,long,short,short,short,short,short,short,short,short,short,short,short,short,short,short,short,short,long,long,long,long,long,long,long,long,short,short,short,short,short,short,short,short,short,short
1258,2023-06-02 16:00:00,OANDA:GBPUSD,1.25139,1.25354,1.24787,1.24806,20902.0,Interval.in_2_hour,44726400.0,short,short,short,short,short,short,short,short,short,short,short,short,short,short,short,short,short,short,long,short,neutral,neutral,long,short,short,short,short,short,short,short,short,short,short,short,short,short,short,long,long,long,long,long,long,long,long,short,short,short,short,short,short,short,short,short,short,short,short
1259,2023-06-02 14:00:00,OANDA:GBPUSD,1.25284,1.25316,1.24935,1.25139,15934.0,Interval.in_2_hour,44719200.0,short,short,short,short,short,short,short,short,short,short,short,short,short,short,short,short,short,short,long,short,long,long,long,short,short,short,neutral,short,short,short,short,short,short,short,short,long,long,long,long,long,long,long,long,long,long,short,short,short,short,short,short,short,short,short,short,short,short
1260,2023-06-02 12:00:00,OANDA:GBPUSD,1.25362,1.25417,1.2525,1.25284,8703.0,Interval.in_2_hour,44712000.0,short,short,short,short,short,short,short,short,short,short,short,short,short,short,short,short,short,short,long,short,neutral,neutral,long,short,short,neutral,neutral,short,short,long,long,long,long,long,long,long,long,long,long,long,long,long,long,long,long,short,short,short,short,short,short,short,short,short,short,short,short
1261,2023-06-02 10:00:00,OANDA:GBPUSD,1.25396,1.25413,1.25218,1.25362,11410.0,Interval.in_2_hour,44704800.0,short,short,short,short,short,short,short,short,short,short,short,short,short,short,short,short,short,short,long,short,neutral,neutral,long,short,neutral,neutral,neutral,long,long,long,long,long,long,long,long,long,long,long,long,long,long,long,long,long,long,short,short,short,short,short,short,short,short,short,short,short,short
1262,2023-06-02 08:00:00,OANDA:GBPUSD,1.25297,1.25436,1.2525,1.25396,8729.0,Interval.in_2_hour,44697600.0,short,short,short,short,short,short,short,short,short,short,short,short,short,short,short,short,short,short,long,short,neutral,neutral,long,short,neutral,neutral,neutral,long,long,long,long,long,long,long,long,long,long,long,long,long,long,long,long,long,long,short,short,short,short,short,short,short,short,short,short,short,short
1263,2023-06-02 06:00:00,OANDA:GBPUSD,1.25403,1.25448,1.25282,1.25297,5958.0,Interval.in_2_hour,44690400.0,short,short,short,short,short,short,short,short,short,short,short,short,short,short,short,short,short,short,short,short,long,long,long,short,neutral,neutral,neutral,long,long,long,long,long,long,long,long,long,long,long,long,long,long,long,long,long,long,long,long,short,short,short,short,short,short,short,short,short,short
1264,2023-06-02 04:00:00,OANDA:GBPUSD,1.25254,1.25406,1.2523,1.25403,7368.0,Interval.in_2_hour,44683200.0,short,short,short,short,short,short,short,short,short,short,short,short,short,short,short,short,short,short,short,short,neutral,neutral,long,short,neutral,neutral,neutral,long,long,long,long,long,long,long,long,long,long,long,long,long,long,long,long,long,long,short,short,short,short,short,short,short,short,short,short,short,short
1265,2023-06-02 02:00:00,OANDA:GBPUSD,1.25303,1.25316,1.2523,1.25254,4542.0,Interval.in_2_hour,44676000.0,short,short,short,short,short,short,short,short,short,short,short,short,short,short,short,short,short,short,short,short,neutral,neutral,long,short,neutral,neutral,neutral,short,long,long,long,long,long,long,long,long,long,long,long,long,long,long,long,long,long,long,long,long,long,long,short,short,short,short,short,short,short
1266,2023-06-02 00:00:00,OANDA:GBPUSD,1.25262,1.25316,1.252,1.25303,2608.0,Interval.in_2_hour,44668800.0,short,short,short,short,short,short,short,short,short,short,short,short,short,short,short,short,short,short,short,short,neutral,neutral,long,short,neutral,neutral,neutral,long,long,long,long,long,long,long,long,long,long,long,long,long,long,long,long,long,long,short,long,short,long,long,short,short,short,short,short,short,short
1267,2023-06-01 22:00:00,OANDA:GBPUSD,1.25266,1.25312,1.25216,1.25262,4739.0,Interval.in_2_hour,44661600.0,short,short,short,short,short,short,short,short,short,short,short,short,short,short,short,short,short,short,short,short,neutral,neutral,long,short,short,neutral,neutral,long,long,long,long,long,long,long,long,long,long,long,long,long,long,long,long,long,long,long,short,long,long,long,long,long,short,short,short,short,short
1268,2023-06-01 20:00:00,OANDA:GBPUSD,1.2533,1.25356,1.25264,1.25266,6686.0,Interval.in_2_hour,44654400.0,short,short,short,short,short,short,short,short,short,short,short,short,short,short,short,short,short,short,short,short,neutral,neutral,long,short,neutral,neutral,neutral,long,long,long,long,long,long,long,long,long,long,long,long,long,long,long,long,long,long,short,long,short,long,long,long,long,long,short,short,short,short
1269,2023-06-01 18:00:00,OANDA:GBPUSD,1.25196,1.254,1.25162,1.2533,12509.0,Interval.in_2_hour,44647200.0,short,short,short,short,short,short,short,short,short,short,short,short,short,short,short,short,short,short,short,short,neutral,neutral,long,short,long,long,long,long,long,long,long,long,long,long,long,long,long,long,long,long,long,long,long,long,long,short,short,short,short,long,short,long,long,short,short,short,short
1270,2023-06-01 16:00:00,OANDA:GBPUSD,1.24846,1.2527,1.24742,1.25196,20132.0,Interval.in_2_hour,44640000.0,short,short,short,short,short,short,short,short,short,short,short,short,short,short,short,short,short,short,short,short,neutral,neutral,long,short,long,long,neutral,long,long,long,long,long,long,long,long,long,long,long,long,long,long,long,long,long,long,long,long,long,long,long,long,long,long,long,long,short,short
1271,2023-06-01 14:00:00,OANDA:GBPUSD,1.24641,1.2487,1.24486,1.24846,15977.0,Interval.in_2_hour,44632800.0,short,short,short,short,short,short,short,short,short,short,short,short,short,short,short,short,short,short,short,short,neutral,neutral,long,short,long,neutral,neutral,long,long,long,long,long,long,long,long,long,long,long,long,long,long,long,long,long,long,long,long,long,long,long,long,long,long,long,long,long,long
1272,2023-06-01 12:00:00,OANDA:GBPUSD,1.24312,1.2468,1.24258,1.24641,10757.0,Interval.in_2_hour,44625600.0,long,long,short,short,short,short,short,short,short,short,short,short,short,short,short,short,short,short,short,short,neutral,neutral,long,short,neutral,neutral,neutral,long,long,long,long,long,long,long,long,long,long,long,long,long,long,long,long,long,long,long,long,long,long,long,long,long,long,long,long,long,long
1273,2023-06-01 10:00:00,OANDA:GBPUSD,1.24399,1.24402,1.24008,1.24312,12785.0,Interval.in_2_hour,44618400.0,long,long,long,long,long,long,long,long,long,long,short,short,short,short,short,long,long,long,short,long,long,neutral,long,short,neutral,neutral,neutral,short,short,short,long,long,long,long,long,long,long,long,long,long,long,long,long,long,long,long,long,long,long,long,long,long,long,long,long,long,long
1274,2023-06-01 08:00:00,OANDA:GBPUSD,1.24328,1.24414,1.24222,1.24399,9106.0,Interval.in_2_hour,44611200.0,long,long,long,long,long,long,long,short,short,short,short,short,short,short,short,short,short,short,short,short,neutral,neutral,long,short,neutral,neutral,neutral,short,short,long,long,long,long,long,long,long,long,long,long,long,long,long,long,long,long,short,long,long,long,long,long,long,long,long,long,long,long
1275,2023-06-01 06:00:00,OANDA:GBPUSD,1.2437,1.2442,1.24296,1.24328,6206.0,Interval.in_2_hour,44604000.0,long,long,long,long,long,long,long,long,long,short,short,long,short,short,short,short,short,long,short,short,neutral,neutral,long,short,short,short,neutral,short,long,long,long,long,long,long,long,long,long,long,long,long,long,long,long,long,long,long,short,long,long,long,long,long,long,long,long,long,long
1276,2023-06-01 04:00:00,OANDA:GBPUSD,1.2439,1.24433,1.24278,1.2437,10896.0,Interval.in_2_hour,44596800.0,long,long,long,long,long,long,long,long,long,short,short,short,short,short,short,short,short,short,short,short,neutral,neutral,long,short,short,neutral,neutral,long,long,long,long,long,long,long,long,long,long,long,long,long,long,long,long,long,long,short,long,short,long,long,long,long,long,long,long,long,long
1277,2023-06-01 02:00:00,OANDA:GBPUSD,1.24432,1.24498,1.2435,1.2439,6553.0,Interval.in_2_hour,44589600.0,long,long,long,long,long,long,long,long,long,long,short,short,short,short,short,short,short,short,short,short,neutral,neutral,long,short,neutral,neutral,neutral,long,long,long,long,long,long,long,long,long,long,long,long,long,long,long,long,long,long,short,short,long,short,long,long,long,long,long,long,long,long
1278,2023-06-01 00:00:00,OANDA:GBPUSD,1.24432,1.24448,1.2434,1.24432,2558.0,Interval.in_2_hour,44582400.0,long,long,long,long,long,long,long,long,long,long,long,short,short,short,short,short,short,short,short,short,neutral,neutral,long,short,long,long,neutral,long,long,long,long,long,long,long,long,long,long,long,long,long,long,long,long,long,long,short,short,short,short,short,long,long,long,long,long,long,long
1279,2023-05-31 22:00:00,OANDA:GBPUSD,1.24225,1.2444,1.2416,1.24432,8152.0,Interval.in_2_hour,44575200.0,long,long,long,long,long,long,long,long,long,long,long,long,short,short,short,short,short,short,short,short,neutral,neutral,long,short,long,neutral,neutral,long,long,long,long,long,long,long,long,long,long,long,long,long,long,long,long,long,long,long,short,short,short,short,short,long,long,long,long,long,long
1280,2023-05-31 20:00:00,OANDA:GBPUSD,1.23866,1.24368,1.23812,1.24225,11604.0,Interval.in_2_hour,44568000.0,long,long,long,long,long,long,long,long,long,long,long,long,long,long,long,long,long,short,short,long,neutral,neutral,long,short,neutral,neutral,neutral,long,long,long,long,long,short,short,short,long,long,long,short,short,long,long,long,long,long,long,long,long,long,long,long,long,long,long,long,long,long
1281,2023-05-31 18:00:00,OANDA:GBPUSD,1.23934,1.24142,1.23716,1.23866,14442.0,Interval.in_2_hour,44560800.0,long,long,long,long,long,long,long,long,long,long,long,long,long,long,long,long,long,long,short,long,long,long,long,short,neutral,neutral,neutral,long,long,long,short,short,short,short,short,short,short,short,short,short,long,long,long,long,long,long,long,long,long,long,long,long,long,long,long,long,long
1282,2023-05-31 16:00:00,OANDA:GBPUSD,1.2364,1.24136,1.2357,1.23934,22318.0,Interval.in_2_hour,44553600.0,long,long,long,long,long,long,long,long,long,long,long,long,long,long,long,long,long,long,short,long,short,short,long,short,neutral,neutral,neutral,long,short,short,short,short,short,short,short,short,short,short,short,long,long,long,long,long,long,short,long,long,long,long,long,long,long,long,long,long,long
1283,2023-05-31 14:00:00,OANDA:GBPUSD,1.23668,1.23752,1.23589,1.2364,8649.0,Interval.in_2_hour,44546400.0,long,long,long,long,long,long,long,long,long,long,long,long,long,long,long,long,long,long,short,long,short,neutral,long,short,neutral,neutral,neutral,short,short,short,short,short,short,short,short,short,short,short,long,long,long,long,long,long,long,long,long,long,long,long,long,long,long,long,long,long,long
1284,2023-05-31 12:00:00,OANDA:GBPUSD,1.23522,1.23699,1.23496,1.23668,8799.0,Interval.in_2_hour,44539200.0,long,long,long,long,long,long,long,long,long,long,long,long,long,long,long,long,long,long,short,long,neutral,neutral,long,short,neutral,neutral,neutral,short,short,short,short,short,short,short,short,short,short,short,long,short,short,long,long,long,long,short,long,long,long,long,long,long,long,long,long,long,long
1285,2023-05-31 10:00:00,OANDA:GBPUSD,1.23758,1.23781,1.2348,1.23522,13404.0,Interval.in_2_hour,44532000.0,long,long,long,long,long,long,long,long,long,long,long,long,long,long,long,long,long,long,short,long,neutral,neutral,long,short,short,short,short,short,short,short,short,short,short,short,short,short,long,long,long,short,long,long,long,long,long,long,long,long,long,long,long,long,long,long,long,long,long
1286,2023-05-31 08:00:00,OANDA:GBPUSD,1.23924,1.23999,1.23744,1.23758,11999.0,Interval.in_2_hour,44524800.0,long,long,long,long,long,long,long,long,long,long,long,long,long,long,long,long,long,long,short,short,neutral,neutral,long,short,short,short,neutral,short,short,short,short,short,short,short,short,long,long,long,long,long,long,long,long,long,long,short,short,short,long,long,long,long,long,long,long,long,long
1287,2023-05-31 06:00:00,OANDA:GBPUSD,1.23932,1.23942,1.2382,1.23924,5648.0,Interval.in_2_hour,44517600.0,long,long,long,long,long,long,long,long,long,long,long,long,long,long,long,long,long,long,short,short,neutral,neutral,long,short,short,neutral,neutral,short,short,short,short,short,short,short,long,long,long,long,long,long,long,long,long,long,long,short,short,short,short,long,short,long,long,long,long,long,long
1288,2023-05-31 04:00:00,OANDA:GBPUSD,1.24222,1.24229,1.23904,1.23932,9891.0,Interval.in_2_hour,44510400.0,long,long,long,long,long,long,long,long,long,long,long,long,long,long,long,long,long,long,short,short,long,long,long,short,neutral,neutral,neutral,long,long,long,short,short,long,long,long,long,long,long,long,long,long,long,long,long,long,short,short,short,short,short,long,short,long,long,long,long,long
1289,2023-05-31 02:00:00,OANDA:GBPUSD,1.24084,1.24262,1.24049,1.24222,4815.0,Interval.in_2_hour,44503200.0,long,long,long,long,long,long,long,long,long,long,long,long,long,long,long,long,long,long,short,short,long,long,long,short,neutral,neutral,neutral,long,long,short,short,long,long,long,long,long,long,long,long,long,long,long,long,long,long,short,short,short,short,short,short,short,short,long,long,long,long
1290,2023-05-31 00:00:00,OANDA:GBPUSD,1.24119,1.2415,1.24068,1.24084,1571.0,Interval.in_2_hour,44496000.0,long,long,long,long,long,long,long,long,long,long,long,long,long,long,long,long,long,long,short,short,neutral,neutral,long,short,neutral,neutral,neutral,long,short,short,long,long,long,long,long,long,long,long,long,long,long,long,long,long,long,long,short,short,short,short,short,short,short,short,long,long,long
1291,2023-05-30 22:00:00,OANDA:GBPUSD,1.23922,1.24132,1.23906,1.24119,5270.0,Interval.in_2_hour,44488800.0,long,long,long,long,long,long,long,long,long,long,long,long,long,long,long,long,long,long,short,short,neutral,neutral,long,short,neutral,neutral,neutral,short,short,long,long,long,long,long,long,long,long,long,long,long,long,long,long,long,long,short,long,short,short,short,short,short,short,short,short,long,long
1292,2023-05-30 20:00:00,OANDA:GBPUSD,1.23979,1.23988,1.23832,1.23922,7075.0,Interval.in_2_hour,44481600.0,long,long,long,long,long,long,long,long,long,long,long,long,long,long,long,long,long,long,short,short,neutral,neutral,long,short,short,short,short,short,short,long,long,long,long,long,long,long,long,long,long,long,long,long,long,long,long,long,long,long,long,long,short,short,short,short,long,short,long
1293,2023-05-30 18:00:00,OANDA:GBPUSD,1.24094,1.24118,1.23933,1.23979,9906.0,Interval.in_2_hour,44474400.0,long,long,long,long,long,long,long,long,long,long,long,long,long,long,long,long,long,long,short,short,neutral,neutral,long,short,short,short,neutral,long,long,long,long,long,long,long,long,long,long,long,long,long,long,long,long,long,long,short,long,long,long,short,short,short,short,short,short,short,short
1294,2023-05-30 16:00:00,OANDA:GBPUSD,1.24234,1.24399,1.24017,1.24094,16090.0,Interval.in_2_hour,44467200.0,short,long,long,long,long,long,long,long,long,long,long,long,long,long,long,long,long,long,short,short,long,long,long,short,short,neutral,neutral,long,long,long,long,long,long,long,long,long,long,long,long,long,long,long,long,long,long,short,short,long,short,long,short,short,short,short,short,short,short
1295,2023-05-30 14:00:00,OANDA:GBPUSD,1.24273,1.24468,1.24184,1.24234,10804.0,Interval.in_2_hour,44460000.0,short,short,short,long,long,long,long,long,long,long,long,long,long,long,long,long,long,long,short,short,neutral,neutral,long,short,neutral,neutral,neutral,long,long,long,long,long,long,long,long,long,long,long,long,long,long,long,long,long,long,short,short,short,short,short,short,short,short,short,short,short,short
1296,2023-05-30 12:00:00,OANDA:GBPUSD,1.23764,1.24296,1.23686,1.24273,13090.0,Interval.in_2_hour,44452800.0,short,short,short,short,long,long,long,long,long,long,long,long,long,long,long,long,long,long,short,short,neutral,neutral,long,short,long,neutral,neutral,long,long,long,long,long,long,long,long,long,long,long,long,long,long,long,long,long,long,short,short,short,short,short,short,short,short,short,short,short,short
1297,2023-05-30 10:00:00,OANDA:GBPUSD,1.23482,1.23786,1.23395,1.23764,13613.0,Interval.in_2_hour,44445600.0,short,short,long,long,long,long,long,long,long,long,long,long,long,long,long,long,long,long,short,long,short,short,long,short,neutral,neutral,neutral,short,long,long,long,long,long,long,long,long,long,long,long,long,long,long,long,long,long,long,long,long,long,long,long,long,long,long,long,short,short
1298,2023-05-30 08:00:00,OANDA:GBPUSD,1.23572,1.23574,1.23272,1.23482,11337.0,Interval.in_2_hour,44438400.0,long,long,long,long,long,long,long,long,long,long,long,long,long,long,long,long,long,long,short,long,neutral,neutral,long,short,short,neutral,neutral,short,short,short,short,short,long,long,long,short,short,short,long,long,long,long,long,long,long,long,long,long,long,long,long,long,long,long,long,long,long
1299,2023-05-30 06:00:00,OANDA:GBPUSD,1.23678,1.23682,1.23432,1.23572,7806.0,Interval.in_2_hour,44431200.0,long,short,long,long,long,long,long,long,long,long,long,long,long,long,long,long,long,long,short,long,long,neutral,long,short,neutral,neutral,neutral,long,long,long,long,long,long,long,long,long,long,long,long,long,long,long,long,long,short,short,long,long,long,long,long,long,long,long,long,long,long
1300,2023-05-30 04:00:00,OANDA:GBPUSD,1.23611,1.23794,1.2361,1.23678,8132.0,Interval.in_2_hour,44424000.0,long,long,short,short,short,long,long,long,long,long,long,long,long,long,long,long,long,long,short,long,neutral,neutral,long,short,long,long,neutral,long,long,long,long,long,long,long,long,long,long,long,long,long,long,long,long,short,short,short,short,long,long,long,long,long,long,long,long,long,long
1301,2023-05-30 02:00:00,OANDA:GBPUSD,1.23562,1.23638,1.23438,1.23611,6797.0,Interval.in_2_hour,44416800.0,long,long,long,short,long,long,long,long,long,long,long,long,long,long,long,long,long,long,short,long,neutral,neutral,long,short,long,neutral,neutral,long,long,long,long,long,long,short,long,long,long,long,long,long,long,long,short,short,long,long,short,short,long,long,long,long,long,long,long,long,long
1302,2023-05-30 00:00:00,OANDA:GBPUSD,1.23546,1.23595,1.23526,1.23562,2006.0,Interval.in_2_hour,44409600.0,long,long,long,long,short,long,long,long,long,long,long,long,long,long,long,long,long,long,short,long,neutral,neutral,long,short,neutral,neutral,neutral,short,long,long,long,short,short,long,long,long,long,long,long,long,long,short,short,long,long,long,long,long,short,long,long,long,long,long,long,long,long
1303,2023-05-29 22:00:00,OANDA:GBPUSD,1.23572,1.2358,1.23537,1.23546,2754.0,Interval.in_2_hour,44402400.0,long,long,long,long,long,short,long,long,long,long,long,long,long,long,long,long,long,long,short,long,long,long,long,short,short,neutral,neutral,long,long,long,short,short,long,long,long,long,long,long,long,long,short,short,long,long,long,long,long,long,long,short,long,long,long,long,long,long,long
1304,2023-05-29 20:00:00,OANDA:GBPUSD,1.23598,1.23619,1.23572,1.23572,1423.0,Interval.in_2_hour,44395200.0,long,long,long,long,long,long,short,long,long,long,long,long,long,long,long,long,long,long,short,long,neutral,neutral,long,short,neutral,neutral,neutral,long,long,long,short,long,long,long,long,long,long,long,long,short,short,long,long,long,long,short,short,long,long,long,short,long,long,long,long,long,long
1305,2023-05-29 18:00:00,OANDA:GBPUSD,1.23512,1.23625,1.23511,1.23598,2043.0,Interval.in_2_hour,44388000.0,long,long,long,long,long,long,long,short,long,long,long,long,long,long,long,long,long,long,short,long,neutral,neutral,long,short,long,long,neutral,long,short,short,long,long,long,long,long,long,long,long,short,short,long,long,long,long,long,short,short,short,long,long,short,short,long,long,long,long,long
1306,2023-05-29 16:00:00,OANDA:GBPUSD,1.23469,1.2353,1.23428,1.23512,5031.0,Interval.in_2_hour,44380800.0,long,long,long,long,long,long,long,long,long,long,long,long,long,long,long,long,long,long,short,long,neutral,neutral,long,short,long,neutral,neutral,short,short,short,long,long,long,long,long,long,short,short,short,long,long,long,long,long,long,long,long,long,long,long,long,long,short,long,long,long,long
1307,2023-05-29 14:00:00,OANDA:GBPUSD,1.23454,1.2353,1.23364,1.23469,5600.0,Interval.in_2_hour,44373600.0,long,long,long,long,long,long,long,long,long,long,long,long,long,long,long,long,long,long,short,long,short,short,long,short,neutral,neutral,neutral,short,short,short,short,short,short,short,long,short,short,short,short,long,long,long,long,long,long,long,long,long,long,long,long,long,long,long,long,long,long
1308,2023-05-29 12:00:00,OANDA:GBPUSD,1.23467,1.23498,1.2339,1.23454,5672.0,Interval.in_2_hour,44366400.0,long,long,long,long,long,long,long,long,long,long,long,long,long,long,long,long,long,long,short,long,neutral,neutral,long,short,short,neutral,neutral,short,short,short,short,short,short,long,short,short,short,short,long,long,long,long,long,long,long,long,long,long,long,long,long,long,long,long,long,long,long
1309,2023-05-29 10:00:00,OANDA:GBPUSD,1.23674,1.23674,1.23356,1.23467,8059.0,Interval.in_2_hour,44359200.0,long,long,long,long,long,long,long,long,long,long,long,long,long,long,long,long,long,long,short,long,neutral,neutral,long,short,neutral,neutral,neutral,long,long,long,long,long,long,long,short,short,long,long,long,long,long,long,long,long,long,short,long,long,long,long,long,long,long,long,long,long,long
1310,2023-05-29 08:00:00,OANDA:GBPUSD,1.23559,1.23722,1.23513,1.23674,6539.0,Interval.in_2_hour,44352000.0,long,long,long,long,long,long,long,long,long,long,long,long,short,short,short,long,long,long,short,long,neutral,neutral,long,short,long,long,long,long,long,long,long,long,long,short,short,long,long,long,long,long,long,long,long,long,long,short,short,short,short,short,short,short,short,short,long,short,short
1311,2023-05-29 06:00:00,OANDA:GBPUSD,1.23504,1.2356,1.23452,1.23559,4938.0,Interval.in_2_hour,44344800.0,short,long,long,long,long,long,long,long,long,long,long,long,long,short,long,long,long,long,short,long,neutral,neutral,long,short,long,long,long,long,long,long,long,long,short,short,long,long,long,long,long,long,long,long,long,long,long,long,short,short,short,short,long,long,short,long,long,long,long
1312,2023-05-29 04:00:00,OANDA:GBPUSD,1.23468,1.2358,1.23438,1.23504,7042.0,Interval.in_2_hour,44337600.0,long,short,long,long,long,long,long,long,long,long,long,long,long,long,long,long,long,long,short,long,neutral,neutral,long,short,long,long,neutral,short,long,long,short,short,short,long,long,long,long,long,long,long,long,long,long,short,short,long,long,short,short,short,long,long,long,long,long,long,long
1313,2023-05-29 02:00:00,OANDA:GBPUSD,1.23468,1.23492,1.23416,1.23468,5581.0,Interval.in_2_hour,44330400.0,long,long,long,long,long,long,long,long,long,long,long,long,long,long,long,long,long,long,short,long,neutral,neutral,long,short,long,neutral,neutral,short,long,short,short,short,short,long,long,long,long,long,long,long,long,long,short,short,short,long,long,long,short,short,long,long,long,long,long,long,long
1314,2023-05-29 00:00:00,OANDA:GBPUSD,1.23468,1.23527,1.23388,1.23468,2053.0,Interval.in_2_hour,44323200.0,long,long,long,long,long,long,long,long,long,long,long,long,long,long,long,long,long,long,short,long,neutral,neutral,long,short,neutral,neutral,neutral,long,short,short,short,short,long,long,long,long,long,long,long,long,long,short,short,short,short,long,long,long,long,short,short,long,long,long,long,long,long
1315,2023-05-26 22:00:00,OANDA:GBPUSD,1.23506,1.23566,1.2345,1.23468,5382.0,Interval.in_2_hour,44143200.0,long,long,long,long,long,long,long,long,long,long,long,long,long,long,long,long,long,long,short,long,neutral,neutral,long,short,neutral,neutral,neutral,short,short,short,long,long,long,long,long,long,long,long,long,long,short,short,short,long,long,long,long,long,long,long,short,short,long,long,long,long,long
1316,2023-05-26 20:00:00,OANDA:GBPUSD,1.23436,1.23568,1.23433,1.23506,7123.0,Interval.in_2_hour,44136000.0,long,long,long,long,long,short,long,long,long,long,long,long,long,long,long,long,long,long,short,long,short,neutral,long,short,long,neutral,neutral,short,short,short,long,long,long,long,long,long,long,long,long,short,short,short,short,long,short,short,short,short,short,long,long,short,short,short,long,long,long
1317,2023-05-26 18:00:00,OANDA:GBPUSD,1.23318,1.23502,1.23224,1.23436,11878.0,Interval.in_2_hour,44128800.0,long,long,long,long,long,long,long,long,long,long,long,long,long,long,long,long,long,long,short,long,neutral,neutral,long,short,neutral,neutral,neutral,short,short,short,long,long,long,long,long,long,long,neutral,short,short,short,short,short,short,short,long,long,long,long,long,long,long,long,long,long,long,long
1318,2023-05-26 16:00:00,OANDA:GBPUSD,1.23718,1.2382,1.23212,1.23318,21213.0,Interval.in_2_hour,44121600.0,long,long,long,long,long,long,long,long,long,long,long,long,long,long,long,long,long,long,short,long,neutral,neutral,long,short,short,neutral,neutral,long,long,long,long,long,long,long,long,long,long,long,short,short,long,long,short,short,short,long,long,long,long,long,long,long,long,long,long,long,long
1319,2023-05-26 14:00:00,OANDA:GBPUSD,1.23784,1.23954,1.23555,1.23718,15582.0,Interval.in_2_hour,44114400.0,short,short,short,short,short,short,short,short,short,long,long,long,long,long,long,long,long,long,short,long,neutral,neutral,long,short,neutral,neutral,neutral,long,long,long,long,long,long,long,long,long,long,long,long,long,long,long,long,long,long,short,short,short,short,short,short,short,short,short,short,short,short
1320,2023-05-26 12:00:00,OANDA:GBPUSD,1.23534,1.23798,1.2346,1.23784,10788.0,Interval.in_2_hour,44107200.0,short,short,short,short,short,short,short,short,short,short,short,long,long,long,long,long,long,long,short,short,neutral,neutral,long,short,long,long,long,long,long,long,long,long,long,long,long,long,long,long,long,long,long,short,short,long,long,short,short,short,short,short,short,short,short,short,short,short,short
1321,2023-05-26 10:00:00,OANDA:GBPUSD,1.23424,1.23693,1.23368,1.23534,14065.0,Interval.in_2_hour,44100000.0,short,short,short,long,long,long,long,long,long,long,short,long,long,long,long,long,long,long,short,short,neutral,neutral,long,short,long,long,long,long,long,long,long,long,long,long,short,short,short,short,long,short,short,short,short,short,short,long,long,short,short,short,short,short,short,short,long,long,short
1322,2023-05-26 08:00:00,OANDA:GBPUSD,1.2336,1.23526,1.23314,1.23424,9560.0,Interval.in_2_hour,44092800.0,long,long,long,long,long,long,long,long,long,long,long,long,long,long,long,long,long,long,short,short,neutral,neutral,long,short,long,long,neutral,long,long,long,long,long,long,short,short,short,short,short,short,short,short,short,short,short,short,long,long,long,short,long,long,long,long,long,long,long,long
1323,2023-05-26 06:00:00,OANDA:GBPUSD,1.23274,1.2337,1.23252,1.2336,5202.0,Interval.in_2_hour,44085600.0,long,long,long,long,long,long,long,long,long,long,long,long,long,long,long,long,long,long,short,short,long,long,long,short,long,neutral,neutral,long,long,long,long,short,short,short,short,short,short,short,short,short,short,short,short,short,short,long,long,long,long,short,long,long,long,long,long,long,long
1324,2023-05-26 04:00:00,OANDA:GBPUSD,1.23228,1.2337,1.23223,1.23274,8512.0,Interval.in_2_hour,44078400.0,long,long,long,long,long,long,long,long,long,long,long,long,long,long,long,long,long,long,short,short,neutral,neutral,long,short,neutral,neutral,neutral,long,long,long,short,short,short,short,short,short,short,short,short,short,short,short,short,short,short,long,long,long,long,long,long,long,long,long,long,long,long
1325,2023-05-26 02:00:00,OANDA:GBPUSD,1.23254,1.23254,1.2311,1.23228,6148.0,Interval.in_2_hour,44071200.0,long,long,long,long,long,long,long,long,long,long,long,long,long,long,long,long,long,long,short,short,neutral,neutral,long,short,neutral,neutral,neutral,long,long,short,short,short,short,short,short,short,short,short,short,short,short,short,short,short,short,long,long,long,long,long,long,long,long,long,long,long,long
1326,2023-05-26 00:00:00,OANDA:GBPUSD,1.23212,1.23268,1.23198,1.23254,3646.0,Interval.in_2_hour,44064000.0,long,long,long,long,long,long,long,long,long,long,long,long,long,long,long,long,long,long,short,long,neutral,neutral,long,short,long,long,neutral,long,short,short,short,short,short,short,short,short,short,short,short,short,short,short,short,short,short,short,long,long,long,long,long,long,long,long,long,long,long
1327,2023-05-25 22:00:00,OANDA:GBPUSD,1.23166,1.2322,1.23108,1.23212,5915.0,Interval.in_2_hour,44056800.0,long,long,long,long,long,long,long,long,long,long,long,long,long,long,long,long,long,long,short,long,neutral,neutral,long,short,long,neutral,neutral,short,short,short,short,short,short,short,short,short,short,short,short,short,short,short,short,short,short,long,long,long,long,long,long,long,long,long,long,long,long
1328,2023-05-25 20:00:00,OANDA:GBPUSD,1.23092,1.23334,1.23081,1.23166,8631.0,Interval.in_2_hour,44049600.0,long,long,long,long,long,long,long,long,long,long,long,long,long,long,long,long,long,long,short,long,neutral,neutral,long,short,neutral,neutral,neutral,short,short,short,short,short,short,short,short,short,short,short,short,short,short,short,short,short,short,long,long,long,long,long,long,long,long,long,long,long,long
1329,2023-05-25 18:00:00,OANDA:GBPUSD,1.23346,1.23456,1.23092,1.23092,12593.0,Interval.in_2_hour,44042400.0,long,long,long,long,long,long,long,long,long,long,long,long,long,long,long,long,long,long,short,long,neutral,neutral,long,short,short,short,short,short,short,short,short,short,short,short,short,short,short,short,short,short,short,short,short,short,short,long,long,long,long,long,long,long,long,long,long,long,long
1330,2023-05-25 16:00:00,OANDA:GBPUSD,1.23408,1.23616,1.23273,1.23346,20409.0,Interval.in_2_hour,44035200.0,long,long,long,long,long,long,long,long,long,long,long,long,long,long,long,long,long,long,short,short,neutral,neutral,long,short,short,short,neutral,short,short,short,short,short,short,short,short,short,short,short,short,short,short,short,short,short,short,short,short,short,short,short,short,long,long,long,long,long,short
1331,2023-05-25 14:00:00,OANDA:GBPUSD,1.2357,1.23768,1.23386,1.23408,16399.0,Interval.in_2_hour,44028000.0,short,long,long,long,long,long,long,long,long,long,long,long,long,long,long,long,long,long,short,short,neutral,neutral,long,short,short,neutral,neutral,long,long,short,short,short,short,short,short,short,short,short,short,short,short,short,short,short,short,short,short,short,short,short,short,short,short,long,long,long,long
1332,2023-05-25 12:00:00,OANDA:GBPUSD,1.23679,1.2387,1.23555,1.2357,9042.0,Interval.in_2_hour,44020800.0,long,short,short,short,short,short,short,short,short,long,short,short,short,short,long,long,short,short,short,short,neutral,neutral,long,short,neutral,neutral,neutral,long,long,short,short,short,short,short,short,short,short,short,short,short,short,short,short,short,short,short,short,short,short,short,short,short,short,short,short,short,long
1333,2023-05-25 10:00:00,OANDA:GBPUSD,1.2355,1.23804,1.23333,1.23679,13553.0,Interval.in_2_hour,44013600.0,long,long,short,short,short,short,short,short,short,short,short,short,short,short,short,short,short,short,short,short,neutral,neutral,long,short,long,neutral,neutral,long,short,short,short,short,short,short,short,short,short,short,short,short,short,short,short,short,short,short,short,short,short,short,short,short,short,short,short,short,short
1334,2023-05-25 08:00:00,OANDA:GBPUSD,1.23414,1.23668,1.23384,1.2355,9275.0,Interval.in_2_hour,44006400.0,short,long,long,short,short,short,short,short,short,short,long,long,short,short,short,short,long,long,short,short,short,neutral,long,short,neutral,neutral,neutral,short,short,short,short,short,short,short,short,short,short,short,short,short,short,short,short,short,short,long,long,short,short,short,short,short,short,short,short,short,short
1335,2023-05-25 06:00:00,OANDA:GBPUSD,1.23483,1.23492,1.2332,1.23414,5378.0,Interval.in_2_hour,43999200.0,long,long,long,long,short,long,long,long,long,long,long,long,long,long,long,long,long,long,short,short,neutral,neutral,long,short,short,short,neutral,short,short,short,short,short,short,short,short,short,short,short,short,short,short,short,short,short,short,long,long,long,short,short,short,short,short,short,short,short,short
1336,2023-05-25 04:00:00,OANDA:GBPUSD,1.23641,1.23676,1.23422,1.23483,9086.0,Interval.in_2_hour,43992000.0,short,short,long,long,long,short,short,long,short,short,short,long,long,long,short,short,short,long,short,short,neutral,neutral,long,short,short,neutral,neutral,short,short,short,short,short,short,short,short,short,short,short,short,short,short,short,short,short,short,short,long,long,long,short,short,short,short,short,short,short,short
1337,2023-05-25 02:00:00,OANDA:GBPUSD,1.23682,1.23713,1.2355,1.23641,6446.0,Interval.in_2_hour,43984800.0,short,short,short,short,long,long,short,short,short,short,short,short,short,short,long,short,short,short,short,short,neutral,neutral,long,short,neutral,neutral,neutral,long,short,short,short,short,short,short,short,short,short,short,short,short,short,short,short,short,short,short,short,short,long,short,short,short,short,short,short,short,short
1338,2023-05-25 00:00:00,OANDA:GBPUSD,1.23652,1.23697,1.23588,1.23682,3297.0,Interval.in_2_hour,43977600.0,short,short,short,short,short,long,long,short,short,short,short,short,short,short,short,short,short,short,short,short,neutral,neutral,long,short,long,neutral,neutral,short,short,short,short,short,short,short,short,short,short,short,short,short,short,short,short,short,short,short,short,short,short,short,short,short,short,short,short,short,short
1339,2023-05-24 22:00:00,OANDA:GBPUSD,1.23602,1.23686,1.23591,1.23652,7472.0,Interval.in_2_hour,43970400.0,short,short,short,short,short,short,long,long,short,short,short,short,short,short,short,short,long,short,short,long,neutral,neutral,long,short,neutral,neutral,neutral,short,short,short,short,short,short,short,short,short,short,short,short,short,short,short,short,short,short,long,short,short,short,short,long,short,short,short,short,short,short
1340,2023-05-24 20:00:00,OANDA:GBPUSD,1.23714,1.23778,1.23583,1.23602,11570.0,Interval.in_2_hour,43963200.0,short,short,short,short,short,short,short,long,long,short,short,short,short,short,short,short,short,long,short,long,neutral,neutral,long,short,neutral,neutral,neutral,short,short,short,short,short,short,short,short,short,short,short,short,short,short,short,short,short,short,long,long,long,short,short,short,long,short,short,short,short,short
1341,2023-05-24 18:00:00,OANDA:GBPUSD,1.23674,1.23778,1.23578,1.23714,13541.0,Interval.in_2_hour,43956000.0,short,short,short,short,short,short,short,short,long,long,short,short,short,short,short,short,short,short,short,long,short,short,long,short,neutral,neutral,neutral,short,short,short,short,short,short,short,short,short,short,short,short,short,short,short,short,short,short,short,short,short,short,short,short,short,short,short,short,short,short
1342,2023-05-24 16:00:00,OANDA:GBPUSD,1.24026,1.24154,1.23598,1.23674,18619.0,Interval.in_2_hour,43948800.0,short,short,short,short,short,short,short,short,short,long,long,short,short,short,short,short,short,short,short,long,neutral,neutral,long,short,neutral,neutral,neutral,short,short,short,short,short,short,short,short,short,short,long,short,short,short,short,short,short,short,long,short,short,long,short,short,short,short,long,short,short,short
1343,2023-05-24 14:00:00,OANDA:GBPUSD,1.23754,1.24138,1.23744,1.24026,14360.0,Interval.in_2_hour,43941600.0,short,short,short,short,short,short,short,short,short,short,short,short,short,short,short,short,short,short,short,long,neutral,neutral,long,short,neutral,neutral,neutral,short,short,short,short,short,short,short,short,short,long,short,short,short,short,short,short,short,short,short,short,short,short,short,short,short,short,short,short,short,short
1344,2023-05-24 12:00:00,OANDA:GBPUSD,1.24225,1.24284,1.2364,1.23754,12786.0,Interval.in_2_hour,43934400.0,short,short,short,short,short,short,short,short,short,short,short,long,short,short,short,short,short,short,short,long,neutral,neutral,long,short,short,neutral,neutral,short,short,short,short,short,short,short,short,long,long,short,short,short,short,short,short,short,short,long,short,short,short,short,short,short,short,short,short,short,short
1345,2023-05-24 10:00:00,OANDA:GBPUSD,1.24492,1.24492,1.24024,1.24225,17293.0,Interval.in_2_hour,43927200.0,short,short,short,short,short,short,short,short,short,short,short,short,short,short,short,short,short,short,short,long,long,long,long,short,neutral,neutral,neutral,long,long,long,long,long,long,long,long,long,long,long,short,short,short,short,short,long,long,short,short,short,short,short,short,short,short,short,short,short,short
1346,2023-05-24 08:00:00,OANDA:GBPUSD,1.24346,1.24699,1.24311,1.24492,12552.0,Interval.in_2_hour,43920000.0,short,short,short,short,short,short,short,short,short,short,short,short,short,short,short,short,short,short,short,long,neutral,neutral,long,short,long,neutral,neutral,long,long,long,long,long,long,long,long,long,long,long,long,long,long,long,long,long,long,short,short,short,short,short,short,short,short,short,short,short,short
1347,2023-05-24 06:00:00,OANDA:GBPUSD,1.24198,1.2437,1.2417,1.24346,5494.0,Interval.in_2_hour,43912800.0,short,short,short,short,short,short,short,short,short,short,short,short,short,short,short,short,short,short,short,long,neutral,neutral,long,short,neutral,neutral,neutral,long,long,long,long,long,long,long,long,short,short,short,short,short,short,short,long,short,short,long,short,short,short,short,short,short,short,short,short,short,short
1348,2023-05-24 04:00:00,OANDA:GBPUSD,1.24255,1.2428,1.24154,1.24198,9286.0,Interval.in_2_hour,43905600.0,short,short,short,short,short,short,short,short,short,short,short,short,short,short,short,short,short,short,short,long,neutral,neutral,long,short,neutral,neutral,neutral,long,long,long,long,long,long,long,short,short,short,short,short,short,short,long,short,short,short,long,long,long,short,short,short,short,short,short,short,short,short
1349,2023-05-24 02:00:00,OANDA:GBPUSD,1.24184,1.24296,1.24148,1.24255,4706.0,Interval.in_2_hour,43898400.0,short,short,short,short,short,short,short,short,short,short,short,short,short,short,short,short,short,short,short,long,neutral,neutral,long,short,long,neutral,neutral,long,long,long,long,long,long,short,short,short,short,short,short,short,long,short,short,short,short,short,long,long,short,short,short,short,short,short,short,short,short
1350,2023-05-24 00:00:00,OANDA:GBPUSD,1.24158,1.24202,1.24149,1.24184,1756.0,Interval.in_2_hour,43891200.0,short,short,short,short,short,short,short,short,short,short,short,short,short,short,short,short,short,short,short,long,neutral,neutral,long,short,neutral,neutral,neutral,short,long,long,long,short,short,short,short,short,short,short,short,short,short,short,short,short,short,long,long,long,long,long,short,short,short,short,short,short,short
1351,2023-05-23 22:00:00,OANDA:GBPUSD,1.24182,1.24184,1.2409,1.24158,5338.0,Interval.in_2_hour,43884000.0,short,short,short,short,short,short,short,short,short,short,short,short,short,short,short,short,short,short,short,long,neutral,neutral,long,short,neutral,neutral,neutral,long,long,long,short,short,short,short,short,short,short,short,short,short,short,short,short,short,short,long,long,long,long,long,long,short,short,short,short,short,short
1352,2023-05-23 20:00:00,OANDA:GBPUSD,1.24157,1.24244,1.2412,1.24182,8910.0,Interval.in_2_hour,43876800.0,short,short,short,short,short,short,short,short,short,short,short,short,short,short,short,short,short,short,short,long,neutral,neutral,long,short,neutral,neutral,neutral,long,long,short,short,short,short,short,short,short,short,short,short,short,short,short,short,short,short,short,long,long,long,long,long,long,short,short,short,short,short
1353,2023-05-23 18:00:00,OANDA:GBPUSD,1.24206,1.24291,1.2407,1.24157,11216.0,Interval.in_2_hour,43869600.0,short,short,short,short,short,short,short,short,short,short,short,short,short,short,short,short,short,short,short,long,neutral,neutral,long,short,neutral,neutral,neutral,long,short,short,short,short,short,short,short,short,short,short,short,short,short,short,short,short,short,long,long,long,long,long,long,long,long,short,short,short,short
1354,2023-05-23 16:00:00,OANDA:GBPUSD,1.23792,1.24344,1.2377,1.24206,20170.0,Interval.in_2_hour,43862400.0,short,short,short,short,short,short,short,short,short,short,short,short,short,short,short,short,short,short,short,long,short,neutral,long,short,neutral,neutral,neutral,short,short,short,short,short,short,short,short,short,short,short,short,short,short,short,short,short,short,short,short,short,short,long,short,long,long,long,short,short,short
1355,2023-05-23 14:00:00,OANDA:GBPUSD,1.23852,1.23926,1.23762,1.23792,11527.0,Interval.in_2_hour,43855200.0,short,short,short,short,short,short,short,short,short,short,short,short,short,short,short,short,short,short,short,long,neutral,neutral,long,short,short,short,short,short,short,short,short,short,short,short,short,short,short,short,short,short,short,short,short,short,short,long,long,long,long,long,long,long,long,long,long,short,long
1356,2023-05-23 12:00:00,OANDA:GBPUSD,1.24096,1.24136,1.23732,1.23852,11969.0,Interval.in_2_hour,43848000.0,long,short,short,short,short,short,short,short,short,short,short,short,short,short,short,short,short,short,short,long,neutral,neutral,long,short,short,short,neutral,short,short,short,short,short,short,short,short,short,short,short,short,short,short,short,short,short,short,short,long,long,long,long,long,long,long,long,long,long,short
1357,2023-05-23 10:00:00,OANDA:GBPUSD,1.2434,1.2434,1.23852,1.24096,16618.0,Interval.in_2_hour,43840800.0,short,short,short,short,short,short,short,short,short,short,short,short,short,short,short,short,short,short,short,long,neutral,neutral,long,short,short,neutral,neutral,short,short,short,short,short,long,short,short,short,short,short,short,short,short,short,short,short,short,short,short,long,long,long,long,long,long,long,long,long,long
1358,2023-05-23 08:00:00,OANDA:GBPUSD,1.24364,1.24373,1.2421,1.2434,9741.0,Interval.in_2_hour,43833600.0,short,short,short,short,short,short,short,short,short,short,short,short,short,short,short,short,short,short,short,long,neutral,neutral,long,short,neutral,neutral,neutral,short,short,short,long,long,short,short,short,short,short,short,short,short,short,short,short,short,short,short,short,short,short,short,short,short,short,short,short,long,long
1359,2023-05-23 06:00:00,OANDA:GBPUSD,1.24362,1.24369,1.24278,1.24364,6357.0,Interval.in_2_hour,43826400.0,long,short,short,short,short,short,short,short,short,short,short,short,short,short,short,short,short,short,short,long,neutral,neutral,long,short,neutral,neutral,neutral,short,short,long,long,short,short,short,short,short,short,short,short,short,short,short,short,short,short,short,short,short,short,short,short,short,short,short,short,short,short
1360,2023-05-23 04:00:00,OANDA:GBPUSD,1.24393,1.24396,1.24257,1.24362,9019.0,Interval.in_2_hour,43819200.0,short,long,short,short,short,short,short,short,short,short,short,short,short,short,short,short,short,short,short,long,neutral,neutral,long,short,neutral,neutral,neutral,short,long,long,short,short,short,long,short,short,short,short,short,short,short,short,short,short,long,long,short,short,short,short,short,short,short,short,short,short,short
1361,2023-05-23 02:00:00,OANDA:GBPUSD,1.2437,1.24468,1.24312,1.24393,6091.0,Interval.in_2_hour,43812000.0,short,short,long,short,short,short,short,short,short,short,short,short,short,short,short,short,short,short,short,long,neutral,neutral,long,short,long,neutral,neutral,long,long,short,short,short,long,short,short,short,short,short,short,short,short,short,short,long,long,short,short,short,short,short,short,short,short,short,short,short,short
1362,2023-05-23 00:00:00,OANDA:GBPUSD,1.2437,1.24394,1.2433,1.2437,2458.0,Interval.in_2_hour,43804800.0,short,short,short,long,short,short,short,short,short,short,short,short,short,short,short,short,short,short,short,long,neutral,neutral,long,short,neutral,neutral,neutral,long,short,short,short,neutral,short,short,short,short,short,short,short,short,short,short,long,long,long,long,short,short,short,short,short,short,short,short,short,short,short
1363,2023-05-22 22:00:00,OANDA:GBPUSD,1.2443,1.24438,1.24303,1.2437,4188.0,Interval.in_2_hour,43797600.0,short,short,short,short,long,short,short,short,short,short,short,short,short,short,short,short,short,short,short,long,neutral,neutral,long,short,neutral,neutral,neutral,long,short,short,long,short,short,short,short,short,short,short,short,short,long,long,long,long,long,long,long,short,short,short,short,short,short,short,short,short,short
1364,2023-05-22 20:00:00,OANDA:GBPUSD,1.24207,1.24438,1.242,1.2443,8037.0,Interval.in_2_hour,43790400.0,short,short,short,short,short,long,short,short,short,short,short,short,short,short,short,short,short,short,short,long,short,short,long,short,long,neutral,neutral,short,short,short,short,short,short,short,short,short,short,short,short,short,long,long,long,long,long,short,short,short,short,short,short,short,short,short,short,short,short
1365,2023-05-22 18:00:00,OANDA:GBPUSD,1.2419,1.24292,1.24144,1.24207,10452.0,Interval.in_2_hour,43783200.0,short,short,short,long,short,long,long,long,short,short,short,short,short,short,short,short,short,short,short,long,neutral,neutral,long,short,neutral,neutral,neutral,short,short,short,short,short,short,short,short,short,short,short,short,long,long,long,long,long,long,long,long,long,long,long,long,long,short,short,short,short,short
1366,2023-05-22 16:00:00,OANDA:GBPUSD,1.246,1.246,1.24152,1.2419,18212.0,Interval.in_2_hour,43776000.0,short,short,short,short,long,long,long,long,long,short,short,short,short,short,short,short,short,short,short,long,long,neutral,long,short,neutral,neutral,neutral,long,short,short,short,short,short,short,short,short,short,long,long,long,long,long,long,long,long,long,long,long,long,long,long,long,long,short,short,short,long
1367,2023-05-22 14:00:00,OANDA:GBPUSD,1.24496,1.24712,1.24468,1.246,13824.0,Interval.in_2_hour,43768800.0,short,short,short,short,short,short,short,short,short,short,short,short,short,short,short,short,short,short,short,long,neutral,neutral,long,short,long,long,neutral,long,short,short,short,long,long,short,long,long,long,long,long,long,long,long,long,long,long,short,short,short,short,short,short,short,short,short,short,short,short
1368,2023-05-22 12:00:00,OANDA:GBPUSD,1.24414,1.24652,1.24409,1.24496,10438.0,Interval.in_2_hour,43761600.0,short,short,short,short,short,short,short,short,short,short,short,short,short,short,short,short,short,short,short,long,short,neutral,long,short,long,neutral,neutral,short,short,short,short,short,short,short,long,long,long,long,long,long,long,long,long,long,long,long,short,short,short,short,short,short,short,short,short,short,short
1369,2023-05-22 10:00:00,OANDA:GBPUSD,1.24326,1.24455,1.24138,1.24414,12464.0,Interval.in_2_hour,43754400.0,short,short,short,short,short,short,short,short,short,short,long,short,short,short,short,short,short,short,short,long,neutral,neutral,long,short,neutral,neutral,neutral,short,short,short,short,short,short,short,short,long,long,long,long,long,long,long,long,long,long,long,long,short,short,long,short,short,short,short,short,short,short
1370,2023-05-22 08:00:00,OANDA:GBPUSD,1.24572,1.2458,1.243,1.24326,9391.0,Interval.in_2_hour,43747200.0,short,short,short,short,short,short,short,short,short,short,long,long,short,short,short,short,short,short,short,long,neutral,neutral,long,short,short,short,neutral,short,short,short,short,short,long,long,long,long,long,long,long,long,long,long,long,long,long,long,long,long,short,short,long,long,long,long,long,long,long
1371,2023-05-22 06:00:00,OANDA:GBPUSD,1.24616,1.2465,1.24558,1.24572,6930.0,Interval.in_2_hour,43740000.0,short,short,short,short,short,short,short,short,short,short,short,short,short,short,short,short,short,short,short,long,neutral,neutral,long,short,short,neutral,neutral,long,long,long,long,long,long,long,long,long,long,long,long,long,long,long,long,long,long,short,short,short,long,short,short,short,short,short,short,short,short
1372,2023-05-22 04:00:00,OANDA:GBPUSD,1.24666,1.24725,1.24563,1.24616,10653.0,Interval.in_2_hour,43732800.0,short,short,short,short,short,short,short,short,short,short,short,short,short,short,short,short,short,short,short,long,neutral,neutral,long,short,neutral,neutral,neutral,long,long,long,long,long,long,long,long,long,long,long,long,long,long,long,long,long,long,short,short,short,short,short,short,short,short,short,short,short,short
1373,2023-05-22 02:00:00,OANDA:GBPUSD,1.24518,1.24682,1.24516,1.24666,5241.0,Interval.in_2_hour,43725600.0,short,short,short,short,short,short,short,short,short,short,short,short,short,short,short,short,short,short,short,long,neutral,neutral,long,short,long,neutral,neutral,long,long,long,long,long,long,long,long,long,long,long,long,long,long,long,long,long,long,short,short,short,short,short,short,short,short,short,short,short,short
1374,2023-05-22 00:00:00,OANDA:GBPUSD,1.24452,1.24588,1.24452,1.24518,1669.0,Interval.in_2_hour,43718400.0,short,short,short,short,short,short,short,short,short,short,short,short,short,short,short,short,short,short,short,long,neutral,neutral,long,short,neutral,neutral,neutral,short,long,long,long,long,long,long,long,long,long,long,long,long,long,long,long,short,short,long,long,long,short,short,short,long,short,short,short,short,short
1375,2023-05-19 22:00:00,OANDA:GBPUSD,1.24496,1.24516,1.2436,1.24452,5829.0,Interval.in_2_hour,43538400.0,short,short,short,short,short,short,short,short,short,short,short,short,short,short,short,short,long,short,short,short,long,neutral,long,short,short,neutral,neutral,long,long,long,long,long,long,long,long,long,long,long,long,long,long,long,short,short,short,long,long,long,long,short,short,long,long,short,short,short,short
1376,2023-05-19 20:00:00,OANDA:GBPUSD,1.24665,1.24708,1.24492,1.24496,8972.0,Interval.in_2_hour,43531200.0,short,short,short,short,short,short,short,short,short,short,short,short,short,short,short,short,short,short,short,short,neutral,neutral,long,short,neutral,neutral,neutral,long,long,long,long,long,long,long,long,long,long,long,long,long,long,long,short,short,short,short,long,long,long,long,short,short,long,long,short,short,short
1377,2023-05-19 18:00:00,OANDA:GBPUSD,1.24368,1.24844,1.24292,1.24665,21070.0,Interval.in_2_hour,43524000.0,short,short,short,short,short,short,short,short,short,short,short,short,short,short,short,short,short,short,short,short,short,short,long,short,neutral,neutral,neutral,long,long,long,long,long,long,long,long,long,long,long,long,long,long,short,short,short,short,short,short,short,long,short,short,short,short,short,short,short,short
1378,2023-05-19 16:00:00,OANDA:GBPUSD,1.24485,1.24485,1.24218,1.24368,16450.0,Interval.in_2_hour,43516800.0,short,long,long,long,long,short,short,short,short,short,short,short,short,short,short,short,short,short,short,long,neutral,neutral,long,short,neutral,neutral,neutral,long,long,long,long,long,long,long,long,long,long,long,long,short,short,short,short,short,short,long,long,long,long,long,long,long,short,long,long,long,short
1379,2023-05-19 14:00:00,OANDA:GBPUSD,1.24304,1.24681,1.24266,1.24485,12821.0,Interval.in_2_hour,43509600.0,short,short,short,short,short,short,short,short,short,short,short,short,short,short,short,short,short,short,short,long,neutral,neutral,long,short,long,neutral,neutral,long,long,long,long,long,long,long,long,long,long,long,short,short,short,short,short,short,short,short,long,long,short,long,long,long,long,short,short,long,long
1380,2023-05-19 12:00:00,OANDA:GBPUSD,1.2409,1.24389,1.24089,1.24304,11507.0,Interval.in_2_hour,43502400.0,long,short,short,long,long,long,long,long,long,long,short,short,short,short,short,short,short,short,short,long,neutral,neutral,long,short,neutral,neutral,neutral,long,long,long,long,long,long,long,long,short,short,short,short,short,short,short,short,short,short,long,long,long,long,long,long,long,long,long,long,long,long
1381,2023-05-19 10:00:00,OANDA:GBPUSD,1.24096,1.24254,1.23966,1.2409,12494.0,Interval.in_2_hour,43495200.0,long,long,long,long,long,long,long,long,long,long,long,long,short,short,long,long,long,long,short,long,neutral,neutral,long,short,neutral,neutral,neutral,short,short,short,long,long,long,short,short,short,short,short,short,short,short,short,short,short,short,long,long,long,long,long,long,long,long,long,long,long,long
1382,2023-05-19 08:00:00,OANDA:GBPUSD,1.23968,1.24277,1.23954,1.24096,10015.0,Interval.in_2_hour,43488000.0,long,long,long,long,long,long,long,long,long,long,long,long,long,short,short,long,long,long,short,long,neutral,neutral,long,short,neutral,neutral,neutral,short,short,short,long,long,short,short,short,short,short,short,short,short,short,short,short,short,short,short,long,long,long,long,long,long,long,long,long,long,long
1383,2023-05-19 06:00:00,OANDA:GBPUSD,1.24072,1.24099,1.23942,1.23968,6061.0,Interval.in_2_hour,43480800.0,long,long,long,long,long,long,long,long,long,long,long,long,long,long,short,short,long,long,short,long,neutral,neutral,long,short,short,short,neutral,short,short,long,long,short,short,short,short,short,short,short,short,short,short,short,short,short,short,long,long,long,long,long,long,long,long,long,long,long,long
1384,2023-05-19 04:00:00,OANDA:GBPUSD,1.24134,1.24144,1.23922,1.24072,9973.0,Interval.in_2_hour,43473600.0,long,long,long,long,long,long,long,long,long,long,long,long,long,long,long,short,short,long,short,long,neutral,neutral,long,short,short,neutral,neutral,long,long,long,short,short,short,short,short,short,short,short,short,short,short,short,short,short,short,short,long,long,long,long,long,long,long,long,long,long,long
1385,2023-05-19 02:00:00,OANDA:GBPUSD,1.24136,1.24166,1.24075,1.24134,5877.0,Interval.in_2_hour,43466400.0,long,long,long,long,long,long,long,long,long,long,long,long,long,long,long,short,short,short,short,long,neutral,neutral,long,short,neutral,neutral,neutral,long,long,short,short,short,short,short,short,short,short,short,short,short,short,short,short,short,short,short,short,short,short,long,long,long,long,long,long,long,long
1386,2023-05-19 00:00:00,OANDA:GBPUSD,1.24088,1.24146,1.24044,1.24136,2693.0,Interval.in_2_hour,43459200.0,long,long,long,long,long,long,long,long,long,long,long,long,long,long,long,long,short,short,short,long,neutral,neutral,long,short,long,long,neutral,long,short,short,short,short,short,short,short,short,short,short,short,short,short,short,short,short,short,short,short,short,short,short,long,long,long,long,long,long,long
1387,2023-05-18 22:00:00,OANDA:GBPUSD,1.2403,1.24124,1.24012,1.24088,5146.0,Interval.in_2_hour,43452000.0,long,long,long,long,long,long,long,long,long,long,long,long,long,long,long,long,long,long,short,long,neutral,neutral,long,short,long,neutral,neutral,short,short,short,short,short,short,short,short,short,short,short,short,short,short,short,short,short,short,long,long,short,short,long,long,long,long,long,long,long,long
1388,2023-05-18 20:00:00,OANDA:GBPUSD,1.23958,1.24045,1.23918,1.2403,7513.0,Interval.in_2_hour,43444800.0,long,long,long,long,long,long,long,long,long,long,long,long,long,long,long,long,long,long,short,long,neutral,neutral,long,short,neutral,neutral,neutral,short,short,short,short,short,short,short,short,short,short,short,short,short,short,short,short,short,short,long,long,long,long,short,long,long,long,long,long,long,long
1389,2023-05-18 18:00:00,OANDA:GBPUSD,1.2407,1.24276,1.2395,1.23958,11196.0,Interval.in_2_hour,43437600.0,long,long,long,long,long,long,long,long,long,long,long,long,long,long,long,long,long,long,short,long,neutral,neutral,long,short,short,short,short,short,short,short,short,short,short,short,short,short,short,short,short,short,short,short,short,short,short,long,long,long,long,long,long,long,long,long,long,long,long
1390,2023-05-18 16:00:00,OANDA:GBPUSD,1.24248,1.24378,1.24044,1.2407,16990.0,Interval.in_2_hour,43430400.0,long,long,long,long,long,long,long,long,long,long,long,long,long,long,long,long,long,long,short,long,neutral,neutral,long,short,short,short,short,short,short,short,short,short,short,short,short,short,short,short,short,short,short,short,short,short,short,short,short,long,long,long,long,short,long,long,long,long,long
1391,2023-05-18 14:00:00,OANDA:GBPUSD,1.24336,1.24493,1.24145,1.24248,13057.0,Interval.in_2_hour,43423200.0,long,long,long,long,long,long,long,long,long,long,long,long,short,short,long,long,long,long,short,long,short,short,long,short,short,short,short,short,short,short,short,short,short,short,short,short,short,short,short,short,short,short,short,short,short,short,short,short,short,short,short,short,short,short,short,long,long
1392,2023-05-18 12:00:00,OANDA:GBPUSD,1.24376,1.24448,1.24282,1.24336,9377.0,Interval.in_2_hour,43416000.0,long,long,long,long,long,long,long,long,long,short,long,long,long,short,short,long,long,long,short,long,neutral,neutral,long,short,short,short,short,short,short,short,short,short,short,short,short,short,short,short,short,short,short,short,short,short,short,short,short,short,short,short,short,short,short,short,short,short,short
1393,2023-05-18 10:00:00,OANDA:GBPUSD,1.24598,1.24682,1.2432,1.24376,12816.0,Interval.in_2_hour,43408800.0,short,long,short,long,long,long,long,long,long,long,short,long,long,long,short,short,long,short,short,long,neutral,neutral,long,short,short,short,neutral,short,short,short,short,short,short,short,short,long,long,short,short,short,short,short,short,short,short,short,short,short,short,short,short,short,short,short,short,short,short
1394,2023-05-18 08:00:00,OANDA:GBPUSD,1.24744,1.24769,1.24532,1.24598,9126.0,Interval.in_2_hour,43401600.0,short,short,short,short,long,short,short,short,long,long,short,short,short,short,long,short,short,short,short,long,neutral,neutral,long,short,short,neutral,neutral,short,short,short,short,short,short,long,long,long,long,short,short,short,short,short,short,short,short,short,short,short,short,short,short,short,short,short,short,short,short
1395,2023-05-18 06:00:00,OANDA:GBPUSD,1.2488,1.24896,1.24726,1.24744,5473.0,Interval.in_2_hour,43394400.0,short,short,short,short,short,short,short,short,short,short,short,short,short,short,short,short,short,short,short,long,long,neutral,long,short,neutral,neutral,neutral,short,short,short,short,long,long,long,long,long,short,short,short,short,short,short,short,short,short,short,short,short,short,short,short,short,short,short,short,short,short
1396,2023-05-18 04:00:00,OANDA:GBPUSD,1.24844,1.2493,1.24802,1.2488,9284.0,Interval.in_2_hour,43387200.0,short,short,short,short,short,short,short,short,short,short,short,short,short,short,short,short,short,short,short,long,short,neutral,long,short,neutral,neutral,neutral,long,short,long,long,long,long,long,long,long,short,long,long,long,long,short,short,short,short,short,short,short,short,short,short,short,short,short,short,short,short
1397,2023-05-18 02:00:00,OANDA:GBPUSD,1.24878,1.24878,1.24783,1.24844,6227.0,Interval.in_2_hour,43380000.0,short,short,short,short,short,short,short,short,short,short,short,short,short,short,short,short,short,short,short,long,neutral,neutral,long,short,neutral,neutral,neutral,short,long,long,long,long,long,long,long,short,long,long,long,long,short,short,short,short,short,long,short,short,short,short,short,short,short,short,short,short,short
1398,2023-05-18 00:00:00,OANDA:GBPUSD,1.24862,1.24917,1.24862,1.24878,2132.0,Interval.in_2_hour,43372800.0,short,short,short,short,short,short,short,short,short,short,short,short,short,short,short,short,short,short,short,long,neutral,neutral,long,short,long,neutral,neutral,long,long,long,long,long,long,long,short,long,long,long,long,short,short,short,short,short,short,short,long,short,short,short,short,short,short,short,short,short,short
1399,2023-05-17 22:00:00,OANDA:GBPUSD,1.24836,1.24936,1.24836,1.24862,4809.0,Interval.in_2_hour,43365600.0,short,short,short,short,short,short,short,short,short,short,short,short,short,short,short,short,short,short,short,long,neutral,neutral,long,short,neutral,neutral,neutral,long,long,long,long,long,long,short,short,long,short,short,short,short,short,short,short,short,short,long,short,long,short,short,short,short,short,short,short,short,short
1400,2023-05-17 20:00:00,OANDA:GBPUSD,1.25044,1.25106,1.2483,1.24836,8915.0,Interval.in_2_hour,43358400.0,short,short,short,short,short,short,short,short,short,short,short,short,short,short,short,short,short,short,short,long,long,long,long,short,neutral,neutral,neutral,long,long,long,long,long,long,long,long,long,long,long,short,short,short,short,short,short,short,long,long,long,long,short,short,short,short,short,short,short,short
1401,2023-05-17 18:00:00,OANDA:GBPUSD,1.24658,1.25078,1.2464,1.25044,11648.0,Interval.in_2_hour,43351200.0,short,short,short,short,short,short,short,short,short,short,short,short,short,short,short,short,short,short,short,long,neutral,neutral,long,short,neutral,neutral,neutral,long,long,long,long,short,short,long,neutral,short,short,short,short,short,short,short,short,short,short,short,short,short,short,short,short,short,short,short,short,short,short
1402,2023-05-17 16:00:00,OANDA:GBPUSD,1.24694,1.24864,1.24442,1.24658,17107.0,Interval.in_2_hour,43344000.0,short,short,short,short,short,short,short,short,short,short,short,short,long,short,short,short,long,short,short,long,neutral,neutral,long,short,neutral,neutral,neutral,long,long,short,short,short,short,short,short,short,short,short,short,short,short,short,short,short,short,long,long,long,long,long,long,long,short,short,short,short,short
1403,2023-05-17 14:00:00,OANDA:GBPUSD,1.24482,1.24778,1.2445,1.24694,12010.0,Interval.in_2_hour,43336800.0,short,short,short,short,short,short,short,short,short,short,short,short,short,short,short,short,short,short,short,long,short,neutral,long,short,long,neutral,neutral,short,short,short,short,short,short,short,short,short,short,short,short,short,short,short,short,short,short,short,long,long,long,long,long,long,long,short,short,short,short
1404,2023-05-17 12:00:00,OANDA:GBPUSD,1.24275,1.24492,1.24224,1.24482,9479.0,Interval.in_2_hour,43329600.0,short,short,short,short,short,short,short,short,short,short,short,short,long,short,long,long,short,long,short,long,neutral,neutral,long,short,neutral,neutral,neutral,short,short,short,short,short,short,short,short,short,short,short,short,short,short,short,short,short,short,long,long,long,long,long,long,long,long,long,long,short,short
1405,2023-05-17 10:00:00,OANDA:GBPUSD,1.24538,1.24704,1.24218,1.24275,13972.0,Interval.in_2_hour,43322400.0,long,short,short,short,short,short,short,short,short,short,short,short,long,long,long,long,long,long,long,long,neutral,neutral,long,short,short,short,neutral,short,short,short,short,short,short,short,short,short,short,short,short,short,short,short,short,short,short,long,long,long,long,long,long,long,long,long,long,long,long
1406,2023-05-17 08:00:00,OANDA:GBPUSD,1.24785,1.24798,1.24506,1.24538,8868.0,Interval.in_2_hour,43315200.0,short,short,short,short,short,short,short,short,short,short,short,short,short,short,short,short,long,short,short,long,neutral,neutral,long,short,short,neutral,neutral,short,short,short,short,short,short,short,short,short,short,short,short,short,short,short,short,short,short,short,short,long,long,long,long,long,long,long,long,long,long
1407,2023-05-17 06:00:00,OANDA:GBPUSD,1.24904,1.24916,1.24774,1.24785,5060.0,Interval.in_2_hour,43308000.0,short,short,short,short,short,short,short,short,short,short,short,short,short,short,short,short,short,short,short,long,neutral,neutral,long,short,neutral,neutral,neutral,long,short,short,short,short,short,short,short,short,short,short,short,short,short,short,short,short,short,short,short,short,short,short,long,long,long,long,long,long,short
1408,2023-05-17 04:00:00,OANDA:GBPUSD,1.24862,1.24938,1.2477,1.24904,8973.0,Interval.in_2_hour,43300800.0,short,short,short,short,short,short,short,short,short,short,short,short,short,short,short,short,short,short,short,long,neutral,neutral,long,short,long,neutral,neutral,long,long,short,short,short,short,short,short,short,short,short,short,short,short,short,short,short,short,short,short,short,short,short,short,long,short,short,short,short,short
1409,2023-05-17 02:00:00,OANDA:GBPUSD,1.24842,1.24905,1.24798,1.24862,5063.0,Interval.in_2_hour,43293600.0,long,short,short,short,short,short,short,short,short,short,short,short,short,short,short,short,short,short,short,long,neutral,neutral,long,short,neutral,neutral,neutral,short,short,short,short,short,short,short,short,short,short,short,short,short,short,short,short,short,long,long,short,short,short,short,short,short,long,short,long,long,short
1410,2023-05-17 00:00:00,OANDA:GBPUSD,1.24844,1.24874,1.24814,1.24842,1174.0,Interval.in_2_hour,43286400.0,long,long,short,short,short,short,short,short,short,short,short,short,short,short,short,short,short,short,short,long,neutral,neutral,long,short,short,neutral,neutral,short,short,short,short,short,short,short,short,short,short,short,short,short,short,short,short,long,long,long,long,short,short,short,short,short,short,long,short,long,long
1411,2023-05-16 22:00:00,OANDA:GBPUSD,1.24858,1.24888,1.24772,1.24844,4456.0,Interval.in_2_hour,43279200.0,long,long,long,short,short,short,short,short,short,short,short,short,short,short,short,short,short,short,short,long,neutral,neutral,long,short,neutral,neutral,neutral,short,short,short,short,short,short,short,short,short,short,short,short,short,short,short,long,long,long,short,long,long,short,short,short,short,short,short,long,short,long
1412,2023-05-16 20:00:00,OANDA:GBPUSD,1.24853,1.24906,1.24798,1.24858,6942.0,Interval.in_2_hour,43272000.0,long,long,short,long,short,short,short,short,short,short,short,short,short,short,short,short,short,short,short,long,neutral,neutral,long,short,neutral,neutral,neutral,short,short,short,short,short,short,short,short,short,short,short,short,short,short,long,long,long,long,short,short,long,long,short,short,short,short,short,short,long,short
1413,2023-05-16 18:00:00,OANDA:GBPUSD,1.24962,1.24986,1.24768,1.24853,12040.0,Interval.in_2_hour,43264800.0,short,long,long,short,long,short,short,short,short,short,short,short,short,short,short,short,short,short,short,long,neutral,neutral,long,short,short,short,neutral,short,short,short,short,short,short,short,short,short,short,short,short,short,long,long,long,long,long,long,short,short,long,long,short,short,short,short,short,short,long
1414,2023-05-16 16:00:00,OANDA:GBPUSD,1.25136,1.25365,1.24898,1.24962,17730.0,Interval.in_2_hour,43257600.0,long,short,short,short,short,short,short,short,short,short,short,short,short,short,short,short,short,short,short,long,short,short,long,short,short,neutral,neutral,long,long,short,short,short,short,short,short,short,short,short,long,long,long,long,long,long,long,short,short,short,short,short,short,short,short,short,short,short,short
1415,2023-05-16 14:00:00,OANDA:GBPUSD,1.25334,1.25431,1.24953,1.25136,12497.0,Interval.in_2_hour,43250400.0,short,short,short,short,short,short,short,short,short,short,short,short,short,short,short,short,short,short,short,long,neutral,neutral,long,short,neutral,neutral,neutral,long,short,short,short,short,short,short,long,long,long,long,long,long,long,long,long,long,long,short,short,short,short,short,short,short,short,short,short,short,short
1416,2023-05-16 12:00:00,OANDA:GBPUSD,1.2522,1.25467,1.2521,1.25334,8107.0,Interval.in_2_hour,43243200.0,short,short,short,short,short,short,short,short,short,short,short,short,short,short,short,short,short,short,short,long,neutral,neutral,long,short,long,neutral,neutral,short,short,short,short,short,short,long,long,long,long,long,long,long,long,long,long,long,long,short,short,short,short,short,short,short,short,short,short,short,short
1417,2023-05-16 10:00:00,OANDA:GBPUSD,1.24804,1.2533,1.24804,1.2522,12835.0,Interval.in_2_hour,43236000.0,short,short,short,short,short,short,short,short,short,short,short,short,short,short,short,short,short,short,short,long,neutral,neutral,long,short,neutral,neutral,neutral,short,short,short,short,short,short,short,short,long,long,long,long,long,long,long,long,long,long,long,short,short,short,short,short,short,short,short,short,short,short
1418,2023-05-16 08:00:00,OANDA:GBPUSD,1.2527,1.2527,1.24653,1.24804,10889.0,Interval.in_2_hour,43228800.0,short,short,short,short,long,long,long,long,long,long,short,short,short,short,short,short,short,short,short,long,long,long,long,short,short,short,neutral,short,short,short,short,short,short,short,long,long,long,long,long,long,long,long,long,long,long,long,long,long,long,long,long,long,long,long,long,short,short
1419,2023-05-16 06:00:00,OANDA:GBPUSD,1.25303,1.25324,1.25238,1.2527,4650.0,Interval.in_2_hour,43221600.0,short,short,short,short,short,short,short,short,short,short,short,short,short,short,short,short,short,short,short,long,neutral,neutral,long,short,short,neutral,neutral,long,long,short,long,long,long,long,long,long,long,long,long,long,long,long,long,long,long,short,short,long,short,short,short,short,short,short,short,short,short
1420,2023-05-16 04:00:00,OANDA:GBPUSD,1.25306,1.25308,1.25147,1.25303,6690.0,Interval.in_2_hour,43214400.0,short,short,short,short,short,short,short,short,short,short,short,short,short,short,short,short,short,short,short,long,neutral,neutral,long,short,neutral,neutral,neutral,long,short,long,long,long,long,long,long,long,long,long,long,long,long,long,long,long,short,short,short,short,long,short,short,short,short,short,short,short,short
1421,2023-05-16 02:00:00,OANDA:GBPUSD,1.25289,1.25312,1.2524,1.25306,3887.0,Interval.in_2_hour,43207200.0,short,short,short,short,short,short,short,short,short,short,short,short,short,short,short,short,short,short,short,long,neutral,neutral,long,short,long,neutral,neutral,short,long,long,long,long,long,long,long,long,long,long,long,long,long,long,long,short,long,short,short,short,short,long,short,short,short,short,short,short,short
1422,2023-05-16 00:00:00,OANDA:GBPUSD,1.25279,1.2532,1.25222,1.25289,1204.0,Interval.in_2_hour,43200000.0,short,short,short,short,short,short,short,short,short,short,short,short,short,short,short,short,short,short,short,long,long,long,long,short,neutral,neutral,neutral,long,long,long,long,long,long,long,long,long,long,long,long,long,long,long,short,short,long,long,long,short,short,short,long,short,short,short,short,short,short
1423,2023-05-15 22:00:00,OANDA:GBPUSD,1.2529,1.25324,1.25254,1.25279,3479.0,Interval.in_2_hour,43192800.0,short,short,short,short,short,short,short,short,short,short,short,short,short,short,short,short,short,short,short,short,neutral,neutral,long,short,short,neutral,neutral,long,long,long,long,long,long,long,long,long,long,long,long,long,long,short,short,long,long,long,long,long,short,short,short,long,short,short,short,short,short
1424,2023-05-15 20:00:00,OANDA:GBPUSD,1.25334,1.25348,1.25248,1.2529,5800.0,Interval.in_2_hour,43185600.0,short,short,short,short,short,short,short,short,short,short,short,short,short,short,short,short,short,short,short,short,neutral,neutral,long,short,neutral,neutral,neutral,long,long,long,long,long,long,long,long,long,long,long,long,long,short,long,long,long,long,short,short,long,long,short,short,short,long,short,short,short,short
1425,2023-05-15 18:00:00,OANDA:GBPUSD,1.25094,1.25334,1.25089,1.25334,8280.0,Interval.in_2_hour,43178400.0,short,short,short,short,short,short,short,short,short,short,short,short,short,short,short,short,short,short,short,short,neutral,neutral,long,short,long,long,long,long,long,long,long,long,long,long,long,long,long,long,long,short,short,short,long,long,long,short,short,short,short,short,short,short,short,long,short,short,short
1426,2023-05-15 16:00:00,OANDA:GBPUSD,1.25076,1.25214,1.25036,1.25094,12948.0,Interval.in_2_hour,43171200.0,short,short,short,short,short,short,short,short,short,short,short,short,short,short,short,short,short,short,short,long,neutral,neutral,long,short,long,long,long,long,long,long,long,long,long,long,long,long,long,short,short,short,short,short,short,short,short,long,long,long,long,long,long,long,short,long,long,long,short
1427,2023-05-15 14:00:00,OANDA:GBPUSD,1.25068,1.2521,1.25019,1.25076,11536.0,Interval.in_2_hour,43164000.0,short,short,short,short,short,short,short,short,short,short,short,short,short,short,short,short,short,short,short,long,neutral,neutral,long,short,long,long,long,long,long,long,long,long,long,long,long,long,short,short,short,short,short,short,short,short,short,long,long,long,long,long,long,long,long,short,long,long,long
1428,2023-05-15 12:00:00,OANDA:GBPUSD,1.24887,1.25081,1.24766,1.25068,8167.0,Interval.in_2_hour,43156800.0,long,short,short,short,short,short,short,short,short,short,short,short,short,short,short,short,short,short,short,long,neutral,neutral,long,short,long,long,long,long,long,long,long,long,long,long,long,short,short,short,short,short,short,short,short,short,short,long,long,long,long,long,long,long,long,long,short,long,long
1429,2023-05-15 10:00:00,OANDA:GBPUSD,1.24732,1.24913,1.24728,1.24887,10017.0,Interval.in_2_hour,43149600.0,long,long,long,short,short,short,short,short,long,short,short,short,short,short,short,long,short,short,short,long,neutral,neutral,long,short,long,long,long,long,long,long,long,long,long,short,short,short,short,short,short,short,short,short,short,short,short,long,long,long,long,long,long,long,long,long,long,short,long
1430,2023-05-15 08:00:00,OANDA:GBPUSD,1.24628,1.2479,1.24621,1.24732,8216.0,Interval.in_2_hour,43142400.0,long,long,long,long,long,long,long,long,long,long,long,short,short,short,short,short,long,long,short,long,neutral,neutral,long,short,long,long,long,long,long,long,long,long,short,short,short,short,short,short,short,short,short,short,short,short,short,long,long,long,long,long,long,long,long,long,long,long,long
1431,2023-05-15 06:00:00,OANDA:GBPUSD,1.24528,1.24633,1.24518,1.24628,5078.0,Interval.in_2_hour,43135200.0,long,long,long,long,long,long,long,long,long,long,long,long,short,short,short,long,long,long,short,long,neutral,neutral,long,short,long,long,long,long,long,long,short,short,short,short,short,short,short,short,short,short,short,short,short,short,short,long,long,long,long,long,long,long,long,long,long,long,long
1432,2023-05-15 04:00:00,OANDA:GBPUSD,1.24506,1.24666,1.24504,1.24528,8128.0,Interval.in_2_hour,43128000.0,long,long,long,long,long,long,long,long,long,long,long,long,long,long,short,short,long,long,short,long,neutral,neutral,long,short,long,long,long,long,long,short,short,short,short,short,short,short,short,short,short,short,short,short,short,short,short,long,long,long,long,long,long,long,long,long,long,long,long
1433,2023-05-15 02:00:00,OANDA:GBPUSD,1.24488,1.24542,1.24454,1.24506,5900.0,Interval.in_2_hour,43120800.0,long,long,long,long,long,long,long,long,long,long,long,long,long,long,long,short,short,long,short,long,neutral,neutral,long,short,long,long,neutral,short,short,short,short,short,short,short,short,short,short,short,short,short,short,short,short,short,short,long,long,long,long,long,long,long,long,long,long,long,long
1434,2023-05-15 00:00:00,OANDA:GBPUSD,1.24482,1.24602,1.2445,1.24488,2761.0,Interval.in_2_hour,43113600.0,long,long,long,long,long,long,long,long,long,long,long,long,long,long,long,long,short,short,short,long,neutral,neutral,long,short,long,neutral,neutral,short,short,short,short,short,short,short,short,short,short,short,short,short,short,short,short,short,short,long,long,long,long,long,long,long,long,long,long,long,long
1435,2023-05-12 22:00:00,OANDA:GBPUSD,1.24482,1.24523,1.24456,1.24482,4876.0,Interval.in_2_hour,42933600.0,long,long,long,long,long,long,long,long,long,long,long,long,long,long,long,long,long,short,short,long,neutral,neutral,long,short,neutral,neutral,neutral,short,short,short,short,short,short,short,short,short,short,short,short,short,short,short,short,short,short,long,long,long,long,long,long,long,long,long,long,long,long
1436,2023-05-12 20:00:00,OANDA:GBPUSD,1.24517,1.24592,1.24449,1.24482,6384.0,Interval.in_2_hour,42926400.0,long,long,long,long,long,long,long,long,long,long,long,long,long,long,long,long,long,long,long,long,neutral,neutral,long,short,short,short,short,short,short,short,short,short,short,short,short,short,short,short,short,short,short,short,short,short,short,long,long,long,long,long,long,long,long,long,long,long,long
1437,2023-05-12 18:00:00,OANDA:GBPUSD,1.24704,1.24788,1.2449,1.24517,10335.0,Interval.in_2_hour,42919200.0,long,long,long,long,long,long,long,long,long,long,long,long,long,long,long,long,long,long,long,long,neutral,neutral,long,short,short,short,neutral,short,short,short,short,short,short,short,short,short,short,short,short,short,short,short,short,short,short,short,short,short,short,long,long,long,long,long,long,long,long
1438,2023-05-12 16:00:00,OANDA:GBPUSD,1.25058,1.252,1.24694,1.24704,18469.0,Interval.in_2_hour,42912000.0,long,long,long,long,long,long,long,long,long,long,long,long,long,long,long,long,long,long,short,long,short,short,long,short,short,neutral,neutral,short,short,short,short,short,short,short,short,short,short,short,short,short,short,short,short,short,short,short,short,short,short,short,short,short,long,long,long,long,long
1439,2023-05-12 14:00:00,OANDA:GBPUSD,1.25344,1.2539,1.24918,1.25058,11162.0,Interval.in_2_hour,42904800.0,long,long,long,long,long,long,long,long,short,long,long,long,short,short,short,short,short,short,short,long,neutral,neutral,long,short,neutral,neutral,neutral,short,long,long,long,long,long,long,long,short,short,short,short,short,short,short,short,short,short,short,short,short,short,short,short,short,short,short,short,long,long
1440,2023-05-12 12:00:00,OANDA:GBPUSD,1.25324,1.2541,1.25145,1.25344,9544.0,Interval.in_2_hour,42897600.0,short,short,short,short,short,short,short,short,short,short,short,short,short,short,short,short,short,short,short,long,neutral,neutral,long,short,long,long,long,long,long,long,long,long,long,long,short,short,short,short,short,short,short,short,short,short,short,short,short,short,short,short,short,short,short,short,short,short,short
1441,2023-05-12 10:00:00,OANDA:GBPUSD,1.2527,1.25408,1.25132,1.25324,13083.0,Interval.in_2_hour,42890400.0,short,short,short,long,short,short,short,short,short,short,short,short,long,short,short,short,short,short,short,long,neutral,neutral,long,short,long,long,neutral,long,long,long,long,long,long,short,short,short,short,short,short,short,short,short,short,short,short,long,short,short,short,short,short,short,short,short,short,short,short
1442,2023-05-12 08:00:00,OANDA:GBPUSD,1.2525,1.25338,1.25065,1.2527,9773.0,Interval.in_2_hour,42883200.0,short,short,short,short,long,long,long,long,long,long,long,short,short,long,short,short,short,short,short,long,neutral,neutral,long,short,long,neutral,neutral,long,long,long,long,long,short,short,short,short,short,short,short,short,short,short,short,short,short,long,long,short,short,short,short,short,short,short,short,short,short
1443,2023-05-12 06:00:00,OANDA:GBPUSD,1.2511,1.2527,1.25084,1.2525,5804.0,Interval.in_2_hour,42876000.0,short,short,short,short,short,long,long,long,long,long,long,long,short,short,long,short,short,short,short,long,short,short,long,short,neutral,neutral,neutral,long,long,long,short,short,short,short,short,short,short,short,short,short,short,short,short,short,short,long,long,long,short,short,short,short,short,short,short,short,short
1444,2023-05-12 04:00:00,OANDA:GBPUSD,1.2518,1.25183,1.25106,1.2511,7458.0,Interval.in_2_hour,42868800.0,short,short,short,short,short,short,long,long,long,long,long,long,long,short,long,long,long,short,short,long,neutral,neutral,long,short,neutral,neutral,neutral,long,long,short,short,short,short,short,short,short,short,short,short,short,short,short,short,short,short,long,long,long,long,short,short,short,short,short,short,short,short
1445,2023-05-12 02:00:00,OANDA:GBPUSD,1.25128,1.25181,1.25072,1.2518,4883.0,Interval.in_2_hour,42861600.0,short,short,short,short,short,short,short,long,long,long,long,long,long,long,short,long,long,short,long,long,neutral,neutral,long,short,long,long,neutral,long,short,short,short,short,short,short,short,short,short,short,short,short,short,short,short,short,short,short,long,long,long,long,short,short,short,short,short,short,short
1446,2023-05-12 00:00:00,OANDA:GBPUSD,1.25122,1.2516,1.25104,1.25128,1777.0,Interval.in_2_hour,42854400.0,short,short,short,short,short,short,short,short,long,long,long,long,long,long,long,short,long,long,long,long,neutral,neutral,long,short,long,neutral,neutral,short,short,short,short,short,short,short,short,short,short,short,short,short,short,short,short,short,short,long,short,long,long,long,long,short,short,short,short,short,short
1447,2023-05-11 22:00:00,OANDA:GBPUSD,1.2512,1.25171,1.25102,1.25122,3958.0,Interval.in_2_hour,42847200.0,short,short,short,short,short,short,short,short,short,long,long,long,long,long,long,long,short,long,long,long,neutral,neutral,long,short,neutral,neutral,neutral,short,short,short,short,short,short,short,short,short,short,short,short,short,short,short,short,short,short,long,long,short,long,long,long,long,short,short,short,short,short
1448,2023-05-11 20:00:00,OANDA:GBPUSD,1.25129,1.25154,1.2505,1.2512,7504.0,Interval.in_2_hour,42840000.0,short,short,short,short,short,short,short,short,short,short,long,long,long,long,long,long,long,short,long,long,neutral,neutral,long,short,short,short,neutral,short,short,short,short,short,short,short,short,short,short,short,short,short,short,short,short,short,short,long,long,long,short,long,long,long,long,short,short,short,short
1449,2023-05-11 18:00:00,OANDA:GBPUSD,1.2524,1.25251,1.24968,1.25129,10993.0,Interval.in_2_hour,42832800.0,short,short,short,short,short,short,short,short,short,short,short,long,long,long,long,long,long,long,long,long,neutral,neutral,long,short,short,neutral,neutral,short,short,short,short,short,short,short,short,short,short,short,short,short,short,short,short,short,short,short,short,short,long,short,long,long,long,long,short,short,short
1450,2023-05-11 16:00:00,OANDA:GBPUSD,1.25858,1.25858,1.2502,1.2524,22724.0,Interval.in_2_hour,42825600.0,short,short,short,short,short,short,short,short,short,short,short,short,long,long,long,long,long,long,long,long,neutral,neutral,long,short,neutral,neutral,neutral,short,short,short,short,short,short,short,short,short,short,short,short,short,short,short,short,short,short,short,short,short,short,short,short,long,long,long,long,short,short
1451,2023-05-11 14:00:00,OANDA:GBPUSD,1.25735,1.26164,1.25732,1.25858,24472.0,Interval.in_2_hour,42818400.0,short,short,short,short,short,short,short,short,short,short,short,short,short,short,short,short,short,short,short,long,short,neutral,long,short,neutral,neutral,neutral,short,short,short,short,short,short,short,short,short,short,short,short,short,short,short,short,short,short,short,short,short,short,short,short,short,short,short,short,short,short
1452,2023-05-11 12:00:00,OANDA:GBPUSD,1.25834,1.25926,1.25682,1.25735,10764.0,Interval.in_2_hour,42811200.0,short,short,short,short,short,short,short,short,short,short,short,short,short,short,short,short,short,short,short,long,neutral,neutral,long,short,short,short,short,short,short,short,short,short,short,short,short,short,short,short,short,short,short,short,short,short,short,long,short,short,short,short,short,short,short,short,short,short,short
1453,2023-05-11 10:00:00,OANDA:GBPUSD,1.25902,1.25966,1.25654,1.25834,16243.0,Interval.in_2_hour,42804000.0,short,short,short,short,short,short,short,short,short,short,short,short,short,short,short,short,short,short,short,short,neutral,neutral,long,short,short,short,short,short,short,short,short,short,short,short,short,short,short,short,short,short,short,short,short,short,short,short,long,short,short,short,short,short,short,short,short,short,short
1454,2023-05-11 08:00:00,OANDA:GBPUSD,1.2618,1.26252,1.25899,1.25902,10433.0,Interval.in_2_hour,42796800.0,short,short,short,short,short,short,short,short,short,short,short,short,short,short,short,short,short,short,short,short,neutral,neutral,long,short,short,short,neutral,short,short,short,short,short,short,short,short,short,short,short,short,short,short,short,short,short,long,short,short,short,short,short,short,short,short,short,short,short,short
1455,2023-05-11 06:00:00,OANDA:GBPUSD,1.26218,1.26252,1.26136,1.2618,5638.0,Interval.in_2_hour,42789600.0,short,short,short,short,short,short,short,short,short,short,short,short,short,short,short,short,short,short,short,short,neutral,neutral,long,short,short,neutral,neutral,short,short,short,long,short,short,long,short,short,short,short,short,short,short,long,long,long,long,short,short,short,short,short,short,short,short,short,short,short,short
1456,2023-05-11 04:00:00,OANDA:GBPUSD,1.26372,1.2641,1.26209,1.26218,8430.0,Interval.in_2_hour,42782400.0,short,short,short,short,short,short,short,short,short,short,short,short,short,short,short,short,short,short,short,short,neutral,neutral,long,short,neutral,neutral,neutral,long,long,long,short,short,long,long,long,long,long,long,long,long,long,long,long,long,long,short,short,short,short,short,short,short,short,short,short,short,short
1457,2023-05-11 02:00:00,OANDA:GBPUSD,1.26276,1.26373,1.26253,1.26372,5745.0,Interval.in_2_hour,42775200.0,short,short,short,short,short,short,short,short,short,short,short,short,short,short,short,short,short,short,short,short,neutral,neutral,long,short,long,long,long,long,long,short,short,long,long,long,long,long,long,long,long,long,long,long,long,long,long,short,short,short,short,short,short,short,short,short,short,short,short
1458,2023-05-11 00:00:00,OANDA:GBPUSD,1.26258,1.26302,1.26236,1.26276,1960.0,Interval.in_2_hour,42768000.0,short,short,short,short,short,short,short,short,short,short,short,short,short,short,short,short,short,short,short,short,neutral,neutral,long,short,long,long,long,long,short,short,long,long,long,long,short,long,long,long,long,long,long,long,long,long,long,long,short,short,short,short,short,short,short,short,short,short,short
1459,2023-05-10 22:00:00,OANDA:GBPUSD,1.26228,1.26313,1.26208,1.26258,4906.0,Interval.in_2_hour,42760800.0,short,short,short,short,short,short,short,short,short,short,short,short,short,short,short,short,short,short,short,short,neutral,neutral,long,short,long,long,neutral,short,short,long,long,long,short,short,short,long,long,long,long,long,long,long,long,long,long,long,long,short,short,short,short,short,short,short,short,short,short
1460,2023-05-10 20:00:00,OANDA:GBPUSD,1.26202,1.26304,1.26066,1.26228,10593.0,Interval.in_2_hour,42753600.0,short,short,short,short,short,short,short,short,short,short,short,short,short,short,short,short,short,short,short,short,neutral,neutral,long,short,long,neutral,neutral,short,long,short,short,short,short,short,short,short,long,long,long,long,long,short,short,long,long,long,long,long,short,short,short,short,short,short,short,short,short
1461,2023-05-10 18:00:00,OANDA:GBPUSD,1.26182,1.26268,1.2609,1.26202,9263.0,Interval.in_2_hour,42746400.0,short,short,short,short,short,short,short,short,short,short,short,short,short,short,short,short,short,short,short,short,neutral,neutral,long,short,neutral,neutral,neutral,long,short,short,short,short,short,short,short,long,long,long,long,long,short,short,long,long,long,long,long,long,long,long,short,short,short,short,short,short,short
1462,2023-05-10 16:00:00,OANDA:GBPUSD,1.26736,1.26779,1.26074,1.26182,20631.0,Interval.in_2_hour,42739200.0,short,short,short,short,short,short,short,short,short,short,short,short,short,short,short,short,short,short,short,short,long,long,long,short,neutral,neutral,neutral,long,long,long,long,long,long,long,long,long,long,long,long,long,long,long,long,long,long,long,long,long,long,long,long,short,short,short,short,short,short
1463,2023-05-10 14:00:00,OANDA:GBPUSD,1.26104,1.268,1.26024,1.26736,16180.0,Interval.in_2_hour,42732000.0,short,short,short,short,short,short,short,short,short,short,short,short,short,short,short,short,short,short,short,short,neutral,neutral,long,short,neutral,neutral,neutral,long,long,long,long,long,long,long,long,long,long,long,long,long,long,long,long,long,long,short,short,short,short,short,short,short,short,short,short,short,short
1464,2023-05-10 12:00:00,OANDA:GBPUSD,1.26227,1.26282,1.26098,1.26104,7725.0,Interval.in_2_hour,42724800.0,short,short,short,short,short,short,short,short,short,short,short,short,short,short,short,short,short,short,short,long,neutral,neutral,long,short,short,neutral,neutral,short,short,short,short,short,short,long,long,long,long,short,short,long,long,long,short,short,short,long,long,long,long,long,long,long,long,long,short,short,short
1465,2023-05-10 10:00:00,OANDA:GBPUSD,1.26258,1.26447,1.26138,1.26227,12251.0,Interval.in_2_hour,42717600.0,short,short,short,short,short,short,short,short,short,short,short,short,short,short,short,short,short,short,short,long,neutral,neutral,long,short,neutral,neutral,neutral,short,short,long,long,long,long,long,long,long,long,long,long,long,long,long,long,short,short,short,long,short,short,long,long,long,long,short,short,short,short
1466,2023-05-10 08:00:00,OANDA:GBPUSD,1.26216,1.26321,1.26114,1.26258,8493.0,Interval.in_2_hour,42710400.0,short,short,short,short,short,short,short,short,short,short,short,short,short,short,short,short,short,short,short,long,neutral,neutral,long,short,neutral,neutral,neutral,short,long,long,long,long,long,long,long,long,short,long,long,long,long,long,short,short,short,short,short,long,short,short,short,long,long,long,short,short,short
1467,2023-05-10 06:00:00,OANDA:GBPUSD,1.26277,1.26316,1.26209,1.26216,4320.0,Interval.in_2_hour,42703200.0,short,short,short,short,short,short,short,short,short,short,short,short,short,short,short,short,short,short,short,long,neutral,neutral,long,short,short,neutral,neutral,long,long,long,long,long,long,long,long,long,long,long,long,long,long,short,short,short,short,long,long,short,long,short,short,long,long,long,long,long,short
1468,2023-05-10 04:00:00,OANDA:GBPUSD,1.26286,1.2635,1.26255,1.26277,6985.0,Interval.in_2_hour,42696000.0,short,short,short,short,short,short,short,short,short,short,short,short,short,short,short,short,short,short,short,long,neutral,neutral,long,short,neutral,neutral,neutral,long,long,long,long,long,long,long,long,long,long,long,long,long,short,short,short,short,short,short,short,short,short,long,short,short,short,short,short,long,short
1469,2023-05-10 02:00:00,OANDA:GBPUSD,1.26234,1.2632,1.26234,1.26286,5261.0,Interval.in_2_hour,42688800.0,short,short,short,short,short,short,short,short,short,short,short,short,short,short,short,short,short,short,short,long,neutral,neutral,long,short,long,neutral,neutral,long,long,long,long,long,long,long,long,long,long,long,long,short,short,short,short,short,short,short,short,short,short,short,long,short,short,short,short,short,long
1470,2023-05-10 00:00:00,OANDA:GBPUSD,1.26209,1.26267,1.26164,1.26234,1812.0,Interval.in_2_hour,42681600.0,long,short,short,short,short,short,short,short,short,short,short,short,short,short,short,short,short,short,long,long,neutral,neutral,long,short,neutral,neutral,neutral,long,long,long,long,long,short,long,long,long,long,long,short,short,short,short,short,short,short,long,long,short,long,short,short,long,short,short,short,long,long
1471,2023-05-09 22:00:00,OANDA:GBPUSD,1.26226,1.2624,1.26194,1.26209,4900.0,Interval.in_2_hour,42674400.0,long,long,long,short,short,short,short,short,short,short,short,short,short,short,short,short,short,short,long,long,neutral,neutral,long,short,neutral,neutral,neutral,long,long,long,short,short,long,long,long,long,long,short,short,short,short,short,short,short,short,long,long,long,long,long,long,short,long,short,short,long,long
1472,2023-05-09 20:00:00,OANDA:GBPUSD,1.26112,1.26294,1.26099,1.26226,8437.0,Interval.in_2_hour,42667200.0,long,long,long,short,short,short,short,short,short,short,short,short,short,short,short,short,short,short,long,long,neutral,neutral,long,short,neutral,neutral,neutral,long,long,short,short,long,long,long,short,short,short,short,short,short,short,short,short,short,short,short,long,long,long,short,long,long,short,long,short,short,long
1473,2023-05-09 18:00:00,OANDA:GBPUSD,1.2616,1.26236,1.26072,1.26112,9789.0,Interval.in_2_hour,42660000.0,long,long,long,long,long,long,short,short,short,short,short,short,short,short,short,short,short,short,long,long,neutral,neutral,long,short,neutral,neutral,neutral,short,short,short,long,long,long,short,short,short,short,short,short,short,short,short,short,short,short,long,long,long,long,long,long,long,long,short,long,long,long
1474,2023-05-09 16:00:00,OANDA:GBPUSD,1.25864,1.26198,1.25782,1.2616,16354.0,Interval.in_2_hour,42652800.0,long,long,long,long,long,long,long,short,short,short,short,short,short,short,short,short,short,short,long,long,short,short,long,short,neutral,neutral,neutral,short,short,short,short,short,short,short,short,short,short,short,short,short,short,short,short,short,short,short,long,long,long,long,long,long,long,long,short,long,long
1475,2023-05-09 14:00:00,OANDA:GBPUSD,1.2619,1.26229,1.25848,1.25864,11773.0,Interval.in_2_hour,42645600.0,long,long,long,long,long,long,long,long,long,short,short,short,short,short,short,short,short,short,long,long,neutral,neutral,long,short,neutral,neutral,neutral,short,short,short,short,short,short,short,short,short,short,short,short,short,short,short,short,short,short,long,long,long,long,long,long,long,long,long,long,long,long
1476,2023-05-09 12:00:00,OANDA:GBPUSD,1.26089,1.26252,1.26088,1.2619,9959.0,Interval.in_2_hour,42638400.0,long,short,long,long,long,long,long,long,short,short,short,short,short,short,short,short,short,short,long,long,neutral,neutral,long,short,neutral,neutral,neutral,long,long,long,short,short,short,short,short,short,short,short,short,short,short,short,short,short,short,short,short,short,long,long,long,long,long,long,long,long,short
1477,2023-05-09 10:00:00,OANDA:GBPUSD,1.2635,1.26361,1.25968,1.26089,14288.0,Interval.in_2_hour,42631200.0,long,long,long,long,long,long,long,long,long,long,short,short,short,short,short,short,short,short,long,long,neutral,neutral,long,short,neutral,neutral,neutral,long,long,long,long,short,short,short,short,short,short,short,short,short,short,short,short,short,short,long,short,long,long,long,long,long,long,long,long,long,long
1478,2023-05-09 08:00:00,OANDA:GBPUSD,1.26131,1.26402,1.26088,1.2635,9779.0,Interval.in_2_hour,42624000.0,short,short,long,short,short,short,short,short,long,short,short,short,short,short,short,short,short,short,long,long,short,short,long,short,long,long,neutral,long,long,long,short,short,short,short,short,short,short,short,short,short,short,short,short,short,long,short,short,short,short,short,short,short,short,short,short,short,short
1479,2023-05-09 06:00:00,OANDA:GBPUSD,1.26122,1.26188,1.26091,1.26131,5795.0,Interval.in_2_hour,42616800.0,long,long,short,long,long,long,long,long,long,long,long,long,short,short,short,short,short,short,long,long,neutral,neutral,long,short,long,neutral,neutral,short,short,short,short,short,short,short,short,short,short,short,short,short,short,short,short,long,long,long,short,long,short,long,short,long,long,long,long,long,long
1480,2023-05-09 04:00:00,OANDA:GBPUSD,1.26096,1.26164,1.26053,1.26122,8031.0,Interval.in_2_hour,42609600.0,long,long,long,short,long,long,long,long,long,long,long,long,long,short,short,short,short,short,long,long,neutral,neutral,long,short,neutral,neutral,neutral,short,short,short,short,short,short,short,short,short,short,short,short,short,short,short,long,long,short,long,long,short,long,short,long,short,long,long,long,long,long
1481,2023-05-09 02:00:00,OANDA:GBPUSD,1.26169,1.26184,1.26041,1.26096,7474.0,Interval.in_2_hour,42602400.0,long,long,long,long,long,long,long,long,long,long,long,long,long,long,short,short,short,short,long,long,neutral,neutral,long,short,short,neutral,neutral,short,short,short,short,short,short,short,short,short,short,short,short,short,short,long,long,long,short,long,long,long,short,long,short,long,long,long,long,long,long
1482,2023-05-09 00:00:00,OANDA:GBPUSD,1.2619,1.26231,1.26158,1.26169,2917.0,Interval.in_2_hour,42595200.0,long,long,long,long,long,short,long,long,long,long,long,long,long,long,long,short,short,short,long,long,short,short,long,short,neutral,neutral,neutral,short,short,short,short,short,short,short,short,short,short,short,short,short,long,long,long,short,short,short,short,short,long,short,long,short,short,short,long,long,long
1483,2023-05-08 22:00:00,OANDA:GBPUSD,1.26185,1.262,1.2613,1.2619,3788.0,Interval.in_2_hour,42588000.0,long,long,long,long,long,long,short,long,short,long,long,long,long,long,long,short,short,short,long,long,neutral,neutral,long,short,neutral,neutral,neutral,short,short,short,short,short,short,short,short,short,short,short,short,long,long,long,long,long,long,short,short,short,short,long,short,long,short,short,short,long,long
1484,2023-05-08 20:00:00,OANDA:GBPUSD,1.26394,1.26446,1.26165,1.26185,6678.0,Interval.in_2_hour,42580800.0,long,long,long,long,long,long,long,short,long,short,long,long,long,long,long,long,short,short,long,long,short,neutral,long,short,neutral,neutral,neutral,short,short,short,short,short,short,short,short,short,short,short,long,long,long,long,long,long,long,long,short,short,short,short,long,short,long,short,short,short,long
1485,2023-05-08 18:00:00,OANDA:GBPUSD,1.26318,1.26398,1.26268,1.26394,7529.0,Interval.in_2_hour,42573600.0,short,short,short,short,short,short,short,short,short,long,short,short,short,short,short,short,short,short,long,long,neutral,neutral,long,short,neutral,neutral,neutral,short,short,short,short,short,long,long,short,short,long,long,long,long,long,long,long,long,long,short,short,short,short,short,short,short,short,short,short,short,short
1486,2023-05-08 16:00:00,OANDA:GBPUSD,1.26466,1.26552,1.26279,1.26318,13724.0,Interval.in_2_hour,42566400.0,short,short,short,short,short,short,short,short,short,short,long,short,short,short,short,short,long,short,long,long,neutral,neutral,long,short,short,neutral,neutral,short,short,short,long,long,long,long,short,long,long,long,long,long,long,long,long,long,long,long,short,short,short,short,short,short,long,short,short,short,short
1487,2023-05-08 14:00:00,OANDA:GBPUSD,1.26636,1.26678,1.26444,1.26466,8280.0,Interval.in_2_hour,42559200.0,short,short,short,short,short,short,short,short,short,short,short,long,short,short,short,short,short,short,long,long,long,long,long,short,neutral,neutral,neutral,long,long,long,long,long,long,long,long,long,long,long,long,long,long,long,long,long,long,short,short,short,short,short,short,short,short,short,short,short,short
1488,2023-05-08 12:00:00,OANDA:GBPUSD,1.26376,1.2669,1.26318,1.26636,7455.0,Interval.in_2_hour,42552000.0,short,short,short,short,short,short,short,short,short,short,short,short,long,short,short,short,short,short,long,long,neutral,neutral,long,short,neutral,neutral,neutral,long,long,long,long,long,long,long,long,long,long,long,long,long,long,long,long,long,long,short,short,short,short,short,short,short,short,short,short,short,short
1489,2023-05-08 10:00:00,OANDA:GBPUSD,1.26514,1.26545,1.26318,1.26376,10053.0,Interval.in_2_hour,42544800.0,short,short,short,short,short,short,short,short,short,short,short,short,short,long,short,short,short,short,long,long,long,neutral,long,short,short,neutral,neutral,long,long,long,long,short,long,long,long,long,long,long,long,long,long,long,long,long,long,long,long,short,long,short,short,short,short,short,short,short,short
1490,2023-05-08 08:00:00,OANDA:GBPUSD,1.26519,1.26576,1.26431,1.26514,7084.0,Interval.in_2_hour,42537600.0,short,short,short,short,short,short,short,short,short,short,short,short,short,short,long,short,short,short,long,short,neutral,neutral,long,short,neutral,neutral,neutral,long,long,long,long,long,long,long,long,long,long,long,long,long,long,long,long,long,long,short,long,short,short,short,short,short,short,short,short,short,short
1491,2023-05-08 06:00:00,OANDA:GBPUSD,1.2642,1.26542,1.26408,1.26519,6058.0,Interval.in_2_hour,42530400.0,short,short,short,short,short,short,short,short,short,short,short,short,short,short,short,long,short,short,long,short,neutral,neutral,long,short,long,long,neutral,long,long,long,long,long,long,long,long,long,long,long,long,long,long,long,long,long,long,short,short,long,short,short,short,short,short,short,short,short,short
1492,2023-05-08 04:00:00,OANDA:GBPUSD,1.26346,1.26468,1.26268,1.2642,7851.0,Interval.in_2_hour,42523200.0,short,short,short,short,short,short,short,short,short,short,short,short,short,short,short,short,long,short,long,short,neutral,neutral,long,short,long,neutral,neutral,long,short,long,long,long,long,long,long,long,long,long,long,long,long,long,long,long,long,long,long,short,long,long,short,short,short,short,short,short,short
1493,2023-05-08 02:00:00,OANDA:GBPUSD,1.26288,1.26372,1.26263,1.26346,7070.0,Interval.in_2_hour,42516000.0,short,short,long,short,short,short,short,short,short,short,short,short,short,short,short,short,short,long,long,short,neutral,neutral,long,short,neutral,neutral,neutral,short,short,long,long,long,long,long,long,long,long,long,long,long,long,long,long,long,long,long,long,long,long,long,long,short,long,short,short,short,short
1494,2023-05-08 00:00:00,OANDA:GBPUSD,1.26317,1.26362,1.26253,1.26288,1931.0,Interval.in_2_hour,42508800.0,short,short,short,long,short,short,short,short,short,short,short,short,short,short,short,short,short,short,long,short,neutral,neutral,long,short,short,short,neutral,short,long,long,long,long,long,long,long,long,long,long,long,long,long,long,long,long,long,long,long,long,long,long,long,long,long,long,short,short,short
1495,2023-05-05 22:00:00,OANDA:GBPUSD,1.26421,1.26421,1.26308,1.26317,4966.0,Interval.in_2_hour,42328800.0,short,short,short,short,long,short,short,short,short,short,short,short,short,short,short,short,short,short,long,short,neutral,neutral,long,short,short,neutral,neutral,long,long,long,long,long,long,long,long,long,long,long,long,long,long,long,long,long,long,short,long,long,long,long,long,long,long,long,long,short,short
1496,2023-05-05 20:00:00,OANDA:GBPUSD,1.26477,1.26478,1.2628,1.26421,8684.0,Interval.in_2_hour,42321600.0,short,short,short,short,short,short,short,short,short,short,short,short,short,short,short,short,short,short,long,short,neutral,neutral,long,short,neutral,neutral,neutral,long,long,long,long,long,long,long,long,long,long,long,long,long,long,long,long,long,long,short,short,short,short,long,long,short,long,long,short,short,short
1497,2023-05-05 18:00:00,OANDA:GBPUSD,1.26164,1.26527,1.26151,1.26477,10930.0,Interval.in_2_hour,42314400.0,short,short,short,short,short,short,short,short,short,short,short,short,short,short,short,short,short,short,long,short,neutral,neutral,long,short,long,neutral,neutral,long,long,long,long,long,long,long,long,long,long,long,long,long,long,long,long,long,long,short,short,short,short,short,long,long,short,long,short,short,short
1498,2023-05-05 16:00:00,OANDA:GBPUSD,1.25694,1.26208,1.25686,1.26164,20421.0,Interval.in_2_hour,42307200.0,long,long,long,long,short,short,short,long,short,long,short,short,short,long,long,long,long,long,long,short,short,neutral,long,short,neutral,neutral,neutral,short,short,short,long,long,long,long,long,long,long,long,long,long,long,long,long,long,long,long,long,long,long,long,long,long,long,long,long,long,long
1499,2023-05-05 14:00:00,OANDA:GBPUSD,1.26144,1.26178,1.25599,1.25694,17261.0,Interval.in_2_hour,42300000.0,long,long,long,long,long,long,long,long,long,long,long,long,long,long,long,long,long,long,long,short,long,neutral,long,short,neutral,neutral,neutral,short,short,long,long,long,long,long,long,long,long,long,long,long,long,long,long,long,long,long,long,long,long,long,long,long,long,long,long,long,long
1500,2023-05-05 12:00:00,OANDA:GBPUSD,1.26078,1.26161,1.26,1.26144,8167.0,Interval.in_2_hour,42292800.0,long,long,long,long,long,long,short,short,short,long,short,long,short,long,short,long,long,long,long,short,neutral,neutral,long,short,neutral,neutral,neutral,long,long,long,long,long,long,long,long,long,long,long,long,long,long,long,long,long,long,short,long,long,long,long,long,long,long,long,long,long,long
1501,2023-05-05 10:00:00,OANDA:GBPUSD,1.26294,1.26312,1.25992,1.26078,11788.0,Interval.in_2_hour,42285600.0,long,long,long,long,long,long,long,long,long,long,long,long,long,short,long,long,long,long,long,short,neutral,neutral,long,short,neutral,neutral,neutral,long,long,long,long,long,long,long,long,long,long,long,long,long,long,long,long,long,long,long,short,long,long,long,long,long,long,long,long,long,long
1502,2023-05-05 08:00:00,OANDA:GBPUSD,1.26069,1.26344,1.25972,1.26294,9885.0,Interval.in_2_hour,42278400.0,long,long,long,long,long,short,short,short,short,short,short,long,short,short,short,short,short,short,long,short,neutral,neutral,long,short,long,long,long,long,long,long,long,long,long,long,long,long,long,long,long,long,long,long,long,long,long,short,short,short,short,long,long,long,short,long,long,long,long
1503,2023-05-05 06:00:00,OANDA:GBPUSD,1.25898,1.26143,1.25898,1.26069,6141.0,Interval.in_2_hour,42271200.0,long,long,long,long,long,long,long,long,long,long,long,long,long,long,long,short,long,long,long,short,neutral,neutral,long,short,long,long,long,long,long,long,long,long,long,long,long,long,long,long,long,long,long,long,long,long,long,long,long,long,short,long,long,long,long,long,long,long,long
1504,2023-05-05 04:00:00,OANDA:GBPUSD,1.25847,1.25976,1.25826,1.25898,9314.0,Interval.in_2_hour,42264000.0,long,long,long,long,long,long,long,long,long,long,long,long,long,long,long,long,short,long,long,short,neutral,neutral,long,short,long,long,neutral,long,long,long,long,long,long,long,long,long,long,long,long,long,long,long,long,long,long,long,long,long,long,short,long,long,long,long,long,long,long
1505,2023-05-05 02:00:00,OANDA:GBPUSD,1.25822,1.2588,1.25768,1.25847,7070.0,Interval.in_2_hour,42256800.0,long,long,long,long,long,long,long,long,long,long,long,long,long,long,long,long,long,long,long,short,neutral,neutral,long,short,long,neutral,neutral,short,short,long,long,long,long,long,short,long,long,long,long,long,long,long,long,long,long,long,long,long,long,long,short,long,long,long,long,long,long
1506,2023-05-05 00:00:00,OANDA:GBPUSD,1.25736,1.25822,1.25706,1.25822,2068.0,Interval.in_2_hour,42249600.0,long,long,long,long,long,long,long,long,long,long,long,long,long,long,long,long,long,long,long,short,neutral,neutral,long,short,neutral,neutral,neutral,short,long,long,long,long,short,short,short,long,long,long,long,long,long,long,long,long,long,long,long,long,long,long,long,short,long,long,long,long,long
1507,2023-05-04 22:00:00,OANDA:GBPUSD,1.25788,1.25825,1.25699,1.25736,6139.0,Interval.in_2_hour,42242400.0,long,long,long,long,long,long,long,long,long,long,long,long,long,long,long,long,long,long,long,short,neutral,neutral,long,short,short,neutral,neutral,long,long,long,long,short,short,short,long,long,long,long,long,long,long,long,long,long,long,long,long,long,long,long,long,long,short,long,long,long,long
1508,2023-05-04 20:00:00,OANDA:GBPUSD,1.25956,1.25976,1.25734,1.25788,11724.0,Interval.in_2_hour,42235200.0,long,long,long,long,long,long,long,long,long,long,long,long,long,long,long,long,long,long,long,short,neutral,neutral,long,short,neutral,neutral,neutral,long,long,long,long,long,long,long,long,long,long,long,long,long,long,long,long,long,long,short,long,long,long,long,long,long,long,short,long,long,long
1509,2023-05-04 18:00:00,OANDA:GBPUSD,1.25722,1.25989,1.25609,1.25956,17319.0,Interval.in_2_hour,42228000.0,long,long,long,long,long,long,long,long,long,long,long,long,long,long,long,long,long,long,long,short,neutral,neutral,long,short,long,neutral,neutral,long,long,long,short,long,long,long,long,long,long,long,long,long,long,long,long,long,long,short,short,short,short,short,long,long,long,long,short,long,long
1510,2023-05-04 16:00:00,OANDA:GBPUSD,1.25518,1.25989,1.25481,1.25722,31188.0,Interval.in_2_hour,42220800.0,long,long,long,long,long,long,long,long,long,long,long,long,long,long,long,long,long,long,long,short,neutral,neutral,long,short,neutral,neutral,neutral,short,short,short,short,short,short,short,long,long,long,long,long,long,long,long,long,long,long,long,long,long,long,long,long,long,long,long,long,short,long
1511,2023-05-04 14:00:00,OANDA:GBPUSD,1.25698,1.25884,1.2549,1.25518,21957.0,Interval.in_2_hour,42213600.0,long,long,long,long,long,long,long,long,long,long,long,long,long,long,long,long,long,long,long,short,neutral,neutral,long,short,neutral,neutral,neutral,short,short,short,short,short,short,long,long,long,long,long,long,long,long,long,long,long,long,long,long,long,long,long,long,long,long,long,long,long,long
1512,2023-05-04 12:00:00,OANDA:GBPUSD,1.25587,1.25794,1.25525,1.25698,14298.0,Interval.in_2_hour,42206400.0,short,long,long,long,long,long,long,long,long,long,long,long,long,long,long,long,long,long,long,short,neutral,neutral,long,short,neutral,neutral,neutral,short,short,short,short,long,long,long,long,long,long,long,long,long,long,long,long,long,long,short,long,long,long,long,long,long,long,long,long,long,long
1513,2023-05-04 10:00:00,OANDA:GBPUSD,1.2573,1.25802,1.2556,1.25587,17244.0,Interval.in_2_hour,42199200.0,long,long,long,long,long,long,long,long,long,long,long,long,long,long,long,long,long,long,long,short,neutral,neutral,long,short,short,short,neutral,short,short,long,long,long,long,long,long,long,long,long,long,long,long,long,long,long,long,long,short,long,long,long,long,long,long,long,long,long,long
1514,2023-05-04 08:00:00,OANDA:GBPUSD,1.2583,1.25936,1.25678,1.2573,10969.0,Interval.in_2_hour,42192000.0,long,long,short,long,long,long,long,long,long,long,long,long,long,long,long,long,long,long,long,short,neutral,neutral,long,short,short,neutral,neutral,long,long,long,long,long,long,long,long,long,long,long,long,long,long,long,long,long,long,short,short,short,short,long,long,long,long,long,long,long,long
1515,2023-05-04 06:00:00,OANDA:GBPUSD,1.25874,1.25907,1.25818,1.2583,6508.0,Interval.in_2_hour,42184800.0,long,long,long,short,long,long,long,long,long,long,long,long,long,long,long,long,long,long,long,short,neutral,neutral,long,short,neutral,neutral,neutral,long,long,long,long,long,long,long,long,long,long,long,long,long,long,long,long,long,long,short,short,short,short,short,long,short,short,short,long,long,long
1516,2023-05-04 04:00:00,OANDA:GBPUSD,1.25772,1.25908,1.25724,1.25874,10805.0,Interval.in_2_hour,42177600.0,long,long,long,long,short,long,long,long,long,long,long,long,long,long,long,long,long,long,long,short,neutral,neutral,long,short,long,long,long,long,long,long,long,long,long,long,long,long,long,long,long,long,long,long,long,long,long,short,short,short,short,short,short,long,short,short,short,short,long
1517,2023-05-04 02:00:00,OANDA:GBPUSD,1.25658,1.25923,1.25629,1.25772,10003.0,Interval.in_2_hour,42170400.0,long,long,long,long,long,short,long,long,long,long,long,long,long,long,long,long,long,long,long,short,neutral,neutral,long,short,long,long,long,long,long,long,long,long,long,long,long,long,long,long,long,long,long,long,long,long,long,long,long,short,short,short,short,short,long,long,short,long,long
1518,2023-05-04 00:00:00,OANDA:GBPUSD,1.25639,1.25774,1.25556,1.25658,4811.0,Interval.in_2_hour,42163200.0,long,long,long,long,long,long,long,long,long,long,long,long,long,long,long,long,long,long,long,short,neutral,neutral,long,short,long,long,long,long,long,long,long,long,long,long,long,long,long,long,long,long,long,long,long,long,long,long,long,long,long,short,long,short,long,long,long,long,long
1519,2023-05-03 22:00:00,OANDA:GBPUSD,1.25637,1.25672,1.25392,1.25639,16759.0,Interval.in_2_hour,42156000.0,long,long,long,long,long,long,long,long,long,long,long,long,long,long,long,long,long,long,long,short,neutral,neutral,long,short,long,long,long,long,long,long,long,long,long,long,long,long,long,long,long,long,long,long,long,long,long,long,long,long,long,long,short,long,short,long,long,long,long
1520,2023-05-03 20:00:00,OANDA:GBPUSD,1.25512,1.25908,1.25383,1.25637,23728.0,Interval.in_2_hour,42148800.0,long,long,long,long,long,long,long,long,long,long,long,long,long,long,long,long,long,long,long,short,neutral,neutral,long,short,long,long,neutral,long,long,long,long,long,long,long,long,long,long,long,long,long,long,long,long,long,long,long,long,long,long,long,long,short,long,short,long,long,long
1521,2023-05-03 18:00:00,OANDA:GBPUSD,1.25322,1.25552,1.25292,1.25512,11167.0,Interval.in_2_hour,42141600.0,long,long,long,long,long,long,long,long,long,long,long,long,long,long,long,long,long,long,long,short,neutral,neutral,long,short,long,neutral,neutral,long,long,long,long,long,long,long,long,long,long,long,long,long,long,long,long,long,long,long,long,long,long,long,long,long,long,long,long,long,long
1522,2023-05-03 16:00:00,OANDA:GBPUSD,1.24972,1.2534,1.24949,1.25322,17091.0,Interval.in_2_hour,42134400.0,long,long,long,long,long,long,long,long,long,long,long,long,long,long,long,long,long,long,long,short,neutral,neutral,long,short,neutral,neutral,neutral,long,long,long,long,long,long,long,long,long,long,long,long,long,long,long,long,long,long,long,long,long,long,long,long,long,long,long,long,long,long
1523,2023-05-03 14:00:00,OANDA:GBPUSD,1.25052,1.25284,1.24863,1.24972,13554.0,Interval.in_2_hour,42127200.0,long,long,long,long,long,long,long,long,long,long,long,long,long,long,long,long,long,long,long,short,long,neutral,long,short,short,neutral,neutral,long,long,long,long,long,long,long,long,long,long,long,long,long,long,long,long,long,long,long,long,long,long,long,long,long,long,long,long,long,long
1524,2023-05-03 12:00:00,OANDA:GBPUSD,1.2521,1.2525,1.2503,1.25052,10265.0,Interval.in_2_hour,42120000.0,long,long,long,long,long,long,long,long,long,long,long,long,long,long,long,long,long,long,long,short,neutral,neutral,long,short,neutral,neutral,neutral,long,long,long,long,long,long,long,long,long,long,long,long,long,long,long,long,long,long,short,long,long,long,long,long,long,long,long,long,long,long
1525,2023-05-03 10:00:00,OANDA:GBPUSD,1.25031,1.25338,1.25016,1.2521,12879.0,Interval.in_2_hour,42112800.0,long,long,long,long,long,long,long,long,long,long,long,long,long,long,long,long,long,long,long,short,neutral,neutral,long,short,long,neutral,neutral,long,long,long,long,long,long,long,long,long,long,long,long,long,long,long,long,long,long,short,short,long,long,long,long,long,long,long,long,long,long
1526,2023-05-03 08:00:00,OANDA:GBPUSD,1.24877,1.25048,1.24814,1.25031,8140.0,Interval.in_2_hour,42105600.0,long,long,long,long,long,long,long,long,long,long,long,long,long,long,long,long,long,long,long,short,long,neutral,long,short,neutral,neutral,neutral,long,long,long,long,long,long,long,long,long,short,short,short,long,long,long,long,short,short,long,long,short,long,long,long,long,long,long,long,long,long
1527,2023-05-03 06:00:00,OANDA:GBPUSD,1.24886,1.24936,1.24871,1.24877,6037.0,Interval.in_2_hour,42098400.0,long,long,long,long,long,long,long,long,long,long,long,long,long,long,long,long,long,long,long,short,neutral,neutral,long,short,neutral,neutral,neutral,long,long,long,long,long,long,long,long,short,short,short,short,short,short,short,short,short,short,long,long,long,long,long,long,long,long,long,long,long,long
1528,2023-05-03 04:00:00,OANDA:GBPUSD,1.24823,1.24898,1.2477,1.24886,8498.0,Interval.in_2_hour,42091200.0,long,long,long,long,long,long,long,long,long,long,long,long,long,long,long,long,long,long,long,short,neutral,neutral,long,short,long,long,neutral,long,long,long,long,long,long,short,short,short,short,short,short,short,short,short,short,short,short,short,long,long,long,long,long,long,long,long,long,long,long
1529,2023-05-03 02:00:00,OANDA:GBPUSD,1.24716,1.24842,1.24681,1.24823,6542.0,Interval.in_2_hour,42084000.0,long,long,long,long,long,long,long,long,long,long,long,long,long,long,long,long,long,long,long,short,neutral,neutral,long,short,long,neutral,neutral,long,long,long,long,long,short,short,short,short,short,short,short,short,short,short,short,short,short,long,long,long,long,long,long,long,long,long,long,long,long
1530,2023-05-03 00:00:00,OANDA:GBPUSD,1.24681,1.2472,1.24654,1.24716,2921.0,Interval.in_2_hour,42076800.0,long,long,long,long,long,long,long,long,long,long,long,long,long,long,long,long,long,long,long,short,neutral,neutral,long,short,neutral,neutral,neutral,long,long,long,short,short,short,short,short,short,short,short,short,short,short,short,short,short,short,long,long,long,long,long,long,long,long,long,long,long,long
1531,2023-05-02 22:00:00,OANDA:GBPUSD,1.2469,1.24774,1.24662,1.24681,4400.0,Interval.in_2_hour,42069600.0,long,long,long,long,long,long,long,long,long,long,long,long,long,long,long,long,long,long,long,short,neutral,neutral,long,short,short,neutral,neutral,long,long,short,short,short,short,short,short,short,short,short,short,short,short,short,short,short,short,long,long,long,long,long,long,long,long,long,long,long,long
1532,2023-05-02 20:00:00,OANDA:GBPUSD,1.24785,1.2479,1.2468,1.2469,8001.0,Interval.in_2_hour,42062400.0,long,long,long,long,long,long,long,long,long,long,long,long,long,long,long,long,long,long,long,short,neutral,neutral,long,short,neutral,neutral,neutral,long,long,short,short,short,short,short,short,short,short,short,short,short,short,short,short,short,short,short,long,long,long,long,long,long,long,long,long,long,long
1533,2023-05-02 18:00:00,OANDA:GBPUSD,1.24595,1.24826,1.24492,1.24785,15218.0,Interval.in_2_hour,42055200.0,long,long,long,long,long,long,long,long,long,long,long,long,long,long,long,long,long,long,long,short,neutral,neutral,long,short,long,neutral,neutral,short,short,short,short,short,short,short,short,short,short,short,short,short,short,short,short,short,short,short,short,short,long,long,long,long,long,long,long,long,long
1534,2023-05-02 16:00:00,OANDA:GBPUSD,1.24587,1.24896,1.24355,1.24595,23545.0,Interval.in_2_hour,42048000.0,long,long,long,long,long,long,long,long,long,long,long,long,long,long,long,long,long,long,long,short,short,short,long,short,neutral,neutral,neutral,short,short,short,short,short,short,short,short,short,short,short,short,short,short,short,short,short,short,long,long,long,long,long,long,long,long,long,long,long,long
1535,2023-05-02 14:00:00,OANDA:GBPUSD,1.2471,1.24847,1.24566,1.24587,14047.0,Interval.in_2_hour,42040800.0,long,long,long,long,long,long,long,long,long,long,long,long,long,long,long,long,long,long,long,short,short,short,long,short,neutral,neutral,neutral,short,short,short,short,short,short,short,short,short,short,short,short,short,short,short,short,short,short,long,long,long,long,long,long,long,long,long,long,long,long
1536,2023-05-02 12:00:00,OANDA:GBPUSD,1.24708,1.24783,1.24535,1.2471,13304.0,Interval.in_2_hour,42033600.0,long,long,long,long,long,long,long,long,long,long,long,long,long,long,long,long,long,long,long,short,neutral,neutral,long,short,neutral,neutral,neutral,short,short,short,short,short,short,short,short,short,short,short,short,short,short,short,short,short,short,short,short,long,short,short,long,long,long,long,long,long,long
1537,2023-05-02 10:00:00,OANDA:GBPUSD,1.25016,1.25121,1.24636,1.24708,17609.0,Interval.in_2_hour,42026400.0,long,long,long,long,long,long,long,long,long,long,long,long,long,long,long,long,long,long,long,short,neutral,neutral,long,short,neutral,neutral,neutral,short,short,short,short,short,short,short,short,short,short,short,short,short,short,short,short,short,short,long,short,short,long,short,short,long,long,long,long,long,long
1538,2023-05-02 08:00:00,OANDA:GBPUSD,1.24964,1.25071,1.24858,1.25016,11397.0,Interval.in_2_hour,42019200.0,long,long,short,long,long,long,long,long,long,long,long,long,long,long,long,long,long,long,long,short,neutral,neutral,long,short,neutral,neutral,neutral,long,long,long,long,short,short,short,short,short,short,short,short,short,short,short,short,short,short,short,short,short,short,short,short,short,short,short,short,short,long
1539,2023-05-02 06:00:00,OANDA:GBPUSD,1.25012,1.2503,1.24934,1.24964,8962.0,Interval.in_2_hour,42012000.0,long,long,long,long,long,long,long,long,long,long,long,long,long,long,long,long,long,long,long,short,neutral,neutral,long,short,neutral,neutral,neutral,long,long,long,short,short,short,short,short,short,short,short,short,short,short,short,short,short,long,long,short,short,short,short,short,short,short,short,short,short,short
1540,2023-05-02 04:00:00,OANDA:GBPUSD,1.2493,1.25126,1.24922,1.25012,10124.0,Interval.in_2_hour,42004800.0,short,long,long,long,short,long,long,long,long,long,long,long,long,long,long,long,long,long,long,short,neutral,neutral,long,short,long,neutral,neutral,long,long,short,short,short,short,short,short,short,short,short,short,short,short,short,short,long,long,short,long,short,short,short,short,short,short,short,short,short,short
1541,2023-05-02 02:00:00,OANDA:GBPUSD,1.24923,1.24972,1.24839,1.2493,6701.0,Interval.in_2_hour,41997600.0,short,short,long,long,long,long,long,long,long,long,long,long,long,long,long,long,long,long,long,short,neutral,neutral,long,short,neutral,neutral,neutral,long,short,short,short,short,short,short,short,short,short,short,short,short,short,short,long,long,long,long,long,long,short,short,short,short,short,short,short,short,short
1542,2023-05-02 00:00:00,OANDA:GBPUSD,1.24961,1.24989,1.24918,1.24923,1585.0,Interval.in_2_hour,41990400.0,short,short,short,long,long,long,long,long,long,long,long,long,long,long,long,long,long,long,long,short,neutral,neutral,long,short,neutral,neutral,neutral,short,short,short,short,short,short,short,short,short,short,short,short,short,short,long,long,long,long,long,long,long,long,short,short,short,short,short,short,short,short
1543,2023-05-01 22:00:00,OANDA:GBPUSD,1.24874,1.24964,1.2484,1.24961,6671.0,Interval.in_2_hour,41983200.0,short,short,short,short,long,long,long,long,long,long,long,long,long,long,long,long,long,long,long,short,short,short,long,short,neutral,neutral,neutral,short,short,short,short,short,short,short,short,short,short,short,short,short,long,long,long,long,long,short,short,long,long,long,short,short,short,short,short,short,short
1544,2023-05-01 20:00:00,OANDA:GBPUSD,1.24932,1.24961,1.24861,1.24874,8442.0,Interval.in_2_hour,41976000.0,short,short,short,long,long,long,long,long,long,long,long,long,long,long,long,long,long,long,long,long,neutral,neutral,long,short,short,short,neutral,short,short,short,short,short,short,short,short,short,short,short,short,long,long,long,long,long,short,long,long,long,long,long,long,short,short,short,short,short,short
1545,2023-05-01 18:00:00,OANDA:GBPUSD,1.25205,1.25224,1.24806,1.24932,12540.0,Interval.in_2_hour,41968800.0,short,short,short,short,short,short,long,long,long,long,long,long,long,long,long,long,long,long,long,long,short,short,long,short,short,neutral,neutral,short,short,short,short,short,short,short,short,short,short,short,long,long,long,long,long,long,long,short,long,short,short,long,long,long,short,short,short,short,short
1546,2023-05-01 16:00:00,OANDA:GBPUSD,1.25557,1.256,1.25102,1.25205,18622.0,Interval.in_2_hour,41961600.0,short,short,short,short,short,short,short,short,long,short,short,long,long,long,long,long,long,long,long,short,neutral,neutral,long,short,neutral,neutral,neutral,long,short,short,short,short,short,short,short,short,long,long,long,long,long,long,long,long,long,short,short,short,short,short,short,short,short,short,short,short,short
1547,2023-05-01 14:00:00,OANDA:GBPUSD,1.25328,1.25577,1.25212,1.25557,12063.0,Interval.in_2_hour,41954400.0,short,short,short,short,short,short,short,short,short,short,short,short,short,short,long,long,long,long,long,short,short,neutral,long,short,long,neutral,neutral,short,short,short,short,short,short,short,short,long,long,long,long,long,long,long,long,long,long,short,short,short,short,short,short,short,short,short,short,short,short
1548,2023-05-01 12:00:00,OANDA:GBPUSD,1.25185,1.25345,1.25144,1.25328,7238.0,Interval.in_2_hour,41947200.0,short,short,short,short,short,short,short,short,short,short,short,short,short,short,long,long,long,long,long,short,neutral,neutral,long,short,neutral,neutral,neutral,short,short,short,short,short,short,short,short,long,long,long,long,long,long,long,long,long,long,long,short,short,short,short,short,short,short,short,short,short,short
1549,2023-05-01 10:00:00,OANDA:GBPUSD,1.25484,1.25528,1.25179,1.25185,10263.0,Interval.in_2_hour,41940000.0,short,short,short,short,short,short,short,short,short,short,short,long,short,short,long,long,long,long,long,short,neutral,neutral,long,short,short,short,neutral,short,short,short,short,short,short,long,long,long,long,long,long,long,long,long,long,long,long,long,long,long,short,short,short,short,short,short,short,short,short
1550,2023-05-01 08:00:00,OANDA:GBPUSD,1.25579,1.2558,1.25412,1.25484,7986.0,Interval.in_2_hour,41932800.0,short,short,short,short,short,short,short,short,short,short,short,short,short,short,short,short,long,long,long,short,neutral,neutral,long,short,short,neutral,neutral,short,short,short,short,short,long,long,long,long,long,long,long,long,long,long,long,long,long,short,short,long,short,short,short,short,short,short,short,short,short
1551,2023-05-01 06:00:00,OANDA:GBPUSD,1.25622,1.25694,1.25551,1.25579,6408.0,Interval.in_2_hour,41925600.0,short,short,short,short,short,short,short,short,short,short,short,short,short,short,short,short,short,short,long,short,neutral,neutral,long,short,neutral,neutral,neutral,short,short,short,short,long,long,long,long,long,long,long,long,long,long,long,long,long,long,short,short,short,short,short,short,short,short,short,short,short,short
1552,2023-05-01 04:00:00,OANDA:GBPUSD,1.25588,1.25623,1.2554,1.25622,6501.0,Interval.in_2_hour,41918400.0,short,short,short,short,short,short,short,short,short,short,short,short,short,short,short,short,short,short,long,short,neutral,neutral,long,short,long,neutral,neutral,short,short,short,long,long,long,long,long,long,long,long,long,long,long,long,long,long,long,short,short,short,short,short,short,short,short,short,short,short,short
1553,2023-05-01 02:00:00,OANDA:GBPUSD,1.25569,1.2564,1.25509,1.25588,7555.0,Interval.in_2_hour,41911200.0,short,short,short,short,short,short,short,short,short,short,short,short,short,short,short,short,short,short,long,short,short,short,long,short,neutral,neutral,neutral,short,short,long,long,long,long,long,long,long,long,long,long,long,long,long,long,long,long,long,short,short,short,short,short,short,short,short,short,short,short
1554,2023-05-01 00:00:00,OANDA:GBPUSD,1.25678,1.25706,1.25566,1.25569,2943.0,Interval.in_2_hour,41904000.0,short,short,short,short,short,short,short,short,short,short,short,short,short,short,short,short,short,short,short,short,neutral,neutral,long,short,neutral,neutral,neutral,short,long,long,long,long,long,long,long,long,long,long,long,long,long,long,long,long,long,long,long,long,short,short,short,short,short,short,short,short,short
1555,2023-04-28 22:00:00,OANDA:GBPUSD,1.25644,1.25698,1.25578,1.25678,6140.0,Interval.in_2_hour,41724000.0,short,short,short,short,short,short,short,short,short,short,short,short,short,short,short,short,short,short,short,short,long,long,long,short,neutral,neutral,neutral,long,long,long,long,long,long,long,long,long,long,long,long,long,long,long,long,long,long,short,short,short,short,short,short,short,short,short,short,short,short
1556,2023-04-28 20:00:00,OANDA:GBPUSD,1.25748,1.25758,1.25614,1.25644,8723.0,Interval.in_2_hour,41716800.0,short,short,short,short,short,short,short,short,short,short,short,short,short,short,short,short,short,short,short,short,neutral,neutral,long,short,neutral,neutral,neutral,long,long,long,long,long,long,long,long,long,long,long,long,long,long,long,long,long,long,long,short,short,short,short,short,short,short,short,short,short,short
1557,2023-04-28 18:00:00,OANDA:GBPUSD,1.25649,1.25842,1.25584,1.25748,15215.0,Interval.in_2_hour,41709600.0,short,short,short,short,short,short,short,short,short,short,short,short,short,short,short,short,short,short,short,short,neutral,neutral,long,short,long,long,long,long,long,long,long,long,long,long,long,long,long,long,long,long,long,long,long,long,long,short,short,short,short,short,short,short,short,short,short,short,short
1558,2023-04-28 16:00:00,OANDA:GBPUSD,1.24874,1.25728,1.24856,1.25649,24421.0,Interval.in_2_hour,41702400.0,short,short,short,short,short,short,short,short,short,short,short,short,short,short,short,short,short,short,short,short,neutral,neutral,long,short,long,long,neutral,long,long,long,long,long,long,long,long,long,long,long,long,long,long,long,long,long,long,long,short,long,short,short,short,short,short,short,short,short,short
1559,2023-04-28 14:00:00,OANDA:GBPUSD,1.2463,1.2491,1.2456,1.24874,17556.0,Interval.in_2_hour,41695200.0,long,long,long,long,long,long,long,long,long,short,short,short,short,short,short,short,short,short,long,long,neutral,neutral,long,short,long,neutral,neutral,short,short,short,short,short,short,short,long,long,long,long,long,long,long,long,long,long,long,long,long,long,long,long,long,long,long,long,long,long,long
1560,2023-04-28 12:00:00,OANDA:GBPUSD,1.24556,1.24792,1.24466,1.2463,11037.0,Interval.in_2_hour,41688000.0,long,long,long,long,long,long,long,long,long,long,long,long,short,short,long,long,long,long,long,long,neutral,neutral,long,short,neutral,neutral,neutral,short,short,short,short,short,short,short,long,long,short,short,short,short,short,short,short,short,short,long,long,long,long,long,long,long,long,long,long,long,long
1561,2023-04-28 10:00:00,OANDA:GBPUSD,1.24788,1.24938,1.24501,1.24556,16862.0,Interval.in_2_hour,41680800.0,long,long,long,long,long,long,long,long,long,long,long,long,long,long,long,long,long,long,long,long,neutral,neutral,long,short,short,short,short,short,short,short,short,short,long,long,long,short,short,short,short,short,short,short,long,long,short,long,long,long,long,long,long,long,long,long,long,long,long
1562,2023-04-28 08:00:00,OANDA:GBPUSD,1.24826,1.24924,1.2465,1.24788,15993.0,Interval.in_2_hour,41673600.0,long,long,long,long,long,long,long,long,long,long,long,long,short,short,short,short,short,short,long,long,neutral,neutral,long,short,short,short,neutral,short,short,short,long,long,long,long,long,long,long,long,long,long,long,long,long,long,long,short,short,long,long,long,long,long,long,long,long,long,long
1563,2023-04-28 06:00:00,OANDA:GBPUSD,1.249,1.2497,1.2478,1.24826,12828.0,Interval.in_2_hour,41666400.0,long,long,long,long,long,long,long,long,long,long,long,long,long,short,short,short,short,short,long,long,neutral,neutral,long,short,short,neutral,neutral,short,short,long,long,long,long,long,long,long,long,long,long,long,long,long,long,long,long,short,short,short,long,long,long,long,long,long,long,long,long
1564,2023-04-28 04:00:00,OANDA:GBPUSD,1.24968,1.25044,1.24878,1.249,10399.0,Interval.in_2_hour,41659200.0,long,long,long,long,long,long,long,short,long,long,long,long,long,long,short,short,short,short,long,long,neutral,neutral,long,short,neutral,neutral,neutral,short,long,long,long,long,long,long,long,long,long,long,long,long,long,long,long,long,long,short,short,short,short,short,long,long,long,long,long,long,long
1565,2023-04-28 02:00:00,OANDA:GBPUSD,1.24948,1.25002,1.24895,1.24968,7617.0,Interval.in_2_hour,41652000.0,long,long,long,long,long,long,long,short,short,short,short,short,long,short,long,short,short,short,long,long,neutral,neutral,long,short,neutral,neutral,neutral,long,long,long,long,long,long,long,long,long,long,long,long,long,long,long,long,long,long,short,short,short,short,short,short,long,long,long,long,long,long
1566,2023-04-28 00:00:00,OANDA:GBPUSD,1.2499,1.2499,1.24876,1.24948,3451.0,Interval.in_2_hour,41644800.0,long,long,long,long,long,long,long,long,short,short,long,short,short,long,long,long,short,short,long,long,neutral,neutral,long,short,neutral,neutral,neutral,long,long,long,long,long,long,long,long,long,long,long,long,long,long,long,long,long,long,long,short,short,short,short,short,short,long,long,long,long,long
1567,2023-04-27 22:00:00,OANDA:GBPUSD,1.24939,1.24999,1.24884,1.2499,5221.0,Interval.in_2_hour,41637600.0,long,long,long,long,long,long,long,long,long,short,short,short,short,short,long,short,long,short,long,long,neutral,neutral,long,short,long,neutral,neutral,long,long,long,long,long,long,long,long,long,long,long,long,long,long,long,long,long,long,short,short,short,short,short,short,short,short,long,long,long,long
1568,2023-04-27 20:00:00,OANDA:GBPUSD,1.24656,1.24942,1.24618,1.24939,8535.0,Interval.in_2_hour,41630400.0,long,long,long,long,long,long,long,long,long,long,short,short,long,short,short,long,long,long,long,long,neutral,neutral,long,short,neutral,neutral,neutral,long,long,long,long,long,long,long,long,long,long,long,long,long,short,long,long,long,long,long,long,long,short,short,short,short,short,short,long,long,long
1569,2023-04-27 18:00:00,OANDA:GBPUSD,1.24676,1.2494,1.24639,1.24656,11290.0,Interval.in_2_hour,41623200.0,long,long,long,long,long,long,long,long,long,long,long,long,long,long,long,long,long,long,long,long,neutral,neutral,long,short,neutral,neutral,neutral,short,short,short,short,short,short,short,long,long,short,short,short,short,long,long,long,long,long,long,long,long,long,long,long,long,short,short,long,long,long
1570,2023-04-27 16:00:00,OANDA:GBPUSD,1.24488,1.24777,1.24414,1.24676,21170.0,Interval.in_2_hour,41616000.0,long,long,long,long,long,long,long,long,long,long,long,long,long,long,long,long,long,long,long,long,neutral,neutral,long,short,neutral,neutral,neutral,short,short,short,short,short,short,short,short,short,short,short,short,short,long,long,long,long,long,short,long,long,long,long,long,long,long,short,short,long,long
1571,2023-04-27 14:00:00,OANDA:GBPUSD,1.24674,1.24996,1.24364,1.24488,18305.0,Interval.in_2_hour,41608800.0,long,long,long,long,long,long,long,long,long,long,long,long,long,long,long,long,long,long,long,long,long,long,long,short,short,short,short,short,short,short,short,short,short,short,short,short,short,short,short,long,long,long,long,long,long,long,long,long,long,long,long,long,long,long,long,long,long
1572,2023-04-27 12:00:00,OANDA:GBPUSD,1.24727,1.2474,1.24402,1.24674,11477.0,Interval.in_2_hour,41601600.0,long,long,long,long,long,long,long,long,long,long,long,long,long,long,long,long,long,long,long,long,neutral,neutral,long,short,short,short,short,short,short,long,long,long,long,long,short,short,short,long,long,long,long,long,long,long,long,short,long,short,long,long,long,long,long,long,long,short,short
1573,2023-04-27 10:00:00,OANDA:GBPUSD,1.24734,1.24784,1.24566,1.24727,14478.0,Interval.in_2_hour,41594400.0,short,long,long,long,long,long,long,long,long,long,long,long,long,long,long,long,long,long,long,long,neutral,neutral,long,short,short,short,neutral,short,long,long,long,long,long,long,short,short,long,long,long,long,long,long,long,long,long,short,short,short,short,long,long,long,long,long,long,long,short
1574,2023-04-27 08:00:00,OANDA:GBPUSD,1.2475,1.24884,1.24628,1.24734,11983.0,Interval.in_2_hour,41587200.0,short,short,long,long,long,long,long,long,long,long,long,long,long,long,long,long,long,long,long,long,neutral,neutral,long,short,short,neutral,neutral,long,long,long,long,long,long,short,short,long,long,long,long,long,long,long,long,long,long,short,short,short,short,short,long,long,long,long,long,long,long
1575,2023-04-27 06:00:00,OANDA:GBPUSD,1.24752,1.24778,1.2469,1.2475,7340.0,Interval.in_2_hour,41580000.0,long,short,short,long,long,long,long,long,long,long,long,long,long,long,long,long,long,long,long,long,neutral,neutral,long,short,neutral,neutral,neutral,long,long,long,long,long,short,short,long,long,long,long,long,long,long,long,long,long,long,short,short,short,short,short,short,long,long,long,long,long,long
1576,2023-04-27 04:00:00,OANDA:GBPUSD,1.24712,1.24758,1.24629,1.24752,11610.0,Interval.in_2_hour,41572800.0,long,long,short,short,long,long,long,long,long,long,long,long,long,long,long,long,long,long,long,long,neutral,neutral,long,short,long,neutral,neutral,long,long,long,long,short,short,long,long,long,long,long,long,long,long,long,long,long,long,short,short,short,short,short,short,short,long,long,long,long,long
1577,2023-04-27 02:00:00,OANDA:GBPUSD,1.24682,1.2474,1.24655,1.24712,7001.0,Interval.in_2_hour,41565600.0,long,long,long,short,short,long,long,long,long,long,long,long,long,long,long,long,long,long,long,long,neutral,neutral,long,short,neutral,neutral,neutral,long,long,short,short,short,long,long,long,long,long,long,long,long,long,long,long,long,short,long,long,long,long,short,short,short,short,long,long,long,long
1578,2023-04-27 00:00:00,OANDA:GBPUSD,1.24688,1.24714,1.24642,1.24682,2215.0,Interval.in_2_hour,41558400.0,long,long,long,long,short,short,long,long,long,long,long,long,long,long,long,long,long,long,long,long,neutral,neutral,long,short,neutral,neutral,neutral,long,short,short,short,long,long,long,long,long,long,long,long,long,long,long,long,short,short,long,long,long,long,long,short,short,short,short,long,long,long
1579,2023-04-26 22:00:00,OANDA:GBPUSD,1.2456,1.24709,1.24557,1.24688,5357.0,Interval.in_2_hour,41551200.0,long,long,long,long,long,short,short,long,long,long,long,long,long,long,long,long,long,long,long,long,neutral,neutral,long,short,neutral,neutral,neutral,short,short,short,long,long,long,long,long,long,long,long,long,long,long,short,short,short,short,short,long,long,long,long,long,short,short,short,short,long,long
1580,2023-04-26 20:00:00,OANDA:GBPUSD,1.24678,1.24752,1.24539,1.2456,9416.0,Interval.in_2_hour,41544000.0,long,long,long,long,long,long,short,long,long,long,long,long,long,long,long,long,long,long,long,long,neutral,neutral,long,short,short,short,short,short,short,long,long,long,long,long,long,long,long,long,long,long,short,short,short,short,short,long,long,long,long,long,long,long,long,short,long,long,long
1581,2023-04-26 18:00:00,OANDA:GBPUSD,1.24689,1.24908,1.24595,1.24678,13540.0,Interval.in_2_hour,41536800.0,long,long,long,long,long,long,long,short,short,long,long,long,long,long,long,long,long,long,long,long,neutral,neutral,long,short,short,short,neutral,short,long,long,long,long,long,long,long,long,long,long,long,long,short,short,short,short,short,short,long,long,long,long,long,long,long,short,short,short,short
1582,2023-04-26 16:00:00,OANDA:GBPUSD,1.24728,1.25156,1.24612,1.24689,21813.0,Interval.in_2_hour,41529600.0,short,long,long,long,long,long,long,long,short,short,long,long,long,long,long,long,long,long,long,long,neutral,neutral,long,short,short,neutral,neutral,long,long,long,long,long,long,long,long,long,long,long,long,short,short,short,short,short,short,short,short,short,short,long,long,long,long,long,short,short,short
1583,2023-04-26 14:00:00,OANDA:GBPUSD,1.2483,1.2489,1.24599,1.24728,18232.0,Interval.in_2_hour,41522400.0,short,short,long,long,long,long,long,long,long,short,short,long,long,long,long,long,long,long,long,long,neutral,neutral,long,short,neutral,neutral,neutral,long,long,long,long,long,long,long,long,long,long,long,long,short,short,short,short,short,short,short,short,short,short,short,short,long,long,long,short,short,short
1584,2023-04-26 12:00:00,OANDA:GBPUSD,1.2479,1.24912,1.24633,1.2483,13196.0,Interval.in_2_hour,41515200.0,short,short,short,long,long,long,long,long,short,short,short,short,long,long,long,long,long,long,long,short,neutral,neutral,long,short,long,long,long,long,long,long,long,long,long,long,long,long,long,long,long,short,short,short,short,short,long,short,short,short,short,short,short,short,short,short,short,short,short
1585,2023-04-26 10:00:00,OANDA:GBPUSD,1.24414,1.2479,1.24379,1.2479,16731.0,Interval.in_2_hour,41508000.0,short,short,short,short,long,long,long,long,long,long,short,short,short,long,long,long,long,long,long,short,neutral,neutral,long,short,long,long,long,long,long,long,long,long,long,long,long,short,short,short,short,short,short,short,short,short,short,long,short,short,short,short,short,short,short,short,short,short,short
1586,2023-04-26 08:00:00,OANDA:GBPUSD,1.2425,1.24477,1.24215,1.24414,10066.0,Interval.in_2_hour,41500800.0,long,long,long,long,long,long,long,long,long,long,long,long,long,long,long,long,long,long,long,long,neutral,neutral,long,short,long,long,neutral,long,long,long,long,long,long,short,short,short,short,short,short,short,short,short,short,short,short,long,long,long,long,long,long,long,long,long,long,long,long
1587,2023-04-26 06:00:00,OANDA:GBPUSD,1.24172,1.24254,1.24118,1.2425,6955.0,Interval.in_2_hour,41493600.0,long,long,long,long,long,long,long,long,long,long,long,long,long,long,long,long,long,long,long,long,neutral,neutral,long,short,long,neutral,neutral,long,long,long,long,long,short,short,short,short,short,short,short,short,short,short,short,short,short,long,long,long,long,long,long,long,long,long,long,long,long
1588,2023-04-26 04:00:00,OANDA:GBPUSD,1.24116,1.24191,1.24028,1.24172,11072.0,Interval.in_2_hour,41486400.0,long,long,long,long,long,long,long,long,long,long,long,long,long,long,long,long,long,long,long,long,neutral,neutral,long,short,neutral,neutral,neutral,long,long,long,long,short,short,short,short,short,short,short,short,short,short,short,short,short,short,long,long,long,long,long,long,long,long,long,long,long,long
1589,2023-04-26 02:00:00,OANDA:GBPUSD,1.24158,1.24174,1.2404,1.24116,7995.0,Interval.in_2_hour,41479200.0,long,long,long,long,long,long,long,long,long,long,long,long,long,long,long,long,long,long,long,long,neutral,neutral,long,short,neutral,neutral,neutral,long,long,long,short,short,short,short,short,short,short,short,short,short,short,short,short,short,short,long,long,long,long,long,long,long,long,long,long,long,long
1590,2023-04-26 00:00:00,OANDA:GBPUSD,1.24117,1.24182,1.24069,1.24158,2035.0,Interval.in_2_hour,41472000.0,long,long,long,long,long,long,long,long,long,long,long,long,long,long,long,long,long,long,long,long,neutral,neutral,long,short,long,long,neutral,long,long,short,short,short,short,short,short,short,short,short,short,short,short,short,short,short,short,short,long,long,long,long,long,long,long,long,long,long,long
1591,2023-04-25 22:00:00,OANDA:GBPUSD,1.2407,1.24142,1.2402,1.24117,5193.0,Interval.in_2_hour,41464800.0,long,long,long,long,long,long,long,long,long,long,long,long,long,long,long,long,long,long,long,long,short,short,long,short,long,neutral,neutral,short,short,short,short,short,short,short,short,short,short,short,short,short,short,short,short,short,short,long,short,long,long,long,long,long,long,long,long,long,long
1592,2023-04-25 20:00:00,OANDA:GBPUSD,1.23994,1.2411,1.2395,1.2407,11330.0,Interval.in_2_hour,41457600.0,long,long,long,long,long,long,long,long,long,long,long,long,long,long,long,long,long,long,long,long,neutral,neutral,long,short,neutral,neutral,neutral,short,short,short,short,short,short,short,short,short,short,short,short,short,short,short,short,short,short,long,long,long,long,long,long,long,long,long,long,long,long
1593,2023-04-25 18:00:00,OANDA:GBPUSD,1.23998,1.24124,1.23912,1.23994,11322.0,Interval.in_2_hour,41450400.0,long,long,long,long,long,long,long,long,long,long,long,long,long,long,long,long,long,long,long,long,neutral,neutral,long,short,short,short,short,short,short,short,short,short,short,short,short,short,short,short,short,short,short,short,short,short,short,long,long,long,long,long,long,long,long,long,long,long,long
1594,2023-04-25 16:00:00,OANDA:GBPUSD,1.24246,1.24276,1.23868,1.23998,17155.0,Interval.in_2_hour,41443200.0,long,long,long,long,long,long,long,long,long,long,long,long,long,long,long,long,long,long,long,long,neutral,neutral,long,short,short,short,short,short,short,short,short,short,short,short,short,short,short,short,short,short,short,short,short,short,short,short,long,long,long,long,long,long,long,long,long,long,long
1595,2023-04-25 14:00:00,OANDA:GBPUSD,1.24554,1.24558,1.24204,1.24246,12890.0,Interval.in_2_hour,41436000.0,long,long,long,long,long,long,long,long,long,long,long,long,long,long,long,long,long,long,long,long,neutral,neutral,long,short,short,short,short,short,short,short,short,short,short,short,short,short,short,short,long,long,long,short,short,short,long,short,short,short,short,short,short,short,long,long,long,long,long
1596,2023-04-25 12:00:00,OANDA:GBPUSD,1.24742,1.24796,1.24552,1.24554,11039.0,Interval.in_2_hour,41428800.0,long,long,long,long,long,long,long,long,long,long,long,long,short,long,long,long,long,long,long,long,short,short,long,short,short,short,short,short,short,short,short,short,short,neutral,long,long,long,long,long,long,long,long,long,long,long,short,short,short,short,short,short,short,short,short,short,long,long
1597,2023-04-25 10:00:00,OANDA:GBPUSD,1.24774,1.24786,1.24558,1.24742,16639.0,Interval.in_2_hour,41421600.0,long,short,short,short,short,short,short,short,long,long,short,short,short,short,short,short,long,long,long,long,neutral,neutral,long,short,short,short,short,short,short,short,short,long,long,long,long,long,long,long,long,long,long,long,long,long,long,short,short,short,short,short,short,short,short,short,short,short,long
1598,2023-04-25 08:00:00,OANDA:GBPUSD,1.24822,1.24916,1.2472,1.24774,10759.0,Interval.in_2_hour,41414400.0,long,long,short,short,short,short,short,short,short,short,short,short,short,short,short,short,short,long,long,long,neutral,neutral,long,short,short,short,neutral,short,short,short,long,long,long,long,long,long,long,long,long,long,long,long,long,long,long,short,short,short,short,short,short,short,short,short,short,short,short
1599,2023-04-25 06:00:00,OANDA:GBPUSD,1.24884,1.24916,1.24806,1.24822,5635.0,Interval.in_2_hour,41407200.0,short,short,long,short,short,short,short,short,short,short,short,short,short,short,short,short,short,short,long,long,neutral,neutral,long,short,short,neutral,neutral,short,long,long,long,long,long,long,long,long,long,long,long,long,long,long,long,long,long,short,short,short,short,short,short,short,short,short,short,short,short
1600,2023-04-25 04:00:00,OANDA:GBPUSD,1.24974,1.25072,1.24852,1.24884,7982.0,Interval.in_2_hour,41400000.0,short,short,short,short,short,short,short,short,short,short,short,short,short,short,short,short,short,short,long,long,long,neutral,long,short,neutral,neutral,neutral,long,long,long,long,long,long,long,long,long,long,long,long,long,long,long,long,long,long,short,short,short,short,short,short,short,short,short,short,short,short
1601,2023-04-25 02:00:00,OANDA:GBPUSD,1.24924,1.25074,1.24916,1.24974,4526.0,Interval.in_2_hour,41392800.0,short,short,short,short,short,short,short,short,short,short,short,short,short,short,short,short,short,short,long,long,neutral,neutral,long,short,long,long,long,long,long,long,long,long,long,long,long,long,long,long,long,long,long,long,long,long,long,short,short,short,short,short,short,short,short,short,short,short,short
1602,2023-04-25 00:00:00,OANDA:GBPUSD,1.2485,1.24942,1.24806,1.24924,2395.0,Interval.in_2_hour,41385600.0,short,short,short,short,short,short,short,short,short,short,short,short,short,short,short,short,short,short,long,long,neutral,neutral,long,short,long,long,long,long,long,long,long,long,long,long,long,long,long,long,long,long,long,long,long,long,long,long,short,short,short,short,short,short,short,short,short,short,short
1603,2023-04-24 22:00:00,OANDA:GBPUSD,1.24829,1.24862,1.24784,1.2485,3193.0,Interval.in_2_hour,41378400.0,short,short,short,short,short,short,short,short,short,short,short,short,short,short,short,short,short,short,long,long,neutral,neutral,long,short,long,long,long,long,long,long,long,long,long,long,long,long,long,long,long,long,long,long,long,long,long,long,long,long,short,short,short,short,short,short,short,short,short
1604,2023-04-24 20:00:00,OANDA:GBPUSD,1.24674,1.24857,1.24656,1.24829,6115.0,Interval.in_2_hour,41371200.0,short,short,short,short,short,short,short,long,short,short,short,short,short,short,short,short,short,short,long,long,neutral,neutral,long,short,long,long,long,long,long,long,long,long,long,long,long,long,long,long,long,long,long,long,long,long,long,long,long,long,long,short,short,short,short,short,short,short,short
1605,2023-04-24 18:00:00,OANDA:GBPUSD,1.24622,1.24697,1.24504,1.24674,10033.0,Interval.in_2_hour,41364000.0,short,short,short,short,short,short,short,long,long,long,long,long,short,long,long,long,long,long,long,long,neutral,neutral,long,short,long,long,neutral,long,long,long,long,long,long,long,long,long,long,long,long,long,long,long,long,long,long,long,long,long,long,long,long,long,long,short,short,short,short
1606,2023-04-24 16:00:00,OANDA:GBPUSD,1.24536,1.24698,1.24328,1.24622,14968.0,Interval.in_2_hour,41356800.0,short,short,short,short,short,short,short,short,long,long,long,long,long,short,long,long,long,long,long,long,neutral,neutral,long,short,long,neutral,neutral,long,long,long,long,long,long,long,long,long,long,long,long,long,long,long,long,long,long,long,long,long,long,long,long,long,long,long,short,short,short
1607,2023-04-24 14:00:00,OANDA:GBPUSD,1.24474,1.24558,1.24264,1.24536,10432.0,Interval.in_2_hour,41349600.0,short,short,short,short,short,short,short,short,short,long,long,long,long,long,long,long,long,long,long,long,neutral,neutral,long,short,neutral,neutral,neutral,long,long,long,long,long,long,long,long,long,long,long,long,long,long,long,long,long,long,long,long,long,long,long,long,long,long,long,long,long,short
1608,2023-04-24 12:00:00,OANDA:GBPUSD,1.2452,1.24593,1.24278,1.24474,11206.0,Interval.in_2_hour,41342400.0,short,short,short,short,short,short,short,short,short,short,long,long,long,long,long,long,long,long,long,long,long,long,long,short,neutral,neutral,neutral,long,long,long,long,long,long,long,long,long,long,long,long,long,long,long,long,long,long,long,long,long,long,long,long,long,long,long,long,long,long
1609,2023-04-24 10:00:00,OANDA:GBPUSD,1.24224,1.24534,1.24108,1.2452,14263.0,Interval.in_2_hour,41335200.0,long,short,short,short,short,short,short,short,short,short,short,long,long,long,long,long,long,long,long,long,neutral,neutral,long,short,neutral,neutral,neutral,short,short,short,long,long,long,long,long,long,long,long,long,short,short,short,short,short,short,short,long,long,long,long,long,long,long,long,long,long,long
1610,2023-04-24 08:00:00,OANDA:GBPUSD,1.24354,1.24364,1.24146,1.24224,9946.0,Interval.in_2_hour,41328000.0,long,long,long,short,short,short,short,short,short,short,long,long,long,long,long,long,long,long,long,long,neutral,neutral,long,short,short,short,neutral,short,short,short,short,long,long,long,long,long,long,short,short,short,short,short,short,short,short,long,long,long,long,long,long,long,long,long,long,long,long
1611,2023-04-24 06:00:00,OANDA:GBPUSD,1.24361,1.24416,1.24313,1.24354,7873.0,Interval.in_2_hour,41320800.0,long,long,long,short,short,short,short,short,short,short,short,short,long,long,long,long,long,long,long,long,short,short,long,short,short,neutral,neutral,short,short,long,long,long,long,long,long,long,short,short,short,short,short,short,short,short,short,short,long,long,long,long,long,long,long,long,long,long,long
1612,2023-04-24 04:00:00,OANDA:GBPUSD,1.24484,1.24504,1.24352,1.24361,9588.0,Interval.in_2_hour,41313600.0,long,long,long,long,short,short,short,short,short,short,short,short,short,long,long,long,long,long,long,long,neutral,neutral,long,short,neutral,neutral,neutral,long,long,long,long,long,long,long,long,long,long,long,long,long,short,short,short,short,long,short,short,long,long,long,long,long,long,long,long,long,long
1613,2023-04-24 02:00:00,OANDA:GBPUSD,1.24458,1.24524,1.24384,1.24484,5073.0,Interval.in_2_hour,41306400.0,long,long,long,long,long,short,short,short,short,short,short,short,short,short,short,long,long,long,long,long,neutral,neutral,long,short,long,long,neutral,long,long,long,long,long,long,long,long,long,long,long,long,long,short,short,long,long,long,short,short,short,long,short,long,long,long,long,long,long,long
1614,2023-04-24 00:00:00,OANDA:GBPUSD,1.24424,1.24466,1.24396,1.24458,1270.0,Interval.in_2_hour,41299200.0,long,long,long,long,long,long,short,short,short,short,short,short,short,short,short,short,long,long,long,long,long,long,long,short,long,neutral,neutral,long,long,long,long,long,long,long,long,long,long,long,short,short,short,short,long,long,long,long,short,short,short,long,long,long,long,long,long,long,long
1615,2023-04-21 22:00:00,OANDA:GBPUSD,1.24297,1.24483,1.24286,1.24424,4834.0,Interval.in_2_hour,41119200.0,long,long,long,long,long,long,long,short,short,short,short,short,short,short,short,short,short,long,long,long,neutral,neutral,long,short,neutral,neutral,neutral,long,long,long,long,long,short,short,short,short,short,short,short,short,short,short,short,long,long,long,long,short,short,short,long,long,long,long,long,long,long
1616,2023-04-21 20:00:00,OANDA:GBPUSD,1.24302,1.24419,1.24228,1.24297,7688.0,Interval.in_2_hour,41112000.0,long,long,long,long,long,long,long,long,short,short,short,short,short,short,short,short,short,long,long,long,neutral,neutral,long,short,neutral,neutral,neutral,long,long,long,long,short,short,short,short,short,short,short,short,short,short,short,short,long,long,long,long,long,long,long,short,long,long,long,long,long,long
1617,2023-04-21 18:00:00,OANDA:GBPUSD,1.2397,1.24318,1.23968,1.24302,13864.0,Interval.in_2_hour,41104800.0,long,long,long,long,long,long,long,long,long,short,short,short,short,short,short,short,short,short,long,long,neutral,neutral,long,short,neutral,neutral,neutral,long,long,short,short,short,short,short,short,short,short,short,short,short,short,short,short,short,short,short,long,long,long,long,long,short,long,long,long,long,long
1618,2023-04-21 16:00:00,OANDA:GBPUSD,1.24132,1.24254,1.23669,1.2397,20529.0,Interval.in_2_hour,41097600.0,long,long,long,long,long,long,long,long,long,long,long,long,long,long,long,long,long,long,long,long,neutral,neutral,long,short,neutral,neutral,neutral,long,short,short,short,short,short,short,short,short,short,short,short,short,short,short,short,short,short,long,long,long,long,long,long,long,long,long,long,long,long
1619,2023-04-21 14:00:00,OANDA:GBPUSD,1.23845,1.24137,1.2381,1.24132,10359.0,Interval.in_2_hour,41090400.0,long,long,long,long,long,long,long,long,long,long,long,long,short,short,short,short,long,short,long,long,neutral,neutral,long,short,neutral,neutral,neutral,short,short,short,short,short,short,short,short,short,short,short,short,short,short,short,short,short,short,short,long,long,long,long,long,long,long,long,long,long,long
1620,2023-04-21 12:00:00,OANDA:GBPUSD,1.24002,1.24051,1.23771,1.23845,11454.0,Interval.in_2_hour,41083200.0,long,long,long,long,long,long,long,long,long,long,long,long,long,long,long,long,long,long,long,long,neutral,neutral,long,short,short,short,short,short,short,short,short,short,short,short,short,short,short,short,short,short,short,short,short,short,short,long,long,long,long,long,long,long,long,long,long,long,long
1621,2023-04-21 10:00:00,OANDA:GBPUSD,1.24005,1.24175,1.23779,1.24002,15071.0,Interval.in_2_hour,41076000.0,long,long,long,long,long,long,long,long,long,long,long,long,long,long,short,short,long,long,long,long,neutral,neutral,long,short,short,short,short,short,short,short,short,short,short,short,short,short,short,short,short,short,short,short,short,short,short,short,long,short,long,long,long,long,long,long,long,long,long
1622,2023-04-21 08:00:00,OANDA:GBPUSD,1.24326,1.24342,1.23992,1.24005,10206.0,Interval.in_2_hour,41068800.0,long,long,long,long,long,long,long,long,long,long,long,long,long,long,long,short,short,long,long,long,neutral,neutral,long,short,short,short,neutral,short,short,short,short,short,short,short,short,short,short,short,short,short,short,short,short,short,short,short,short,long,short,long,long,long,long,long,long,long,long
1623,2023-04-21 06:00:00,OANDA:GBPUSD,1.24411,1.24414,1.24306,1.24326,5246.0,Interval.in_2_hour,41061600.0,short,long,long,long,long,long,long,long,long,long,long,long,long,long,long,short,short,short,long,long,neutral,neutral,long,short,short,neutral,neutral,short,short,short,short,short,short,short,short,long,long,long,long,long,short,short,short,short,long,short,short,short,short,short,short,short,long,long,long,long,long
1624,2023-04-21 04:00:00,OANDA:GBPUSD,1.24416,1.24466,1.24372,1.24411,7629.0,Interval.in_2_hour,41054400.0,short,short,long,long,long,long,long,long,long,long,long,long,long,long,long,long,short,short,long,long,neutral,neutral,long,short,neutral,neutral,neutral,short,short,short,short,short,long,long,long,long,long,long,long,long,short,short,short,long,long,short,short,short,short,short,short,short,short,long,long,long,short
1625,2023-04-21 02:00:00,OANDA:GBPUSD,1.24408,1.24437,1.24296,1.24416,5651.0,Interval.in_2_hour,41047200.0,short,short,short,long,long,long,long,long,long,long,long,long,long,long,long,long,long,short,long,long,neutral,neutral,long,short,neutral,neutral,neutral,short,short,short,short,long,short,long,long,long,long,long,long,short,short,short,long,long,short,short,short,short,short,short,short,short,short,short,long,long,long
1626,2023-04-21 00:00:00,OANDA:GBPUSD,1.24436,1.24436,1.24396,1.24408,1699.0,Interval.in_2_hour,41040000.0,long,short,short,short,long,long,long,long,long,long,long,long,long,long,long,long,long,long,long,long,neutral,neutral,long,short,neutral,neutral,neutral,short,short,short,long,long,long,long,long,long,long,long,short,short,short,long,long,short,long,long,long,short,short,short,short,short,short,short,short,long,long
1627,2023-04-20 22:00:00,OANDA:GBPUSD,1.244,1.2444,1.24295,1.24436,5534.0,Interval.in_2_hour,41032800.0,long,long,short,short,short,long,long,long,long,long,long,long,long,long,long,long,long,long,long,long,neutral,neutral,long,short,neutral,neutral,neutral,short,short,long,long,long,long,long,long,long,long,short,short,short,long,long,short,long,long,short,short,short,short,short,short,short,short,short,short,short,short
1628,2023-04-20 20:00:00,OANDA:GBPUSD,1.2449,1.24526,1.24322,1.244,6740.0,Interval.in_2_hour,41025600.0,long,long,long,short,short,short,long,long,long,long,long,long,long,long,long,long,long,long,long,long,neutral,neutral,long,short,short,neutral,neutral,short,long,long,long,long,long,long,long,long,short,short,long,long,long,short,long,long,long,long,long,long,long,short,short,short,short,short,short,short,short
1629,2023-04-20 18:00:00,OANDA:GBPUSD,1.24576,1.2458,1.24414,1.2449,10680.0,Interval.in_2_hour,41018400.0,short,short,short,short,short,short,short,long,short,long,long,long,long,long,long,long,long,long,long,long,neutral,neutral,long,short,neutral,neutral,neutral,long,long,long,long,long,long,long,long,long,long,long,long,long,long,long,long,long,long,short,short,short,short,short,short,short,short,short,short,short,short
1630,2023-04-20 16:00:00,OANDA:GBPUSD,1.24546,1.24681,1.24454,1.24576,15192.0,Interval.in_2_hour,41011200.0,short,short,short,short,short,short,short,short,short,short,short,long,long,long,long,long,long,long,long,long,long,long,long,short,long,neutral,neutral,long,long,long,long,long,long,long,long,long,long,long,long,long,long,long,long,long,long,short,short,short,short,short,short,short,short,short,short,short,short
1631,2023-04-20 14:00:00,OANDA:GBPUSD,1.24356,1.2461,1.24052,1.24546,14772.0,Interval.in_2_hour,41004000.0,short,short,short,short,short,short,short,short,short,short,short,short,long,long,long,long,long,long,long,long,neutral,neutral,long,short,neutral,neutral,neutral,long,long,long,long,long,long,short,short,long,long,long,short,long,long,long,long,long,long,long,short,short,short,short,short,short,short,short,short,short,short
1632,2023-04-20 12:00:00,OANDA:GBPUSD,1.24434,1.2446,1.24196,1.24356,9484.0,Interval.in_2_hour,40996800.0,short,short,short,short,long,long,long,long,short,short,long,long,long,long,long,long,long,long,long,long,neutral,neutral,long,short,neutral,neutral,neutral,long,long,long,long,long,short,short,short,long,long,short,long,long,long,long,long,long,long,long,long,long,long,long,long,long,long,short,short,short,short
1633,2023-04-20 10:00:00,OANDA:GBPUSD,1.24392,1.24522,1.24156,1.24434,14900.0,Interval.in_2_hour,40989600.0,short,short,short,short,short,short,long,long,short,short,short,long,long,long,long,long,long,long,long,long,neutral,neutral,long,short,long,long,neutral,long,long,long,long,short,short,short,long,long,short,long,long,long,long,long,long,long,long,short,long,long,long,short,long,short,short,short,short,short,short
1634,2023-04-20 08:00:00,OANDA:GBPUSD,1.24296,1.24524,1.24242,1.24392,9243.0,Interval.in_2_hour,40982400.0,short,short,short,short,short,short,long,long,long,short,short,short,long,long,long,long,long,long,long,long,neutral,neutral,long,short,long,neutral,neutral,long,short,short,short,short,short,long,long,short,short,long,long,long,long,long,long,long,long,long,short,long,long,long,long,long,long,long,long,short,short
1635,2023-04-20 06:00:00,OANDA:GBPUSD,1.24254,1.24319,1.24226,1.24296,5276.0,Interval.in_2_hour,40975200.0,short,short,short,short,short,long,long,long,long,long,long,long,short,long,long,long,long,long,long,long,neutral,neutral,long,short,neutral,neutral,neutral,short,short,short,short,short,short,long,short,short,long,long,short,long,long,short,short,short,short,long,long,long,long,long,long,long,long,long,long,long,long
1636,2023-04-20 04:00:00,OANDA:GBPUSD,1.24272,1.24356,1.24206,1.24254,8722.0,Interval.in_2_hour,40968000.0,long,short,short,short,short,short,long,long,long,long,long,long,long,short,long,long,long,long,long,long,neutral,neutral,long,short,short,short,neutral,short,short,short,short,short,long,short,short,long,long,short,short,short,short,short,short,short,short,long,long,long,long,long,long,long,long,long,long,long,long
1637,2023-04-20 02:00:00,OANDA:GBPUSD,1.24304,1.24352,1.24248,1.24272,5424.0,Interval.in_2_hour,40960800.0,long,long,short,short,short,short,short,long,long,long,long,long,long,long,short,long,long,long,long,long,neutral,neutral,long,short,short,neutral,neutral,short,short,short,long,long,short,short,long,long,short,long,long,short,long,long,short,short,long,short,long,long,long,long,long,long,long,long,long,long,long
1638,2023-04-20 00:00:00,OANDA:GBPUSD,1.24388,1.24435,1.24304,1.24304,2975.0,Interval.in_2_hour,40953600.0,long,long,long,short,short,short,short,short,short,short,long,long,long,long,long,short,long,long,long,long,neutral,neutral,long,short,neutral,neutral,neutral,short,short,long,long,short,short,long,long,long,long,long,long,long,long,long,short,long,long,short,short,short,long,long,long,long,long,long,long,long,long
1639,2023-04-19 22:00:00,OANDA:GBPUSD,1.24386,1.24409,1.24354,1.24388,4733.0,Interval.in_2_hour,40946400.0,long,long,long,short,short,short,short,short,short,short,short,long,long,long,short,short,short,long,long,long,neutral,neutral,long,short,neutral,neutral,neutral,short,long,long,short,long,long,long,long,long,long,long,long,long,long,long,long,long,long,short,short,short,short,long,long,short,long,long,long,long,long
1640,2023-04-19 20:00:00,OANDA:GBPUSD,1.24524,1.24546,1.2438,1.24386,7617.0,Interval.in_2_hour,40939200.0,long,long,long,long,short,short,short,short,short,short,short,short,long,long,long,short,short,short,long,long,neutral,neutral,long,short,neutral,neutral,neutral,long,long,long,long,long,long,long,long,long,long,long,long,long,long,long,long,long,long,long,short,short,short,short,long,long,short,long,long,long,long
1641,2023-04-19 18:00:00,OANDA:GBPUSD,1.2448,1.24526,1.2436,1.24524,10204.0,Interval.in_2_hour,40932000.0,short,short,short,short,short,short,short,short,short,short,short,short,short,short,short,short,short,short,long,long,neutral,neutral,long,short,long,long,neutral,long,long,long,long,long,long,long,long,long,long,long,long,long,long,long,long,long,long,short,short,short,short,short,short,short,short,short,long,long,short
1642,2023-04-19 16:00:00,OANDA:GBPUSD,1.24403,1.24746,1.24342,1.2448,13904.0,Interval.in_2_hour,40924800.0,long,short,short,short,short,short,short,short,short,short,short,short,short,short,short,short,long,short,long,long,neutral,neutral,long,short,long,neutral,neutral,short,long,long,long,long,long,long,long,long,long,long,long,long,long,long,long,long,long,long,short,short,short,short,short,short,short,short,short,long,long
1643,2023-04-19 14:00:00,OANDA:GBPUSD,1.24148,1.24408,1.23922,1.24403,12437.0,Interval.in_2_hour,40917600.0,long,long,short,long,long,long,long,short,short,short,short,short,short,short,short,long,long,long,long,long,neutral,neutral,long,short,neutral,neutral,neutral,short,long,long,short,long,long,short,short,short,short,short,long,long,long,long,long,long,long,long,long,short,short,short,short,short,short,short,long,short,long
1644,2023-04-19 12:00:00,OANDA:GBPUSD,1.2436,1.24494,1.23988,1.24148,13819.0,Interval.in_2_hour,40910400.0,long,long,long,long,long,long,long,long,long,short,short,short,short,short,long,long,long,long,long,long,long,neutral,long,short,short,neutral,neutral,long,neutral,short,short,short,short,short,short,short,short,long,long,long,long,long,long,long,long,long,long,long,long,long,long,long,long,long,long,long,long
1645,2023-04-19 10:00:00,OANDA:GBPUSD,1.24548,1.24728,1.24335,1.2436,16157.0,Interval.in_2_hour,40903200.0,short,long,long,long,long,long,long,long,long,short,short,short,short,short,short,short,short,long,long,long,neutral,neutral,long,short,neutral,neutral,neutral,long,long,long,long,long,long,long,long,long,long,long,long,long,long,long,long,long,long,short,long,long,long,long,long,short,short,short,short,long,long
1646,2023-04-19 08:00:00,OANDA:GBPUSD,1.2419,1.24688,1.24022,1.24548,13836.0,Interval.in_2_hour,40896000.0,short,short,short,long,short,short,short,short,short,short,short,short,short,short,short,short,short,short,long,long,long,long,long,short,long,neutral,neutral,long,long,long,long,long,long,long,short,long,long,long,long,long,long,long,long,long,long,short,short,short,short,short,short,short,short,short,short,short,short
1647,2023-04-19 06:00:00,OANDA:GBPUSD,1.2419,1.24218,1.24152,1.2419,4211.0,Interval.in_2_hour,40888800.0,long,long,long,long,long,long,long,long,long,long,long,long,short,short,short,short,short,long,long,long,neutral,neutral,long,short,neutral,neutral,neutral,short,short,short,short,short,short,short,short,long,long,long,long,long,long,long,long,long,long,long,long,short,long,long,long,long,long,long,long,long,long
1648,2023-04-19 04:00:00,OANDA:GBPUSD,1.24318,1.24348,1.24096,1.2419,7979.0,Interval.in_2_hour,40881600.0,long,long,long,long,long,long,long,long,long,long,long,long,long,short,short,short,short,short,long,long,neutral,neutral,long,short,neutral,neutral,neutral,short,short,short,short,short,short,long,long,long,long,long,long,long,long,long,long,long,long,long,long,long,short,long,long,long,long,long,long,long,long
1649,2023-04-19 02:00:00,OANDA:GBPUSD,1.24278,1.24322,1.24228,1.24318,5059.0,Interval.in_2_hour,40874400.0,short,short,long,long,long,long,long,long,long,long,long,long,long,long,short,short,short,short,long,long,neutral,neutral,long,short,long,neutral,neutral,long,long,long,short,short,long,long,long,long,long,long,long,long,long,long,long,long,long,short,short,long,long,short,long,long,long,long,long,short,short
1650,2023-04-19 00:00:00,OANDA:GBPUSD,1.24254,1.24296,1.2425,1.24278,2001.0,Interval.in_2_hour,40867200.0,short,short,long,long,long,long,long,long,long,long,long,long,long,long,long,short,short,short,long,long,neutral,neutral,long,short,neutral,neutral,neutral,short,short,short,short,long,long,long,long,long,long,long,long,long,long,long,long,long,long,long,short,short,long,long,short,long,long,long,long,long,long
1651,2023-04-18 22:00:00,OANDA:GBPUSD,1.24288,1.2432,1.24252,1.24254,4049.0,Interval.in_2_hour,40860000.0,long,long,long,long,long,long,long,long,long,long,long,long,long,long,long,long,short,short,long,long,neutral,neutral,long,short,short,neutral,neutral,short,short,short,long,long,long,long,long,long,long,long,long,long,long,long,long,long,long,long,long,short,short,long,long,short,long,long,long,long,long
1652,2023-04-18 20:00:00,OANDA:GBPUSD,1.2429,1.24322,1.24236,1.24288,6471.0,Interval.in_2_hour,40852800.0,long,long,short,short,long,long,long,long,long,long,long,long,long,long,long,long,long,short,long,long,neutral,neutral,long,short,neutral,neutral,neutral,short,short,long,long,long,long,long,long,long,long,long,long,long,long,long,long,long,long,short,short,long,short,short,long,long,short,long,long,long,long
1653,2023-04-18 18:00:00,OANDA:GBPUSD,1.24276,1.24308,1.24158,1.2429,10080.0,Interval.in_2_hour,40845600.0,long,long,long,short,short,long,long,long,long,long,long,long,long,long,long,long,long,long,long,long,neutral,neutral,long,short,neutral,neutral,neutral,short,long,long,long,long,long,long,long,long,long,long,long,long,long,long,long,long,long,short,short,short,long,short,short,long,long,short,long,long,long
1654,2023-04-18 16:00:00,OANDA:GBPUSD,1.24292,1.2443,1.24125,1.24276,17603.0,Interval.in_2_hour,40838400.0,long,long,long,long,short,short,long,long,long,long,long,long,long,long,long,long,long,long,long,long,long,neutral,long,short,short,short,neutral,long,long,long,long,long,long,long,long,long,long,long,long,long,long,long,long,long,long,long,long,short,long,long,short,short,long,long,short,long,long
1655,2023-04-18 14:00:00,OANDA:GBPUSD,1.24382,1.24502,1.24267,1.24292,11986.0,Interval.in_2_hour,40831200.0,long,long,long,long,long,short,short,long,long,long,long,long,long,long,long,long,long,long,long,long,neutral,neutral,long,short,short,neutral,neutral,long,long,long,long,long,long,long,long,long,long,long,long,long,long,long,long,long,long,short,short,short,short,short,long,short,short,long,long,short,long
1656,2023-04-18 12:00:00,OANDA:GBPUSD,1.24386,1.24446,1.2426,1.24382,11014.0,Interval.in_2_hour,40824000.0,long,long,long,long,long,short,short,short,short,long,long,short,long,long,long,long,long,long,long,long,neutral,neutral,long,short,neutral,neutral,neutral,long,long,long,long,long,long,long,long,long,long,long,long,long,long,long,long,long,long,short,short,short,short,short,short,short,short,short,long,short,short
1657,2023-04-18 10:00:00,OANDA:GBPUSD,1.24093,1.24435,1.2408,1.24386,13823.0,Interval.in_2_hour,40816800.0,short,long,long,long,long,long,short,short,short,short,long,long,short,long,long,long,long,long,long,short,neutral,neutral,long,short,long,long,long,long,long,long,long,long,long,long,long,long,long,long,long,long,long,long,long,long,short,short,short,short,short,short,short,short,short,short,short,long,short
1658,2023-04-18 08:00:00,OANDA:GBPUSD,1.23842,1.2416,1.23814,1.24093,10153.0,Interval.in_2_hour,40809600.0,long,long,long,long,long,long,long,long,long,long,long,long,long,long,long,long,long,long,long,long,neutral,neutral,long,short,long,long,neutral,long,long,long,long,long,long,short,long,short,short,short,short,short,short,short,short,short,short,long,long,long,long,long,long,long,long,long,long,long,long
1659,2023-04-18 06:00:00,OANDA:GBPUSD,1.23832,1.2388,1.2381,1.23842,7968.0,Interval.in_2_hour,40802400.0,long,long,long,long,long,long,long,long,long,long,long,long,long,long,long,long,long,long,long,long,neutral,neutral,long,short,long,neutral,neutral,long,long,long,long,short,short,short,short,short,short,short,short,short,short,short,short,short,short,long,long,long,long,long,long,long,long,long,long,long,long
1660,2023-04-18 04:00:00,OANDA:GBPUSD,1.23734,1.2386,1.23677,1.23832,10107.0,Interval.in_2_hour,40795200.0,long,long,long,long,long,long,long,long,long,long,long,long,long,long,long,long,long,long,long,long,neutral,neutral,long,short,neutral,neutral,neutral,long,long,long,short,short,short,short,short,short,short,short,short,short,short,short,short,short,short,long,long,long,long,long,long,long,long,long,long,long,long
1661,2023-04-18 02:00:00,OANDA:GBPUSD,1.23736,1.23782,1.2369,1.23734,4874.0,Interval.in_2_hour,40788000.0,long,long,long,long,long,long,long,long,long,long,long,long,long,long,long,long,long,long,long,long,neutral,neutral,long,short,short,neutral,neutral,long,long,short,short,short,short,short,short,short,short,short,short,short,short,short,short,short,short,long,long,long,long,long,long,long,long,long,long,long,long
1662,2023-04-18 00:00:00,OANDA:GBPUSD,1.2377,1.23808,1.23715,1.23736,2003.0,Interval.in_2_hour,40780800.0,long,long,long,long,long,long,long,long,long,long,long,long,long,long,long,long,long,long,long,long,neutral,neutral,long,short,neutral,neutral,neutral,long,short,short,short,short,short,short,short,short,short,short,short,short,short,short,short,short,short,short,long,long,long,long,long,long,long,long,long,long,long
1663,2023-04-17 22:00:00,OANDA:GBPUSD,1.23736,1.23788,1.23726,1.2377,3783.0,Interval.in_2_hour,40773600.0,long,long,long,long,long,long,long,long,long,long,long,long,long,long,long,long,long,long,long,long,neutral,neutral,long,short,long,neutral,neutral,short,short,short,short,short,short,short,short,short,short,short,short,short,short,short,short,short,short,short,short,long,long,long,long,long,long,long,long,long,long
1664,2023-04-17 20:00:00,OANDA:GBPUSD,1.23562,1.23748,1.23558,1.23736,7216.0,Interval.in_2_hour,40766400.0,long,long,long,long,long,long,long,long,long,long,long,long,long,long,long,long,long,long,long,long,short,short,long,short,neutral,neutral,neutral,short,short,short,short,short,short,short,short,short,short,short,short,short,short,short,short,short,short,long,long,short,long,long,long,long,long,long,long,long,long
1665,2023-04-17 18:00:00,OANDA:GBPUSD,1.23614,1.23717,1.23533,1.23562,13273.0,Interval.in_2_hour,40759200.0,long,long,long,long,long,long,long,long,long,long,long,long,long,long,long,long,long,long,long,long,neutral,neutral,long,short,short,neutral,neutral,short,short,short,short,short,short,short,short,short,short,short,short,short,short,short,short,short,short,long,long,long,long,long,long,long,long,long,long,long,long
1666,2023-04-17 16:00:00,OANDA:GBPUSD,1.24098,1.24162,1.23572,1.23614,20840.0,Interval.in_2_hour,40752000.0,long,long,long,long,long,long,long,long,long,long,long,long,long,long,long,long,long,long,long,long,neutral,neutral,long,short,neutral,neutral,neutral,short,short,short,short,short,short,short,short,short,short,short,short,short,short,short,short,short,short,short,long,long,long,long,long,long,long,long,long,long,long
1667,2023-04-17 14:00:00,OANDA:GBPUSD,1.24068,1.24384,1.24028,1.24098,14415.0,Interval.in_2_hour,40744800.0,long,long,long,long,long,long,long,long,long,long,long,long,long,long,long,long,long,long,long,long,neutral,neutral,long,short,long,neutral,neutral,short,short,long,long,short,short,short,short,short,short,short,short,short,short,short,short,short,short,short,short,short,short,short,short,short,short,short,long,long,long
1668,2023-04-17 12:00:00,OANDA:GBPUSD,1.23772,1.24112,1.23744,1.24068,12044.0,Interval.in_2_hour,40737600.0,long,long,long,long,long,long,long,long,long,long,long,long,long,long,long,long,long,long,long,long,short,short,long,short,neutral,neutral,neutral,short,short,short,short,short,short,short,short,short,short,short,short,short,short,short,short,short,short,long,short,short,short,short,short,short,short,short,long,long,long
1669,2023-04-17 10:00:00,OANDA:GBPUSD,1.24192,1.24287,1.2374,1.23772,14146.0,Interval.in_2_hour,40730400.0,long,long,long,long,long,long,long,long,long,long,long,long,long,long,long,long,long,long,long,long,long,neutral,long,short,neutral,neutral,neutral,short,short,short,short,short,short,short,short,short,short,short,short,short,short,short,short,short,short,long,long,short,short,short,short,short,short,long,long,long,long
1670,2023-04-17 08:00:00,OANDA:GBPUSD,1.24122,1.24246,1.2409,1.24192,9392.0,Interval.in_2_hour,40723200.0,long,long,long,long,long,long,long,long,long,short,short,long,long,short,long,long,long,long,long,long,neutral,neutral,long,short,long,long,neutral,long,long,long,long,short,short,short,short,short,short,short,short,short,short,short,short,short,short,short,short,short,short,short,short,short,short,short,short,short,short
1671,2023-04-17 06:00:00,OANDA:GBPUSD,1.24068,1.24126,1.24001,1.24122,7070.0,Interval.in_2_hour,40716000.0,short,long,long,long,long,long,long,long,long,long,long,long,long,long,long,long,long,long,long,long,neutral,neutral,long,short,long,neutral,neutral,short,short,short,short,short,short,short,short,short,short,short,short,short,short,short,short,short,short,long,short,short,short,short,short,short,short,short,short,short,short
1672,2023-04-17 04:00:00,OANDA:GBPUSD,1.23913,1.2407,1.23834,1.24068,8968.0,Interval.in_2_hour,40708800.0,short,long,long,long,long,long,long,long,long,long,long,long,long,long,long,long,long,long,long,long,neutral,neutral,long,short,neutral,neutral,neutral,short,short,short,short,short,short,short,short,short,short,short,short,short,short,short,short,short,short,long,long,short,long,long,short,short,short,short,short,short,short
1673,2023-04-17 02:00:00,OANDA:GBPUSD,1.2408,1.24124,1.23911,1.23913,5387.0,Interval.in_2_hour,40701600.0,short,short,long,long,long,long,long,long,long,long,long,long,long,long,long,long,long,long,long,long,neutral,neutral,long,short,short,short,neutral,short,short,short,short,short,short,short,short,short,short,short,short,short,short,short,short,short,short,long,long,long,short,long,long,short,short,short,short,short,short
1674,2023-04-17 00:00:00,OANDA:GBPUSD,1.24145,1.24198,1.2405,1.2408,1943.0,Interval.in_2_hour,40694400.0,short,short,short,long,long,long,long,long,long,long,long,long,long,long,long,long,long,long,long,long,neutral,neutral,long,short,short,neutral,neutral,short,short,short,short,short,short,short,short,short,short,short,short,short,short,short,short,short,short,short,short,long,long,short,short,long,short,short,short,short,short
1675,2023-04-14 22:00:00,OANDA:GBPUSD,1.24156,1.2419,1.24114,1.24145,5556.0,Interval.in_2_hour,40514400.0,short,short,short,short,short,long,long,long,long,long,long,long,long,long,long,long,long,long,long,long,neutral,neutral,long,short,neutral,neutral,neutral,short,short,short,short,short,short,short,short,short,short,short,short,short,short,short,short,short,short,short,short,short,short,long,short,short,short,short,short,short,short
1676,2023-04-14 20:00:00,OANDA:GBPUSD,1.24054,1.24176,1.24028,1.24156,9177.0,Interval.in_2_hour,40507200.0,short,short,short,short,short,short,long,long,long,long,long,long,long,long,long,long,long,long,long,long,neutral,neutral,long,short,neutral,neutral,neutral,short,short,short,short,short,short,short,short,short,short,short,short,short,short,short,short,short,short,short,short,short,short,short,long,short,short,short,short,short,short
1677,2023-04-14 18:00:00,OANDA:GBPUSD,1.24432,1.24464,1.23994,1.24054,14570.0,Interval.in_2_hour,40500000.0,short,short,short,short,short,short,long,long,long,long,long,long,long,long,long,long,long,long,long,long,neutral,neutral,long,short,short,short,neutral,short,short,short,short,short,short,short,short,short,short,short,short,short,short,short,short,short,short,long,long,long,short,long,long,long,short,long,long,short,short
1678,2023-04-14 16:00:00,OANDA:GBPUSD,1.2486,1.24918,1.2432,1.24432,24146.0,Interval.in_2_hour,40492800.0,short,short,short,short,short,short,short,short,short,short,short,short,short,short,short,short,short,short,long,long,neutral,neutral,long,short,short,neutral,neutral,short,short,short,short,short,short,short,short,short,short,short,short,short,short,short,short,short,short,short,short,short,short,short,short,short,short,short,short,short,short
1679,2023-04-14 14:00:00,OANDA:GBPUSD,1.25145,1.25252,1.24638,1.2486,18475.0,Interval.in_2_hour,40485600.0,short,short,short,short,short,short,short,short,short,short,short,short,short,short,short,short,short,short,long,long,neutral,neutral,long,short,neutral,neutral,neutral,short,short,short,short,short,short,short,short,short,short,short,short,long,long,long,long,long,long,short,short,short,short,short,short,short,short,short,short,short,short
1680,2023-04-14 12:00:00,OANDA:GBPUSD,1.25042,1.25193,1.25018,1.25145,9826.0,Interval.in_2_hour,40478400.0,short,short,short,short,short,short,short,short,short,short,short,short,short,short,short,short,short,short,long,long,neutral,neutral,long,short,neutral,neutral,neutral,short,short,short,short,short,short,short,short,short,short,long,long,long,long,long,long,long,long,short,short,short,short,short,short,short,short,short,short,short,short
1681,2023-04-14 10:00:00,OANDA:GBPUSD,1.25343,1.25371,1.25022,1.25042,12809.0,Interval.in_2_hour,40471200.0,short,short,short,short,short,short,short,short,short,short,short,short,short,short,short,short,short,short,long,long,neutral,neutral,long,short,short,short,neutral,short,short,short,short,short,short,short,long,long,long,long,long,long,long,long,long,long,long,long,short,short,short,short,short,short,short,short,short,short,short
1682,2023-04-14 08:00:00,OANDA:GBPUSD,1.25409,1.25422,1.25287,1.25343,8896.0,Interval.in_2_hour,40464000.0,short,short,short,short,short,short,short,short,short,short,short,short,short,short,short,short,short,short,long,long,long,neutral,long,short,short,neutral,neutral,long,long,long,long,long,long,long,long,long,long,long,long,long,long,long,long,long,long,short,short,short,short,short,short,short,short,short,short,short,short
1683,2023-04-14 06:00:00,OANDA:GBPUSD,1.25416,1.25469,1.25372,1.25409,7461.0,Interval.in_2_hour,40456800.0,short,short,short,short,short,short,short,short,short,short,short,short,short,short,short,short,short,short,long,long,neutral,neutral,long,short,neutral,neutral,neutral,long,long,long,long,long,long,long,long,long,long,long,long,long,long,long,long,long,long,short,short,short,short,short,short,short,short,short,short,short,short
1684,2023-04-14 04:00:00,OANDA:GBPUSD,1.25212,1.25452,1.25202,1.25416,9801.0,Interval.in_2_hour,40449600.0,short,short,short,short,short,short,short,short,short,short,short,short,short,short,short,short,short,short,long,long,neutral,neutral,long,short,neutral,neutral,neutral,long,long,long,long,long,long,long,long,long,long,long,long,long,long,long,long,long,long,short,short,short,short,short,short,short,short,short,short,short,short
1685,2023-04-14 02:00:00,OANDA:GBPUSD,1.2522,1.25288,1.25174,1.25212,6788.0,Interval.in_2_hour,40442400.0,short,short,short,short,short,short,short,short,short,short,short,short,short,short,short,short,short,short,long,long,neutral,neutral,long,short,short,short,short,short,long,long,long,long,long,long,long,long,long,long,long,long,long,long,long,long,long,long,long,long,short,short,short,short,short,short,short,short,short
1686,2023-04-14 00:00:00,OANDA:GBPUSD,1.2523,1.25274,1.25185,1.2522,1683.0,Interval.in_2_hour,40435200.0,short,short,short,short,short,short,short,short,short,short,short,short,short,short,short,short,short,short,long,long,neutral,neutral,long,short,short,short,neutral,long,long,long,long,long,long,long,long,long,long,long,long,long,long,long,long,long,long,short,long,long,long,short,short,short,short,short,short,short,short
1687,2023-04-13 22:00:00,OANDA:GBPUSD,1.25258,1.25304,1.25209,1.2523,4610.0,Interval.in_2_hour,40428000.0,short,short,short,short,short,short,short,short,short,short,short,short,short,short,short,short,short,short,long,long,neutral,neutral,long,short,short,neutral,neutral,long,long,long,long,long,long,long,long,long,long,long,long,long,long,long,long,long,long,short,short,long,long,long,short,short,short,short,short,short,short
1688,2023-04-13 20:00:00,OANDA:GBPUSD,1.25294,1.25356,1.25219,1.25258,7280.0,Interval.in_2_hour,40420800.0,short,short,short,short,short,short,short,short,short,short,short,short,short,short,short,short,short,short,long,long,neutral,neutral,long,short,neutral,neutral,neutral,long,long,long,long,long,long,long,long,long,long,long,long,long,long,long,long,long,long,short,short,short,long,long,long,short,short,short,short,short,short
1689,2023-04-13 18:00:00,OANDA:GBPUSD,1.25101,1.25342,1.25064,1.25294,10304.0,Interval.in_2_hour,40413600.0,short,short,short,short,short,short,short,short,short,short,short,short,short,short,short,short,short,short,long,long,neutral,neutral,long,short,neutral,neutral,neutral,long,long,long,long,long,long,long,long,long,long,long,long,long,long,long,long,long,long,short,short,short,short,long,long,long,short,short,short,short,short
1690,2023-04-13 16:00:00,OANDA:GBPUSD,1.25316,1.25376,1.25004,1.25101,18266.0,Interval.in_2_hour,40406400.0,short,short,short,short,short,short,short,short,short,short,short,short,short,short,short,short,short,short,long,long,long,neutral,long,short,neutral,neutral,neutral,long,long,long,long,long,long,long,long,long,long,long,long,long,long,long,long,long,long,long,long,long,long,long,long,long,long,short,long,short,short
1691,2023-04-13 14:00:00,OANDA:GBPUSD,1.25061,1.25354,1.2501,1.25316,16112.0,Interval.in_2_hour,40399200.0,short,short,short,short,short,short,short,short,short,short,short,short,short,short,short,short,short,short,long,long,long,long,long,short,neutral,neutral,neutral,long,long,long,long,long,long,long,long,long,long,long,long,long,long,long,long,long,long,short,short,short,short,short,short,long,long,long,short,short,short
1692,2023-04-13 12:00:00,OANDA:GBPUSD,1.25206,1.25298,1.25043,1.25061,11873.0,Interval.in_2_hour,40392000.0,short,short,short,short,short,short,short,short,short,short,short,short,short,short,short,short,short,short,long,long,neutral,neutral,long,short,neutral,neutral,neutral,long,long,long,long,long,long,long,long,long,long,long,long,long,long,long,long,long,long,long,long,long,long,long,long,long,long,long,long,short,long
1693,2023-04-13 10:00:00,OANDA:GBPUSD,1.24875,1.2521,1.24872,1.25206,14231.0,Interval.in_2_hour,40384800.0,short,short,short,short,short,short,short,short,short,short,short,short,short,short,short,short,short,short,long,long,neutral,neutral,long,short,neutral,neutral,neutral,long,long,long,long,long,long,long,long,long,long,long,long,long,long,long,long,long,long,short,long,short,long,long,long,long,long,long,long,long,short
1694,2023-04-13 08:00:00,OANDA:GBPUSD,1.24898,1.24956,1.24782,1.24875,9299.0,Interval.in_2_hour,40377600.0,long,long,short,short,short,short,short,short,short,short,short,short,short,short,short,short,short,short,long,long,neutral,neutral,long,short,short,short,neutral,short,long,long,long,long,long,long,long,long,long,long,long,long,long,long,long,long,long,long,long,long,long,long,long,long,long,long,long,long,long
1695,2023-04-13 06:00:00,OANDA:GBPUSD,1.24916,1.24946,1.24849,1.24898,6693.0,Interval.in_2_hour,40370400.0,long,long,long,short,short,short,short,short,short,short,short,short,short,short,short,short,short,short,long,long,neutral,neutral,long,short,short,neutral,neutral,long,long,long,long,long,long,long,long,long,long,long,long,long,long,long,long,long,long,short,long,long,long,long,long,long,long,long,long,long,long
1696,2023-04-13 04:00:00,OANDA:GBPUSD,1.24928,1.24966,1.24858,1.24916,9781.0,Interval.in_2_hour,40363200.0,long,long,long,long,short,short,short,short,short,short,short,short,short,short,short,short,short,short,long,long,neutral,neutral,long,short,neutral,neutral,neutral,long,long,long,long,long,long,long,long,long,long,long,long,long,long,long,long,long,long,short,short,long,long,long,long,long,long,long,long,long,long
1697,2023-04-13 02:00:00,OANDA:GBPUSD,1.24892,1.24956,1.2482,1.24928,6654.0,Interval.in_2_hour,40356000.0,long,long,long,long,long,short,short,short,short,short,short,short,short,short,short,short,short,short,long,long,neutral,neutral,long,short,long,neutral,neutral,long,long,long,long,long,long,long,long,long,long,long,long,long,long,long,long,long,long,short,short,short,long,long,long,long,long,long,long,long,long
1698,2023-04-13 00:00:00,OANDA:GBPUSD,1.24825,1.24892,1.248,1.24892,1891.0,Interval.in_2_hour,40348800.0,long,long,long,long,long,long,short,short,short,short,short,short,short,short,short,short,short,short,long,long,neutral,neutral,long,short,neutral,neutral,neutral,long,long,long,long,long,long,long,long,long,long,long,long,long,long,long,long,long,long,long,long,long,short,long,long,long,long,long,long,long,long
1699,2023-04-12 22:00:00,OANDA:GBPUSD,1.24884,1.24906,1.2478,1.24825,6755.0,Interval.in_2_hour,40341600.0,long,long,long,long,long,long,long,long,short,short,short,short,short,short,short,short,short,short,long,long,neutral,neutral,long,short,neutral,neutral,neutral,long,long,long,long,long,long,long,long,long,long,long,long,long,long,long,long,long,long,long,long,long,long,long,long,long,long,long,long,long,long
1700,2023-04-12 20:00:00,OANDA:GBPUSD,1.24842,1.24956,1.24802,1.24884,11349.0,Interval.in_2_hour,40334400.0,long,long,long,long,long,long,long,long,short,short,short,short,short,short,short,short,short,short,long,short,neutral,neutral,long,short,long,long,long,long,long,long,long,long,long,long,long,long,long,long,long,long,long,long,long,long,long,short,long,long,long,long,short,long,long,long,long,long,long
1701,2023-04-12 18:00:00,OANDA:GBPUSD,1.24656,1.24847,1.24526,1.24842,12918.0,Interval.in_2_hour,40327200.0,long,long,long,long,long,long,long,long,long,long,short,short,short,short,short,short,short,short,long,short,neutral,neutral,long,short,long,long,neutral,long,long,long,long,long,long,long,long,long,long,long,long,long,long,long,long,long,long,long,short,long,long,long,long,long,long,long,long,long,long
1702,2023-04-12 16:00:00,OANDA:GBPUSD,1.24466,1.24846,1.24382,1.24656,23780.0,Interval.in_2_hour,40320000.0,long,long,long,long,long,long,long,long,long,long,long,short,short,short,short,short,short,short,long,long,neutral,neutral,long,short,long,neutral,neutral,long,long,long,long,long,long,long,long,long,long,long,long,long,long,long,long,long,long,long,long,long,long,long,long,long,long,long,long,long,long
1703,2023-04-12 14:00:00,OANDA:GBPUSD,1.24078,1.24703,1.23984,1.24466,18319.0,Interval.in_2_hour,40312800.0,long,long,long,long,long,long,long,long,long,long,long,long,short,short,short,short,short,short,long,long,neutral,neutral,long,short,neutral,neutral,neutral,short,short,short,short,short,long,long,long,short,short,short,long,long,long,long,long,long,long,long,long,long,long,long,long,long,long,long,long,long,long
1704,2023-04-12 12:00:00,OANDA:GBPUSD,1.24186,1.2428,1.2407,1.24078,8026.0,Interval.in_2_hour,40305600.0,long,long,long,long,long,long,long,long,long,long,long,long,long,long,short,long,long,long,long,long,neutral,neutral,long,short,short,short,neutral,short,short,short,short,short,short,short,short,short,short,short,long,long,long,long,long,long,long,long,long,long,long,long,long,long,long,long,long,long,long
1705,2023-04-12 10:00:00,OANDA:GBPUSD,1.2432,1.24368,1.24084,1.24186,11827.0,Interval.in_2_hour,40298400.0,long,long,long,long,long,long,long,long,long,long,long,long,long,long,long,short,short,short,long,long,neutral,neutral,long,short,short,neutral,neutral,short,short,short,long,long,long,short,short,short,long,long,long,long,long,long,long,long,long,short,long,long,long,long,long,long,long,long,long,long,long
1706,2023-04-12 08:00:00,OANDA:GBPUSD,1.24377,1.24464,1.24217,1.2432,8271.0,Interval.in_2_hour,40291200.0,long,long,long,long,long,long,long,long,long,long,long,long,long,long,long,long,short,short,long,long,neutral,neutral,long,short,neutral,neutral,neutral,long,long,long,long,long,long,short,short,long,long,long,long,long,long,long,long,long,long,short,short,long,long,long,long,long,long,long,long,long,long
1707,2023-04-12 06:00:00,OANDA:GBPUSD,1.2431,1.24402,1.24268,1.24377,5771.0,Interval.in_2_hour,40284000.0,long,long,long,long,long,long,long,long,long,long,long,long,long,long,long,long,long,short,long,long,neutral,neutral,long,short,long,neutral,neutral,long,long,long,long,long,short,short,long,long,long,long,long,long,long,long,long,long,long,short,short,short,long,long,long,long,long,long,long,long,long
1708,2023-04-12 04:00:00,OANDA:GBPUSD,1.24298,1.24404,1.24278,1.2431,8454.0,Interval.in_2_hour,40276800.0,long,long,long,long,long,long,long,long,long,long,long,long,long,long,long,long,long,long,long,long,neutral,neutral,long,short,neutral,neutral,neutral,long,long,long,short,short,short,long,long,long,long,long,long,long,long,long,long,long,long,long,long,short,short,long,long,long,long,long,long,long,long
1709,2023-04-12 02:00:00,OANDA:GBPUSD,1.24313,1.24317,1.24214,1.24298,5310.0,Interval.in_2_hour,40269600.0,long,long,long,long,long,long,long,long,long,long,long,long,long,long,long,long,long,long,long,long,long,neutral,long,short,neutral,neutral,neutral,long,long,short,short,short,long,long,long,long,long,long,long,long,long,long,long,long,long,long,long,long,short,short,long,long,long,long,long,long,long
1710,2023-04-12 00:00:00,OANDA:GBPUSD,1.24256,1.24314,1.24246,1.24313,1385.0,Interval.in_2_hour,40262400.0,long,long,long,long,long,long,long,long,long,long,long,long,long,long,long,long,long,long,long,long,neutral,neutral,long,short,long,long,neutral,long,short,short,short,long,long,long,long,long,long,long,long,long,long,long,short,long,long,short,short,long,long,short,short,long,long,long,long,long,long
1711,2023-04-11 22:00:00,OANDA:GBPUSD,1.24207,1.24294,1.24172,1.24256,4311.0,Interval.in_2_hour,40255200.0,long,long,long,long,long,long,long,long,long,long,long,long,long,long,long,long,long,long,long,long,neutral,neutral,long,short,long,neutral,neutral,short,short,short,short,long,long,long,long,long,long,long,long,long,long,short,long,long,long,long,long,long,long,long,short,short,long,long,long,long,long
1712,2023-04-11 20:00:00,OANDA:GBPUSD,1.24088,1.24228,1.24076,1.24207,6707.0,Interval.in_2_hour,40248000.0,long,long,long,long,long,long,long,long,long,long,long,long,long,long,long,long,long,long,long,long,neutral,neutral,long,short,neutral,neutral,neutral,short,short,short,long,long,long,long,long,long,long,long,long,long,short,short,long,long,long,long,long,long,long,long,long,short,short,long,long,long,long
1713,2023-04-11 18:00:00,OANDA:GBPUSD,1.2431,1.24373,1.24053,1.24088,9945.0,Interval.in_2_hour,40240800.0,long,long,long,long,long,long,long,long,long,long,long,long,long,long,long,long,long,long,long,long,neutral,neutral,long,short,short,short,neutral,short,short,long,long,long,long,long,long,long,long,long,long,short,short,long,long,long,short,long,long,long,long,long,long,long,long,short,long,long,long
1714,2023-04-11 16:00:00,OANDA:GBPUSD,1.24317,1.24406,1.24212,1.2431,15788.0,Interval.in_2_hour,40233600.0,long,long,long,long,long,long,long,long,long,long,long,long,long,long,long,long,long,long,long,long,neutral,neutral,long,short,short,neutral,neutral,long,long,long,long,long,long,long,long,long,long,long,long,long,long,long,long,long,long,short,short,short,long,short,long,long,long,short,short,long,long
1715,2023-04-11 14:00:00,OANDA:GBPUSD,1.24512,1.24534,1.2418,1.24317,13229.0,Interval.in_2_hour,40226400.0,long,long,long,long,long,long,long,long,long,long,long,long,long,long,long,long,long,long,long,long,long,neutral,long,short,neutral,neutral,neutral,long,long,long,long,long,long,long,long,long,long,long,long,long,long,long,long,long,long,short,short,short,short,short,short,short,long,long,short,short,long
1716,2023-04-11 12:00:00,OANDA:GBPUSD,1.24353,1.24568,1.24298,1.24512,13061.0,Interval.in_2_hour,40219200.0,short,long,long,long,long,long,long,long,long,long,long,long,long,long,long,long,long,long,long,long,neutral,neutral,long,short,long,long,neutral,long,long,long,long,long,long,long,long,long,long,long,long,long,long,long,long,long,long,short,short,short,short,short,short,short,short,short,short,short,short
1717,2023-04-11 10:00:00,OANDA:GBPUSD,1.24129,1.24458,1.2407,1.24353,14202.0,Interval.in_2_hour,40212000.0,short,long,long,long,long,long,long,long,long,long,long,long,long,long,long,long,long,long,long,long,neutral,neutral,long,short,long,neutral,neutral,long,long,long,long,long,long,long,long,short,long,long,long,long,long,long,long,long,long,long,short,short,short,short,short,short,short,short,long,short,short
1718,2023-04-11 08:00:00,OANDA:GBPUSD,1.24036,1.242,1.24036,1.24129,10885.0,Interval.in_2_hour,40204800.0,long,short,long,long,long,long,long,long,long,long,long,long,long,long,long,long,long,long,long,long,neutral,neutral,long,short,neutral,neutral,neutral,long,long,long,long,long,long,long,short,short,short,short,short,short,short,short,short,short,short,long,long,long,long,short,long,long,long,long,long,long,long
1719,2023-04-11 06:00:00,OANDA:GBPUSD,1.24044,1.24136,1.24009,1.24036,6640.0,Interval.in_2_hour,40197600.0,long,long,long,long,long,long,long,long,long,long,long,long,long,long,long,long,long,long,long,long,neutral,neutral,long,short,neutral,neutral,neutral,long,long,long,long,long,long,short,short,short,short,short,short,short,short,short,short,short,short,long,long,long,long,long,long,long,long,long,long,long,long
1720,2023-04-11 04:00:00,OANDA:GBPUSD,1.23988,1.2408,1.23867,1.24044,10769.0,Interval.in_2_hour,40190400.0,long,long,long,long,long,long,long,long,long,long,long,long,long,long,long,long,long,long,long,long,neutral,neutral,long,short,long,long,long,long,long,long,long,long,short,short,short,short,short,short,short,short,short,short,short,short,short,short,long,long,long,long,long,long,long,long,long,long,long
1721,2023-04-11 02:00:00,OANDA:GBPUSD,1.23874,1.2404,1.23858,1.23988,6171.0,Interval.in_2_hour,40183200.0,long,long,long,long,long,long,long,long,long,long,long,long,long,long,long,long,long,long,long,long,neutral,neutral,long,short,long,long,long,long,long,long,long,short,short,short,short,short,short,short,short,short,short,short,short,short,short,long,long,long,long,long,long,long,long,long,long,long,long
1722,2023-04-11 00:00:00,OANDA:GBPUSD,1.23836,1.23878,1.23795,1.23874,2406.0,Interval.in_2_hour,40176000.0,long,long,long,long,long,long,long,long,long,long,long,long,long,long,long,long,long,long,long,long,neutral,neutral,long,short,long,long,long,long,long,short,short,short,short,short,short,short,short,short,short,short,short,short,short,short,short,long,long,long,long,long,long,long,long,long,long,long,long
1723,2023-04-10 22:00:00,OANDA:GBPUSD,1.23794,1.23854,1.2376,1.23836,3957.0,Interval.in_2_hour,40168800.0,long,long,long,long,long,long,long,long,long,long,long,long,long,long,long,long,long,long,long,long,neutral,neutral,long,short,long,long,long,long,short,short,short,short,short,short,short,short,short,short,short,short,short,short,short,short,short,long,long,long,long,long,long,long,long,long,long,long,long
1724,2023-04-10 20:00:00,OANDA:GBPUSD,1.23752,1.23828,1.23722,1.23794,6584.0,Interval.in_2_hour,40161600.0,long,long,long,long,long,long,long,long,long,long,long,long,long,long,long,long,long,long,long,long,neutral,neutral,long,short,long,long,neutral,short,short,short,short,short,short,short,short,short,short,short,short,short,short,short,short,short,short,long,long,long,long,long,long,long,long,long,long,long,long
1725,2023-04-10 18:00:00,OANDA:GBPUSD,1.23593,1.23798,1.23564,1.23752,7233.0,Interval.in_2_hour,40154400.0,long,long,long,long,long,long,long,long,long,long,long,long,long,long,long,long,long,long,long,long,short,short,long,short,long,neutral,neutral,short,short,short,short,short,short,short,short,short,short,short,short,short,short,short,short,short,short,long,long,long,long,long,long,long,long,long,long,long,long
1726,2023-04-10 16:00:00,OANDA:GBPUSD,1.23517,1.23692,1.23444,1.23593,14501.0,Interval.in_2_hour,40147200.0,long,long,long,long,long,long,long,long,long,long,long,long,long,long,long,long,long,long,long,long,neutral,neutral,long,short,neutral,neutral,neutral,short,short,short,short,short,short,short,short,short,short,short,short,short,short,short,short,short,short,long,long,long,long,long,long,long,long,long,long,long,long
1727,2023-04-10 14:00:00,OANDA:GBPUSD,1.243,1.24354,1.23496,1.23517,14568.0,Interval.in_2_hour,40140000.0,long,long,long,long,long,long,long,long,long,long,long,long,long,long,long,long,long,long,long,long,long,neutral,long,short,neutral,neutral,neutral,short,short,short,short,short,short,short,short,short,short,short,short,short,short,short,short,short,short,long,long,long,long,long,long,long,long,long,long,long,long
1728,2023-04-10 12:00:00,OANDA:GBPUSD,1.24289,1.24428,1.24257,1.243,6798.0,Interval.in_2_hour,40132800.0,long,long,short,short,short,long,short,long,long,long,short,short,long,long,long,long,long,long,long,short,neutral,neutral,long,short,long,long,neutral,long,long,long,long,long,long,long,long,short,short,short,short,short,short,short,short,short,short,short,short,short,short,short,short,short,short,short,short,long,long
1729,2023-04-10 10:00:00,OANDA:GBPUSD,1.24163,1.24342,1.24134,1.24289,7456.0,Interval.in_2_hour,40125600.0,long,long,long,short,short,short,long,long,long,long,long,short,short,long,long,long,long,long,long,short,long,long,long,short,long,neutral,neutral,long,long,short,long,long,long,long,short,short,short,short,short,short,short,short,short,short,short,long,short,short,short,short,short,short,short,short,short,short,long
1730,2023-04-10 08:00:00,OANDA:GBPUSD,1.24058,1.24174,1.23966,1.24163,5916.0,Interval.in_2_hour,40118400.0,long,long,long,long,short,long,long,long,long,long,long,long,long,short,long,long,long,long,long,short,short,neutral,long,short,neutral,neutral,neutral,short,short,short,short,short,short,short,short,short,short,short,short,short,short,short,short,short,short,long,long,short,short,short,short,short,short,short,short,short,short
1731,2023-04-10 06:00:00,OANDA:GBPUSD,1.24109,1.24153,1.24042,1.24058,4798.0,Interval.in_2_hour,40111200.0,long,long,long,long,long,long,long,long,long,long,long,long,long,long,long,long,long,long,long,short,neutral,neutral,long,short,short,short,neutral,short,short,short,short,short,short,short,short,short,short,short,short,short,short,short,short,short,short,long,long,long,short,short,short,short,short,short,short,short,short
1732,2023-04-10 04:00:00,OANDA:GBPUSD,1.24171,1.2422,1.24106,1.24109,6214.0,Interval.in_2_hour,40104000.0,short,long,long,long,long,long,short,long,long,long,long,long,long,long,long,short,long,long,long,short,short,short,long,short,short,neutral,neutral,short,short,short,short,short,short,short,short,short,short,short,short,short,short,short,short,short,short,short,long,long,long,short,short,short,short,short,short,short,short
1733,2023-04-10 02:00:00,OANDA:GBPUSD,1.24272,1.24346,1.24159,1.24171,6323.0,Interval.in_2_hour,40096800.0,short,short,short,long,long,long,long,short,long,long,long,long,long,long,long,long,short,long,long,short,neutral,neutral,long,short,neutral,neutral,neutral,long,long,long,short,short,short,short,short,short,short,short,short,short,short,short,short,short,short,short,short,short,long,long,short,short,short,short,short,short,short
1734,2023-04-10 00:00:00,OANDA:GBPUSD,1.24205,1.24283,1.242,1.24272,2476.0,Interval.in_2_hour,40089600.0,short,short,short,short,long,long,long,long,short,short,short,long,long,long,long,long,short,short,long,short,neutral,neutral,long,short,long,neutral,neutral,long,long,short,short,short,short,short,short,short,short,short,short,short,short,short,short,short,short,short,short,short,short,long,long,short,short,short,short,short,short
1735,2023-04-07 22:00:00,OANDA:GBPUSD,1.24176,1.24328,1.24138,1.24205,1816.0,Interval.in_2_hour,39909600.0,short,short,short,short,short,long,long,long,long,short,long,long,long,long,long,long,long,short,long,short,neutral,neutral,long,short,neutral,neutral,neutral,short,short,short,short,short,short,short,short,short,short,short,short,short,short,short,short,short,short,long,short,short,short,short,long,long,short,short,short,short,short
1736,2023-04-07 20:00:00,OANDA:GBPUSD,1.24192,1.24222,1.24161,1.24176,4996.0,Interval.in_2_hour,39902400.0,short,short,short,short,short,short,long,long,long,long,short,long,long,long,long,long,long,long,long,short,neutral,neutral,long,short,short,neutral,neutral,short,short,short,short,short,short,short,short,short,short,short,short,short,short,short,short,short,short,long,long,short,short,short,short,long,long,short,short,short,short
1737,2023-04-07 18:00:00,OANDA:GBPUSD,1.24244,1.24258,1.24135,1.24192,12920.0,Interval.in_2_hour,39895200.0,short,short,short,short,short,short,short,long,long,long,long,short,long,long,long,long,long,long,long,short,neutral,neutral,long,short,neutral,neutral,neutral,short,short,short,short,short,short,short,short,short,short,short,short,short,short,short,short,short,short,short,long,long,short,short,short,short,long,long,short,short,short
1738,2023-04-07 16:00:00,OANDA:GBPUSD,1.24166,1.24262,1.24004,1.24244,7167.0,Interval.in_2_hour,39888000.0,short,short,short,short,short,short,short,short,long,long,long,long,short,short,long,long,long,long,long,short,neutral,neutral,long,short,neutral,neutral,neutral,short,short,short,short,short,short,short,short,short,short,short,short,short,short,short,short,short,short,short,short,short,long,short,short,short,short,long,long,short,short
1739,2023-04-07 14:00:00,OANDA:GBPUSD,1.24425,1.24425,1.23892,1.24166,10070.0,Interval.in_2_hour,39880800.0,short,short,short,short,short,short,short,short,short,long,long,long,long,short,long,long,long,long,long,short,neutral,neutral,long,short,neutral,neutral,neutral,short,short,short,short,short,short,short,short,short,short,short,short,short,short,short,short,short,short,long,long,long,long,long,long,short,short,short,long,long,short
1740,2023-04-07 12:00:00,OANDA:GBPUSD,1.24404,1.24456,1.24345,1.24425,5030.0,Interval.in_2_hour,39873600.0,short,short,short,short,short,short,short,short,short,short,short,long,short,short,short,short,short,short,long,short,neutral,neutral,long,short,neutral,neutral,neutral,short,short,long,long,short,short,short,long,short,short,short,short,short,short,short,short,short,short,short,short,short,short,short,short,short,short,short,short,short,short
1741,2023-04-07 10:00:00,OANDA:GBPUSD,1.24416,1.24431,1.2429,1.24404,4803.0,Interval.in_2_hour,39866400.0,short,short,short,short,short,short,short,short,short,short,short,short,long,short,short,short,short,short,long,short,neutral,neutral,long,short,short,neutral,neutral,short,long,long,short,short,short,long,short,short,short,short,short,short,short,short,short,short,short,long,short,short,short,short,short,short,short,short,short,short,short
1742,2023-04-07 08:00:00,OANDA:GBPUSD,1.2448,1.2456,1.24386,1.24416,5669.0,Interval.in_2_hour,39859200.0,short,short,short,short,short,short,short,short,short,short,short,short,short,long,short,short,short,short,long,short,neutral,neutral,long,short,neutral,neutral,neutral,long,long,short,short,short,long,short,short,short,short,long,long,short,short,short,short,short,short,short,long,short,short,short,short,short,short,short,short,short,short
1743,2023-04-07 06:00:00,OANDA:GBPUSD,1.2448,1.24517,1.24455,1.2448,9687.0,Interval.in_2_hour,39852000.0,short,short,short,short,short,short,short,short,short,short,short,short,short,short,long,short,short,short,long,short,neutral,neutral,long,short,long,long,neutral,long,long,short,short,long,long,short,short,short,long,long,short,short,short,short,short,short,short,short,short,short,short,short,short,short,short,short,short,short,short
1744,2023-04-07 04:00:00,OANDA:GBPUSD,1.24374,1.24498,1.24367,1.2448,6089.0,Interval.in_2_hour,39844800.0,short,short,short,short,short,short,short,short,short,short,short,short,short,short,short,long,short,short,long,short,neutral,neutral,long,short,long,neutral,neutral,short,short,short,long,short,short,short,short,short,short,short,short,short,short,short,short,short,short,long,short,short,short,short,short,short,short,short,short,short,short
1745,2023-04-07 02:00:00,OANDA:GBPUSD,1.24362,1.24456,1.24344,1.24374,3562.0,Interval.in_2_hour,39837600.0,short,short,short,short,short,short,short,short,short,short,short,short,short,short,short,short,long,short,long,short,neutral,neutral,long,short,neutral,neutral,neutral,short,short,long,short,short,short,short,short,short,short,short,short,short,short,short,short,short,short,long,long,long,long,long,short,short,short,short,short,short,short
1746,2023-04-07 00:00:00,OANDA:GBPUSD,1.24394,1.24432,1.24333,1.24362,4827.0,Interval.in_2_hour,39830400.0,short,short,short,short,short,short,short,short,short,short,short,short,short,short,short,short,short,long,long,short,neutral,neutral,long,short,short,short,neutral,short,long,short,short,short,short,short,short,short,short,short,short,short,short,short,short,short,short,long,long,long,long,long,long,short,short,short,short,short,short
1747,2023-04-06 22:00:00,OANDA:GBPUSD,1.24546,1.24547,1.24376,1.24394,3581.0,Interval.in_2_hour,39823200.0,short,short,short,short,short,short,short,short,short,short,short,short,short,short,short,short,short,short,long,short,long,neutral,long,short,short,neutral,neutral,long,long,short,short,short,long,long,short,short,short,short,short,short,short,short,short,short,short,short,short,long,long,long,long,long,short,short,short,short,short
1748,2023-04-06 20:00:00,OANDA:GBPUSD,1.24626,1.24672,1.24496,1.24546,6459.0,Interval.in_2_hour,39816000.0,short,short,short,short,short,short,short,short,short,short,short,short,short,short,short,short,short,short,long,short,neutral,neutral,long,short,neutral,neutral,neutral,long,short,short,long,long,long,long,short,short,long,long,short,short,short,short,short,short,short,short,short,short,short,short,short,short,short,short,short,short,short
1749,2023-04-06 18:00:00,OANDA:GBPUSD,1.24351,1.24677,1.24326,1.24626,10034.0,Interval.in_2_hour,39808800.0,short,short,short,short,short,short,short,short,short,short,short,short,short,short,short,short,short,short,long,short,short,neutral,long,short,long,neutral,neutral,short,short,short,long,long,short,short,short,short,short,short,short,short,short,short,short,short,short,short,short,short,short,short,short,short,short,short,short,short,short
1750,2023-04-06 16:00:00,OANDA:GBPUSD,1.24318,1.2439,1.24126,1.24351,18121.0,Interval.in_2_hour,39801600.0,short,short,short,short,short,short,short,short,short,short,short,short,short,short,short,short,short,short,long,short,neutral,neutral,long,short,neutral,neutral,neutral,short,short,short,short,short,short,short,short,short,short,short,short,short,short,short,short,short,short,long,long,long,long,long,long,long,long,long,long,short,short
1751,2023-04-06 14:00:00,OANDA:GBPUSD,1.24594,1.24818,1.24278,1.24318,13251.0,Interval.in_2_hour,39794400.0,short,short,short,short,short,short,short,short,short,short,short,short,short,short,short,short,short,short,long,short,long,neutral,long,short,short,neutral,neutral,short,long,long,short,short,short,short,short,short,short,short,short,short,short,short,short,short,short,long,long,long,long,long,long,long,long,long,long,long,short
1752,2023-04-06 12:00:00,OANDA:GBPUSD,1.24685,1.24762,1.24538,1.24594,9042.0,Interval.in_2_hour,39787200.0,short,short,short,short,short,short,short,short,short,short,short,short,short,short,short,short,short,short,long,short,neutral,neutral,long,short,neutral,neutral,neutral,long,long,long,long,long,long,long,short,short,short,short,short,short,short,short,short,short,short,short,short,long,short,short,short,short,short,short,short,short,short
1753,2023-04-06 10:00:00,OANDA:GBPUSD,1.24628,1.24872,1.24522,1.24685,14595.0,Interval.in_2_hour,39780000.0,short,short,short,short,short,short,short,short,short,short,short,short,short,short,short,short,short,short,long,short,neutral,neutral,long,short,long,long,neutral,long,long,long,long,long,long,short,short,short,short,short,short,short,short,short,short,short,short,short,short,short,short,short,short,short,short,short,short,short,short
1754,2023-04-06 08:00:00,OANDA:GBPUSD,1.2446,1.24671,1.24422,1.24628,7621.0,Interval.in_2_hour,39772800.0,short,short,short,short,short,short,short,short,short,short,short,short,short,short,short,short,short,short,long,short,neutral,neutral,long,short,long,neutral,neutral,short,short,short,short,long,short,short,short,short,short,short,short,short,short,short,short,short,short,long,short,short,short,short,short,short,short,short,short,short,short
1755,2023-04-06 06:00:00,OANDA:GBPUSD,1.24405,1.24491,1.24395,1.2446,4292.0,Interval.in_2_hour,39765600.0,short,short,short,short,short,short,short,short,short,short,short,short,short,short,short,short,short,short,long,short,neutral,neutral,long,short,neutral,neutral,neutral,short,short,short,short,short,short,short,short,short,short,short,short,short,short,short,short,short,short,long,long,long,short,short,long,long,short,short,short,long,long
1756,2023-04-06 04:00:00,OANDA:GBPUSD,1.24486,1.24488,1.24375,1.24405,6705.0,Interval.in_2_hour,39758400.0,long,long,short,long,short,short,short,short,short,short,short,short,short,short,short,short,short,short,long,short,neutral,neutral,long,short,short,neutral,neutral,short,short,short,short,short,short,short,short,short,short,short,short,short,short,short,short,short,short,long,long,long,long,short,short,long,long,short,short,short,long
1757,2023-04-06 02:00:00,OANDA:GBPUSD,1.24654,1.24674,1.24481,1.24486,4036.0,Interval.in_2_hour,39751200.0,short,short,short,short,short,short,short,short,short,short,short,short,short,short,short,short,short,short,long,short,long,neutral,long,short,neutral,neutral,neutral,short,long,short,short,short,short,short,short,short,short,short,short,short,short,short,short,short,long,short,short,long,long,long,short,short,long,long,short,short,short
1758,2023-04-06 00:00:00,OANDA:GBPUSD,1.24612,1.24671,1.24591,1.24654,1474.0,Interval.in_2_hour,39744000.0,short,short,short,short,short,short,short,short,short,short,short,short,short,short,short,short,short,short,long,short,neutral,neutral,long,short,neutral,neutral,neutral,long,short,short,short,short,short,short,short,short,short,short,short,short,short,short,short,long,long,short,short,short,short,long,short,short,short,short,short,short,short
1759,2023-04-05 22:00:00,OANDA:GBPUSD,1.24636,1.24641,1.24558,1.24612,4084.0,Interval.in_2_hour,39736800.0,short,short,short,short,short,short,short,short,short,short,short,short,short,short,short,short,short,short,long,short,neutral,neutral,long,short,neutral,neutral,neutral,short,short,short,short,short,short,short,short,short,short,short,short,short,short,short,long,long,long,long,short,short,short,long,long,short,short,short,long,short,short
1760,2023-04-05 20:00:00,OANDA:GBPUSD,1.24524,1.24664,1.24472,1.24636,7991.0,Interval.in_2_hour,39729600.0,short,short,short,short,short,short,short,short,short,short,short,short,short,short,short,short,short,short,long,short,neutral,neutral,long,short,long,neutral,neutral,short,short,short,short,short,short,short,short,short,short,short,short,short,short,long,long,long,long,short,long,short,short,short,short,long,short,short,short,short,short
1761,2023-04-05 18:00:00,OANDA:GBPUSD,1.24484,1.24796,1.24452,1.24524,13459.0,Interval.in_2_hour,39722400.0,long,short,short,short,short,short,short,short,short,short,short,short,short,short,short,short,short,short,long,short,neutral,neutral,long,short,neutral,neutral,neutral,short,short,short,short,short,short,short,short,short,short,short,short,short,long,long,long,long,long,long,long,long,short,short,short,long,long,long,short,short,long
1762,2023-04-05 16:00:00,OANDA:GBPUSD,1.24898,1.25084,1.24327,1.24484,22928.0,Interval.in_2_hour,39715200.0,long,long,short,short,short,short,short,short,short,short,short,short,short,short,short,short,short,short,long,short,neutral,neutral,long,short,neutral,neutral,neutral,short,short,short,short,short,short,short,short,short,short,short,short,long,long,long,long,long,long,long,long,long,long,long,short,short,long,long,long,short,short
1763,2023-04-05 14:00:00,OANDA:GBPUSD,1.24706,1.2494,1.24558,1.24898,13425.0,Interval.in_2_hour,39708000.0,short,short,short,short,short,short,short,short,short,short,short,short,short,short,short,short,short,short,long,short,neutral,neutral,long,short,neutral,neutral,neutral,short,short,short,short,short,short,short,short,short,short,short,long,long,long,long,long,long,long,short,short,short,short,short,short,short,short,short,short,short,short
1764,2023-04-05 12:00:00,OANDA:GBPUSD,1.2488,1.24944,1.24612,1.24706,9811.0,Interval.in_2_hour,39700800.0,short,short,short,short,short,short,short,short,short,short,short,short,short,short,short,short,short,short,long,short,neutral,neutral,long,short,neutral,neutral,neutral,short,short,short,short,short,short,short,short,short,short,long,long,long,long,long,long,long,long,long,short,short,short,short,short,short,short,short,short,short,short
1765,2023-04-05 10:00:00,OANDA:GBPUSD,1.24848,1.25146,1.247,1.2488,13531.0,Interval.in_2_hour,39693600.0,short,short,short,short,short,short,short,short,short,short,short,short,short,short,short,short,short,short,long,short,neutral,neutral,long,short,neutral,neutral,neutral,short,short,short,short,short,short,short,short,short,long,long,long,long,long,long,long,long,long,short,long,short,short,short,short,short,short,short,short,short,short
1766,2023-04-05 08:00:00,OANDA:GBPUSD,1.2485,1.24957,1.24786,1.24848,9231.0,Interval.in_2_hour,39686400.0,short,short,short,short,short,short,short,short,short,short,short,short,short,short,short,short,short,short,long,short,neutral,neutral,long,short,short,neutral,neutral,short,short,short,short,short,short,short,short,long,long,long,long,long,long,long,long,long,long,long,short,long,short,short,short,short,short,short,short,short,short
1767,2023-04-05 06:00:00,OANDA:GBPUSD,1.24981,1.24998,1.24838,1.2485,5605.0,Interval.in_2_hour,39679200.0,short,short,short,short,short,short,short,short,short,short,short,short,short,short,short,short,short,short,long,short,neutral,neutral,long,short,neutral,neutral,neutral,short,short,short,short,short,long,long,long,long,long,long,long,long,long,long,long,long,long,short,long,short,long,short,short,short,short,short,short,short,short
1768,2023-04-05 04:00:00,OANDA:GBPUSD,1.24858,1.2506,1.24856,1.24981,9261.0,Interval.in_2_hour,39672000.0,short,short,short,short,short,short,short,short,short,short,short,short,short,short,short,short,short,short,long,short,short,short,long,short,neutral,neutral,neutral,short,short,short,short,long,long,long,long,long,long,long,long,long,long,long,long,long,long,short,short,short,short,short,short,short,short,short,short,short,short
1769,2023-04-05 02:00:00,OANDA:GBPUSD,1.25012,1.25106,1.24834,1.24858,6321.0,Interval.in_2_hour,39664800.0,short,short,short,short,short,short,short,short,short,short,short,short,short,short,short,short,short,short,long,short,neutral,neutral,long,short,neutral,neutral,neutral,short,short,long,long,long,long,long,long,long,long,long,long,long,long,long,long,long,long,long,short,short,long,short,long,short,short,short,short,short,short
1770,2023-04-05 00:00:00,OANDA:GBPUSD,1.25008,1.25082,1.24992,1.25012,1495.0,Interval.in_2_hour,39657600.0,short,short,short,short,short,short,short,short,short,short,short,short,short,short,short,short,short,short,long,short,neutral,neutral,long,short,long,long,neutral,short,long,long,long,long,long,long,long,long,long,long,long,long,long,long,long,long,long,short,short,short,short,short,short,short,short,short,short,short,short
1771,2023-04-04 22:00:00,OANDA:GBPUSD,1.24988,1.25024,1.24928,1.25008,4797.0,Interval.in_2_hour,39650400.0,short,short,short,short,short,short,short,short,short,short,short,short,short,short,short,short,short,short,long,short,neutral,neutral,long,short,long,neutral,neutral,long,long,long,long,long,long,long,long,long,long,long,long,long,long,long,long,long,long,long,short,short,short,short,short,short,short,short,short,short,short
1772,2023-04-04 20:00:00,OANDA:GBPUSD,1.24943,1.24996,1.2489,1.24988,7400.0,Interval.in_2_hour,39643200.0,short,short,short,short,short,short,short,short,short,short,short,short,short,short,short,short,short,short,long,short,neutral,neutral,long,short,neutral,neutral,neutral,long,long,long,long,long,long,long,long,long,long,long,long,long,long,long,long,long,long,long,long,short,short,short,short,short,short,short,short,short,short
1773,2023-04-04 18:00:00,OANDA:GBPUSD,1.25148,1.25156,1.24866,1.24943,15419.0,Interval.in_2_hour,39636000.0,short,short,short,short,short,short,short,short,short,short,short,short,short,short,short,short,short,short,short,short,long,long,long,short,neutral,neutral,neutral,long,long,long,long,long,long,long,long,long,long,long,long,long,long,long,long,long,long,long,long,long,short,long,short,short,short,short,short,short,short
1774,2023-04-04 16:00:00,OANDA:GBPUSD,1.2471,1.25254,1.24706,1.25148,23020.0,Interval.in_2_hour,39628800.0,short,short,short,short,short,short,short,short,short,short,short,short,short,short,short,short,short,short,short,short,short,neutral,long,short,neutral,neutral,neutral,long,long,long,long,long,long,long,long,long,long,long,long,long,long,long,long,long,long,short,short,short,short,short,short,short,short,short,short,short,short
1775,2023-04-04 14:00:00,OANDA:GBPUSD,1.25043,1.25061,1.24658,1.2471,13608.0,Interval.in_2_hour,39621600.0,short,short,short,short,short,short,short,short,short,short,short,short,short,short,short,short,short,short,short,short,long,long,long,short,neutral,neutral,neutral,long,long,long,long,long,long,long,long,long,long,long,long,long,long,long,long,long,long,long,long,long,long,long,long,long,long,long,long,short,long
1776,2023-04-04 12:00:00,OANDA:GBPUSD,1.24755,1.25213,1.24722,1.25043,14688.0,Interval.in_2_hour,39614400.0,short,short,short,short,short,short,short,short,short,short,short,short,short,short,short,short,short,short,short,short,neutral,neutral,long,short,long,long,long,long,long,long,long,long,long,long,long,long,long,long,long,long,long,long,long,long,long,short,long,short,short,short,short,short,short,short,short,short,short
1777,2023-04-04 10:00:00,OANDA:GBPUSD,1.24243,1.24812,1.24225,1.24755,16625.0,Interval.in_2_hour,39607200.0,short,long,short,short,short,short,short,short,short,short,short,short,short,short,short,short,short,short,short,short,neutral,neutral,long,short,long,long,neutral,long,long,long,long,long,long,long,long,long,long,long,long,long,long,long,long,long,long,long,short,long,long,long,long,long,long,long,long,long,long
1778,2023-04-04 08:00:00,OANDA:GBPUSD,1.24105,1.2428,1.2395,1.24243,10031.0,Interval.in_2_hour,39600000.0,long,long,long,long,long,long,long,long,long,long,long,long,long,long,long,long,long,long,long,long,neutral,neutral,long,short,long,neutral,neutral,long,long,long,long,long,long,long,long,long,long,long,long,long,long,long,long,long,long,long,long,long,long,long,long,long,long,long,long,long,long
1779,2023-04-04 06:00:00,OANDA:GBPUSD,1.24034,1.24147,1.24004,1.24105,8271.0,Interval.in_2_hour,39592800.0,long,long,long,long,long,long,long,long,long,long,long,long,long,long,long,long,long,long,long,long,neutral,neutral,long,short,neutral,neutral,neutral,short,short,long,long,long,long,long,long,long,long,long,long,long,long,long,long,long,long,long,long,long,long,long,long,long,long,long,long,long,long
1780,2023-04-04 04:00:00,OANDA:GBPUSD,1.2411,1.24128,1.23986,1.24034,9799.0,Interval.in_2_hour,39585600.0,long,long,long,long,long,long,long,long,long,long,long,long,long,long,long,long,long,long,long,long,neutral,neutral,long,short,short,short,neutral,short,long,long,long,long,long,long,long,long,long,long,long,long,long,long,long,long,long,long,long,long,long,long,long,long,long,long,long,long,long
1781,2023-04-04 02:00:00,OANDA:GBPUSD,1.24163,1.24254,1.24048,1.2411,6754.0,Interval.in_2_hour,39578400.0,long,long,long,long,long,long,long,long,long,long,long,long,long,long,long,long,long,long,long,short,long,neutral,long,short,short,neutral,neutral,long,long,long,long,long,long,long,long,long,long,long,long,long,long,long,long,long,long,short,short,long,long,long,long,long,long,long,long,long,long
1782,2023-04-04 00:00:00,OANDA:GBPUSD,1.24173,1.24208,1.24106,1.24163,2279.0,Interval.in_2_hour,39571200.0,long,long,long,long,long,long,long,long,long,long,long,long,long,long,long,long,long,long,long,short,neutral,neutral,long,short,neutral,neutral,neutral,long,long,long,long,long,long,long,long,long,long,long,long,long,long,long,long,long,long,short,short,short,long,long,long,long,long,long,long,long,long
1783,2023-04-03 22:00:00,OANDA:GBPUSD,1.24096,1.24236,1.24081,1.24173,5606.0,Interval.in_2_hour,39564000.0,long,long,long,long,long,long,long,long,long,long,long,long,long,long,long,long,long,long,long,short,neutral,neutral,long,short,long,long,long,long,long,long,long,long,long,long,long,long,long,long,long,long,long,long,long,long,long,short,short,short,short,long,long,long,long,long,long,long,long
1784,2023-04-03 20:00:00,OANDA:GBPUSD,1.23965,1.24101,1.23876,1.24096,8372.0,Interval.in_2_hour,39556800.0,long,long,long,long,long,long,long,long,long,long,long,long,long,long,long,long,long,long,long,short,neutral,neutral,long,short,long,long,long,long,long,long,long,long,long,long,long,long,long,long,long,long,long,long,long,long,long,long,long,long,short,long,long,long,long,long,long,long,long
1785,2023-04-03 18:00:00,OANDA:GBPUSD,1.2396,1.24052,1.23804,1.23965,11794.0,Interval.in_2_hour,39549600.0,long,long,long,long,long,long,long,long,long,long,long,long,long,long,long,long,long,long,long,short,neutral,neutral,long,short,long,long,long,long,long,long,long,long,long,long,long,long,long,long,long,long,long,long,short,short,long,long,long,long,long,long,long,long,long,long,long,long,long
1786,2023-04-03 16:00:00,OANDA:GBPUSD,1.23859,1.24211,1.2378,1.2396,20196.0,Interval.in_2_hour,39542400.0,long,long,long,long,long,long,long,long,long,long,long,long,long,long,long,long,long,long,long,short,neutral,neutral,long,short,long,long,long,long,long,long,long,long,long,long,long,long,long,long,long,long,short,short,short,short,long,long,long,long,long,long,long,long,long,long,long,long,long
1787,2023-04-03 14:00:00,OANDA:GBPUSD,1.23636,1.23933,1.23616,1.23859,12876.0,Interval.in_2_hour,39535200.0,long,long,long,long,long,long,long,long,long,long,long,long,long,long,long,long,long,long,long,short,neutral,neutral,long,short,long,long,long,long,long,long,long,long,long,long,long,short,short,long,short,short,short,short,short,short,short,long,long,long,long,long,long,long,long,long,long,long,long
1788,2023-04-03 12:00:00,OANDA:GBPUSD,1.23328,1.2367,1.23316,1.23636,12135.0,Interval.in_2_hour,39528000.0,long,long,long,long,long,long,long,long,long,long,long,long,long,long,long,long,long,long,long,long,neutral,neutral,long,short,long,long,neutral,long,long,long,long,long,long,short,short,short,short,short,short,short,short,short,short,short,short,long,long,long,long,long,long,long,long,long,long,long,long
1789,2023-04-03 10:00:00,OANDA:GBPUSD,1.2296,1.23346,1.2296,1.23328,13372.0,Interval.in_2_hour,39520800.0,long,long,long,long,long,long,long,long,long,long,long,long,long,long,long,long,long,long,long,long,neutral,neutral,long,short,long,neutral,neutral,long,long,short,short,short,short,short,short,short,short,short,short,short,short,short,short,short,short,long,long,long,long,long,long,long,long,long,long,long,long
1790,2023-04-03 08:00:00,OANDA:GBPUSD,1.2281,1.2302,1.22746,1.2296,10492.0,Interval.in_2_hour,39513600.0,long,long,long,long,long,long,long,long,long,long,long,long,long,long,long,long,long,long,long,long,neutral,neutral,long,short,neutral,neutral,neutral,short,short,short,short,short,short,short,short,short,short,short,short,short,short,short,short,short,short,long,long,long,long,long,long,long,long,long,long,long,long
1791,2023-04-03 06:00:00,OANDA:GBPUSD,1.22847,1.22892,1.22759,1.2281,8203.0,Interval.in_2_hour,39506400.0,long,long,long,long,long,long,long,long,long,long,long,long,long,long,long,long,long,long,long,long,neutral,neutral,long,short,short,short,short,short,short,short,short,short,short,short,short,short,short,short,short,short,short,short,short,short,short,long,long,long,long,long,long,long,long,long,long,long,long
1792,2023-04-03 04:00:00,OANDA:GBPUSD,1.23068,1.2308,1.22844,1.22847,11968.0,Interval.in_2_hour,39499200.0,long,long,long,long,long,long,long,long,long,long,long,long,long,long,long,long,long,long,long,long,neutral,neutral,long,short,short,short,short,short,short,short,short,short,short,short,short,short,short,short,short,short,short,short,short,short,short,short,long,long,long,long,long,long,long,long,long,long,long
1793,2023-04-03 02:00:00,OANDA:GBPUSD,1.23097,1.23109,1.22818,1.23068,12210.0,Interval.in_2_hour,39492000.0,long,long,long,long,long,long,long,long,long,long,long,long,long,long,long,long,long,long,long,long,neutral,neutral,long,short,short,short,short,short,short,short,short,short,short,short,short,short,short,short,short,short,short,short,short,short,short,short,short,short,long,long,long,long,long,long,long,long,long
1794,2023-04-03 00:00:00,OANDA:GBPUSD,1.23304,1.23333,1.2306,1.23097,4212.0,Interval.in_2_hour,39484800.0,long,long,long,long,long,long,long,long,long,long,long,long,long,long,long,long,long,long,long,long,neutral,neutral,long,short,short,short,short,short,short,short,short,short,short,short,short,short,short,short,short,short,short,short,short,short,short,short,short,short,short,long,long,long,long,long,long,long,long
1795,2023-03-31 22:00:00,OANDA:GBPUSD,1.2336,1.23386,1.23263,1.23304,8056.0,Interval.in_2_hour,39304800.0,long,long,long,long,long,long,long,long,long,long,long,long,long,long,long,long,long,long,long,long,neutral,neutral,long,short,short,short,short,short,short,short,short,short,short,short,short,short,short,short,short,short,short,short,short,long,long,short,short,short,short,short,long,long,long,long,long,long,long
1796,2023-03-31 20:00:00,OANDA:GBPUSD,1.2348,1.23486,1.23245,1.2336,7837.0,Interval.in_2_hour,39297600.0,long,long,long,long,long,long,long,long,long,long,long,long,long,long,long,long,long,long,long,long,long,long,long,short,short,short,neutral,short,short,short,short,short,short,short,short,short,short,short,short,short,short,short,long,long,long,short,short,short,short,short,short,short,long,long,long,long,long
1797,2023-03-31 18:00:00,OANDA:GBPUSD,1.23626,1.23818,1.23411,1.2348,12285.0,Interval.in_2_hour,39290400.0,long,long,long,long,long,long,long,long,long,long,long,long,long,long,long,long,long,long,long,long,neutral,neutral,long,short,short,neutral,neutral,short,short,short,short,short,short,short,short,short,short,short,short,long,long,long,long,long,long,short,short,short,short,short,short,short,short,long,long,long,long
1798,2023-03-31 16:00:00,OANDA:GBPUSD,1.23912,1.23976,1.23446,1.23626,18096.0,Interval.in_2_hour,39283200.0,long,long,long,long,long,long,long,long,long,long,long,long,long,long,long,long,long,long,long,long,neutral,neutral,long,short,neutral,neutral,neutral,short,short,short,short,short,short,short,short,short,short,long,long,long,long,long,long,long,long,short,short,short,short,short,short,short,short,short,long,long,long
1799,2023-03-31 14:00:00,OANDA:GBPUSD,1.23749,1.23966,1.2366,1.23912,13321.0,Interval.in_2_hour,39276000.0,long,long,long,long,long,long,long,long,long,long,long,long,long,long,long,long,long,long,long,long,neutral,neutral,long,short,long,neutral,neutral,short,short,short,short,short,short,short,short,long,long,long,long,long,long,long,long,long,long,short,short,short,short,short,short,short,short,short,short,short,short
1800,2023-03-31 12:00:00,OANDA:GBPUSD,1.23662,1.23842,1.236,1.23749,12429.0,Interval.in_2_hour,39268800.0,long,long,long,long,long,long,long,long,long,long,long,long,long,long,long,long,long,long,long,long,neutral,neutral,long,short,neutral,neutral,neutral,short,short,short,short,short,short,short,short,long,long,long,long,long,long,long,long,long,long,long,short,short,short,short,short,short,short,short,short,short,short
1801,2023-03-31 10:00:00,OANDA:GBPUSD,1.23972,1.24002,1.23536,1.23662,16882.0,Interval.in_2_hour,39261600.0,short,long,long,long,long,long,long,long,long,long,long,long,long,long,long,long,long,long,long,long,neutral,neutral,long,short,neutral,neutral,neutral,short,short,short,short,short,short,long,long,long,long,long,long,long,long,long,long,long,long,long,long,short,short,short,short,short,short,short,short,short,short
1802,2023-03-31 08:00:00,OANDA:GBPUSD,1.23952,1.23988,1.23756,1.23972,10009.0,Interval.in_2_hour,39254400.0,short,short,short,short,short,long,long,long,long,long,long,long,long,long,long,long,long,long,long,long,short,short,long,short,neutral,neutral,neutral,long,long,long,long,long,long,long,long,long,long,long,long,long,long,long,long,long,long,short,short,short,short,short,short,short,short,short,short,short,short
1803,2023-03-31 06:00:00,OANDA:GBPUSD,1.24018,1.24034,1.23897,1.23952,5994.0,Interval.in_2_hour,39247200.0,short,short,short,short,long,long,long,long,long,long,long,long,long,long,long,long,long,long,long,long,long,neutral,long,short,neutral,neutral,neutral,long,long,long,long,long,long,long,long,long,long,long,long,long,long,long,long,long,long,long,short,short,short,short,short,short,short,short,short,short,short
1804,2023-03-31 04:00:00,OANDA:GBPUSD,1.23994,1.24233,1.23977,1.24018,11220.0,Interval.in_2_hour,39240000.0,short,short,short,short,short,short,short,long,long,long,long,long,long,long,long,long,long,long,long,long,neutral,neutral,long,short,long,neutral,neutral,long,long,long,long,long,long,long,long,long,long,long,long,long,long,long,long,long,long,short,short,short,short,short,short,short,short,short,short,short,short
1805,2023-03-31 02:00:00,OANDA:GBPUSD,1.23865,1.23997,1.23836,1.23994,7927.0,Interval.in_2_hour,39232800.0,short,short,short,short,short,short,short,short,long,long,long,long,long,long,long,long,long,long,long,long,neutral,neutral,long,short,neutral,neutral,neutral,long,long,long,long,long,long,long,long,long,long,long,long,long,long,long,long,long,long,long,short,short,short,short,short,short,short,short,short,short,short
1806,2023-03-31 00:00:00,OANDA:GBPUSD,1.23892,1.23899,1.23834,1.23865,1123.0,Interval.in_2_hour,39225600.0,short,short,short,short,short,short,short,long,long,long,long,long,long,long,long,long,long,long,long,long,neutral,neutral,long,short,short,neutral,neutral,long,long,long,long,long,long,long,long,long,long,long,long,long,long,long,long,long,long,long,long,long,long,short,short,long,short,short,short,short,short
1807,2023-03-30 22:00:00,OANDA:GBPUSD,1.23928,1.23928,1.23836,1.23892,4645.0,Interval.in_2_hour,39218400.0,short,short,short,short,short,short,short,short,long,long,long,long,long,long,long,long,long,long,long,long,neutral,neutral,long,short,neutral,neutral,neutral,long,long,long,long,long,long,long,long,long,long,long,long,long,long,long,long,long,long,short,long,long,long,long,short,short,long,short,short,short,short
1808,2023-03-30 20:00:00,OANDA:GBPUSD,1.23861,1.23929,1.23764,1.23928,7774.0,Interval.in_2_hour,39211200.0,short,short,short,short,short,short,short,short,short,long,long,long,long,long,long,long,long,long,long,long,neutral,neutral,long,short,long,long,long,long,long,long,long,long,long,long,long,long,long,long,long,long,long,long,long,long,long,short,short,long,long,long,long,short,short,short,short,short,short
1809,2023-03-30 18:00:00,OANDA:GBPUSD,1.23808,1.23864,1.23653,1.23861,10988.0,Interval.in_2_hour,39204000.0,short,short,short,short,short,short,short,short,short,short,long,long,long,long,long,long,long,long,long,long,neutral,neutral,long,short,long,long,neutral,long,long,long,long,long,long,long,long,long,long,long,long,long,long,long,long,long,long,long,long,long,long,long,long,long,short,short,long,short,short
1810,2023-03-30 16:00:00,OANDA:GBPUSD,1.23783,1.23847,1.23575,1.23808,17598.0,Interval.in_2_hour,39196800.0,short,short,short,short,short,short,short,short,short,short,long,long,long,long,long,long,long,long,long,long,long,long,long,short,long,neutral,neutral,long,long,long,long,long,long,long,long,long,long,long,long,long,long,long,long,long,long,long,long,long,long,long,long,long,long,short,short,long,short
1811,2023-03-30 14:00:00,OANDA:GBPUSD,1.23386,1.23803,1.23288,1.23783,14291.0,Interval.in_2_hour,39189600.0,short,short,short,short,short,short,short,short,short,short,short,long,long,long,long,long,long,long,long,short,neutral,neutral,long,short,neutral,neutral,neutral,long,long,long,long,long,long,long,long,long,long,long,long,long,long,long,long,long,long,long,long,long,long,long,long,long,long,long,short,short,long
1812,2023-03-30 12:00:00,OANDA:GBPUSD,1.23548,1.2364,1.23376,1.23386,11926.0,Interval.in_2_hour,39182400.0,long,long,long,short,short,short,short,short,short,short,short,long,long,long,long,long,long,long,long,long,neutral,neutral,long,short,neutral,neutral,neutral,long,long,long,long,long,long,long,long,long,long,long,long,long,long,long,long,long,long,long,long,long,long,long,long,long,long,long,long,long,long
1813,2023-03-30 10:00:00,OANDA:GBPUSD,1.23379,1.23632,1.23266,1.23548,17196.0,Interval.in_2_hour,39175200.0,long,long,long,short,short,short,short,short,short,short,short,short,long,long,long,long,long,long,long,long,neutral,neutral,long,short,long,long,neutral,long,long,long,long,long,long,long,long,long,long,long,long,long,long,long,long,long,long,short,long,long,long,long,long,long,long,long,long,long,long
1814,2023-03-30 08:00:00,OANDA:GBPUSD,1.23116,1.23394,1.23084,1.23379,14343.0,Interval.in_2_hour,39168000.0,long,long,long,long,long,short,short,short,short,short,short,short,short,long,long,long,long,long,long,long,neutral,neutral,long,short,long,neutral,neutral,long,long,long,long,long,long,short,short,short,short,short,short,short,short,short,short,short,long,long,long,long,long,long,long,long,long,long,long,long,long
1815,2023-03-30 06:00:00,OANDA:GBPUSD,1.23006,1.23117,1.22974,1.23116,7500.0,Interval.in_2_hour,39160800.0,long,long,long,long,long,long,long,long,short,short,short,short,short,long,long,long,long,long,long,long,short,neutral,long,short,neutral,neutral,neutral,short,short,short,short,short,short,short,short,short,short,short,short,short,short,short,short,short,short,long,long,long,long,long,long,long,long,long,long,long,long
1816,2023-03-30 04:00:00,OANDA:GBPUSD,1.23048,1.23077,1.22938,1.23006,9271.0,Interval.in_2_hour,39153600.0,long,long,long,long,long,long,long,long,long,long,long,short,short,short,long,long,long,long,long,long,neutral,neutral,long,short,short,short,neutral,short,short,short,short,short,short,short,short,short,short,short,short,short,short,short,short,short,short,long,long,long,long,long,long,long,long,long,long,long,long
1817,2023-03-30 02:00:00,OANDA:GBPUSD,1.23146,1.23155,1.23014,1.23048,7036.0,Interval.in_2_hour,39146400.0,long,long,long,long,long,long,long,long,long,long,long,long,short,short,short,long,long,long,long,long,neutral,neutral,long,short,short,neutral,neutral,short,short,short,short,short,short,short,short,short,short,short,short,short,short,short,short,long,long,short,long,long,long,long,long,long,long,long,long,long,long
1818,2023-03-30 00:00:00,OANDA:GBPUSD,1.23172,1.2318,1.23094,1.23146,1630.0,Interval.in_2_hour,39139200.0,long,long,long,long,long,long,long,long,long,long,long,short,short,short,short,short,long,long,long,long,neutral,neutral,long,short,neutral,neutral,neutral,long,short,short,short,short,short,short,short,short,short,short,short,short,short,long,long,long,short,short,short,short,long,long,long,long,long,long,long,long,long
1819,2023-03-29 22:00:00,OANDA:GBPUSD,1.23155,1.23188,1.23103,1.23172,6144.0,Interval.in_2_hour,39132000.0,long,long,long,long,long,long,long,long,long,long,long,long,short,short,short,short,short,long,long,long,neutral,neutral,long,short,long,neutral,neutral,short,short,short,short,short,short,short,short,short,short,short,short,short,long,long,long,short,long,short,short,short,short,long,long,long,long,long,long,long,long
1820,2023-03-29 20:00:00,OANDA:GBPUSD,1.23089,1.2323,1.23048,1.23155,8555.0,Interval.in_2_hour,39124800.0,long,long,long,long,long,long,long,long,long,long,long,long,long,short,short,short,short,short,long,long,neutral,neutral,long,short,neutral,neutral,neutral,short,short,short,short,short,short,short,short,short,short,short,short,short,long,long,short,short,short,long,short,short,short,short,long,long,long,long,long,long,long
1821,2023-03-29 18:00:00,OANDA:GBPUSD,1.23114,1.23298,1.23061,1.23089,13259.0,Interval.in_2_hour,39117600.0,long,long,long,long,long,long,long,long,long,long,long,long,long,long,long,short,short,short,long,long,neutral,neutral,long,short,short,short,neutral,short,short,short,short,short,short,short,short,short,short,short,short,long,long,short,short,short,long,long,long,long,short,short,long,long,long,long,long,long,long
1822,2023-03-29 16:00:00,OANDA:GBPUSD,1.23318,1.23404,1.23026,1.23114,19838.0,Interval.in_2_hour,39110400.0,long,long,long,long,long,long,long,long,long,long,long,long,long,long,long,short,short,short,long,long,neutral,neutral,long,short,short,neutral,neutral,short,short,short,short,short,short,short,short,short,long,long,long,long,long,long,long,long,long,short,long,long,long,short,short,long,long,long,long,long,long
1823,2023-03-29 14:00:00,OANDA:GBPUSD,1.23455,1.23618,1.23178,1.23318,14984.0,Interval.in_2_hour,39103200.0,long,long,long,long,long,long,long,long,long,long,long,long,long,long,long,short,short,short,long,long,neutral,neutral,long,short,neutral,neutral,neutral,long,long,long,long,long,short,short,long,long,long,long,long,long,long,long,long,long,long,short,short,short,short,short,short,short,short,long,long,long,long
1824,2023-03-29 12:00:00,OANDA:GBPUSD,1.23252,1.23586,1.23234,1.23455,14050.0,Interval.in_2_hour,39096000.0,long,long,long,long,long,long,long,long,long,long,long,long,long,long,long,short,short,short,long,long,neutral,neutral,long,short,long,neutral,neutral,long,long,short,short,short,short,short,long,long,long,long,long,long,long,long,long,long,long,short,short,short,short,short,short,short,short,short,short,long,short
1825,2023-03-29 10:00:00,OANDA:GBPUSD,1.23248,1.23312,1.23048,1.23252,15249.0,Interval.in_2_hour,39088800.0,long,long,long,long,long,long,long,long,long,long,long,long,long,long,long,long,long,long,long,long,neutral,neutral,long,short,neutral,neutral,neutral,short,short,short,short,short,short,long,long,long,long,long,long,long,long,long,long,long,long,long,long,short,short,short,short,short,short,short,short,long,long
1826,2023-03-29 08:00:00,OANDA:GBPUSD,1.23292,1.2332,1.2309,1.23248,12197.0,Interval.in_2_hour,39081600.0,long,long,long,long,long,long,long,long,long,long,long,long,long,long,long,long,long,long,long,long,neutral,neutral,long,short,neutral,neutral,neutral,short,short,short,short,short,long,long,long,long,long,long,long,long,long,long,long,long,long,long,long,long,short,short,short,short,short,short,short,short,long
1827,2023-03-29 06:00:00,OANDA:GBPUSD,1.23258,1.23346,1.23209,1.23292,7005.0,Interval.in_2_hour,39074400.0,long,long,long,long,long,long,long,long,long,long,long,long,long,long,long,long,long,long,long,long,short,short,long,short,neutral,neutral,neutral,short,short,short,short,long,long,long,long,long,long,long,long,long,long,long,long,long,long,short,short,long,long,short,short,short,short,short,short,short,short
1828,2023-03-29 04:00:00,OANDA:GBPUSD,1.23366,1.23411,1.23236,1.23258,9107.0,Interval.in_2_hour,39067200.0,short,long,long,long,long,long,long,long,long,long,long,long,long,long,long,long,long,long,long,long,neutral,neutral,long,short,neutral,neutral,neutral,short,short,short,long,long,long,long,long,long,long,long,long,long,long,long,long,long,long,long,short,short,long,long,short,short,short,short,short,short,short
1829,2023-03-29 02:00:00,OANDA:GBPUSD,1.23348,1.23417,1.23281,1.23366,7357.0,Interval.in_2_hour,39060000.0,short,short,long,long,long,long,long,long,long,long,long,long,long,long,long,long,long,long,long,long,short,short,long,short,neutral,neutral,neutral,short,long,long,long,long,long,long,long,long,long,long,long,long,long,long,long,long,long,short,short,short,short,long,short,short,short,short,short,short,short
1830,2023-03-29 00:00:00,OANDA:GBPUSD,1.23406,1.23432,1.23344,1.23348,2039.0,Interval.in_2_hour,39052800.0,short,short,short,long,long,long,long,long,long,long,long,long,long,long,long,long,long,long,long,long,neutral,neutral,long,short,neutral,neutral,neutral,long,long,long,long,long,long,long,long,long,long,long,long,long,long,long,long,long,long,long,short,short,short,short,long,short,short,short,short,short,short
1831,2023-03-28 22:00:00,OANDA:GBPUSD,1.23368,1.23464,1.23356,1.23406,4373.0,Interval.in_2_hour,39045600.0,short,short,short,short,short,long,short,long,long,long,long,long,long,long,long,long,long,long,long,long,neutral,neutral,long,short,neutral,neutral,neutral,long,long,long,long,long,long,long,long,long,long,long,long,long,long,long,long,long,long,short,short,short,short,short,short,long,short,short,short,short,short
1832,2023-03-28 20:00:00,OANDA:GBPUSD,1.23444,1.23483,1.23294,1.23368,7408.0,Interval.in_2_hour,39038400.0,short,short,short,short,short,long,long,long,long,long,long,long,long,long,long,long,long,long,long,long,neutral,neutral,long,short,neutral,neutral,neutral,long,long,long,long,long,long,long,long,long,long,long,long,long,long,long,long,long,long,long,short,short,short,short,short,short,long,short,short,short,short
1833,2023-03-28 18:00:00,OANDA:GBPUSD,1.23264,1.23494,1.23246,1.23444,10298.0,Interval.in_2_hour,39031200.0,short,short,short,short,short,short,short,long,short,long,long,long,long,long,long,long,long,long,long,long,neutral,neutral,long,short,long,long,long,long,long,long,long,long,long,long,long,long,long,long,long,long,long,long,long,long,long,short,short,short,short,short,short,short,short,long,short,short,short
1834,2023-03-28 16:00:00,OANDA:GBPUSD,1.23138,1.2334,1.22998,1.23264,15882.0,Interval.in_2_hour,39024000.0,short,short,short,short,short,short,short,long,long,long,long,long,long,long,long,long,long,long,long,long,neutral,neutral,long,short,long,long,neutral,long,long,long,long,long,long,long,long,long,long,long,long,long,long,long,long,long,long,long,long,long,long,long,short,long,short,short,long,long,short
1835,2023-03-28 14:00:00,OANDA:GBPUSD,1.2312,1.23288,1.22998,1.23138,12164.0,Interval.in_2_hour,39016800.0,short,short,long,long,long,short,short,short,long,long,long,long,long,long,long,long,long,long,long,long,neutral,neutral,long,short,long,neutral,neutral,short,short,long,long,long,long,long,long,long,long,long,long,long,long,long,long,long,long,long,long,long,long,long,long,long,long,long,long,long,long
1836,2023-03-28 12:00:00,OANDA:GBPUSD,1.22959,1.23144,1.22811,1.2312,11315.0,Interval.in_2_hour,39009600.0,long,short,short,long,long,long,short,short,short,long,long,long,long,long,long,long,long,long,long,long,short,short,long,short,neutral,neutral,neutral,short,short,long,long,long,long,long,long,long,long,long,long,long,long,long,long,long,long,long,long,long,long,long,long,long,long,long,long,long,long
1837,2023-03-28 10:00:00,OANDA:GBPUSD,1.23222,1.23304,1.22892,1.22959,13698.0,Interval.in_2_hour,39002400.0,long,long,long,long,long,long,long,long,long,long,long,long,long,long,long,long,long,long,long,long,long,neutral,long,short,neutral,neutral,neutral,short,long,long,long,long,long,long,long,long,long,long,long,long,long,long,long,long,long,long,long,long,long,long,long,long,long,long,long,long,long
1838,2023-03-28 08:00:00,OANDA:GBPUSD,1.23155,1.23278,1.23135,1.23222,9970.0,Interval.in_2_hour,38995200.0,long,long,long,short,short,short,short,short,short,short,short,long,long,long,long,long,long,long,long,long,neutral,neutral,long,short,long,long,long,long,long,long,long,long,long,long,long,long,long,long,long,long,long,long,long,long,long,short,short,short,long,long,long,long,long,long,long,long,long
1839,2023-03-28 06:00:00,OANDA:GBPUSD,1.23144,1.23217,1.23101,1.23155,7356.0,Interval.in_2_hour,38988000.0,long,long,long,long,short,short,long,long,short,short,short,short,long,long,long,long,long,long,long,long,neutral,neutral,long,short,long,long,neutral,long,long,long,long,long,long,long,long,long,long,long,long,long,long,long,long,long,long,long,short,short,short,long,long,long,long,long,long,long,long
1840,2023-03-28 04:00:00,OANDA:GBPUSD,1.23101,1.23176,1.2307,1.23144,9849.0,Interval.in_2_hour,38980800.0,long,long,long,long,long,short,short,long,long,long,short,short,short,long,long,long,long,long,long,long,neutral,neutral,long,short,long,neutral,neutral,long,long,long,long,long,long,long,long,long,long,long,long,long,long,long,long,long,long,long,long,short,short,short,long,long,long,long,long,long,long
1841,2023-03-28 02:00:00,OANDA:GBPUSD,1.22863,1.23154,1.22862,1.23101,7166.0,Interval.in_2_hour,38973600.0,long,long,long,long,long,long,long,short,long,long,long,short,short,long,long,long,long,long,long,long,neutral,neutral,long,short,neutral,neutral,neutral,long,long,long,long,long,long,long,long,long,long,long,long,long,long,long,long,long,long,long,long,long,short,long,long,long,long,long,long,long,long
1842,2023-03-28 00:00:00,OANDA:GBPUSD,1.22885,1.229,1.22822,1.22863,6219.0,Interval.in_2_hour,38966400.0,long,long,long,long,long,long,long,long,long,long,long,long,long,long,long,long,long,long,long,long,neutral,neutral,long,short,short,neutral,neutral,long,long,long,long,long,long,long,long,long,long,long,long,long,long,long,long,long,long,long,long,long,long,long,long,long,long,long,long,long,long
1843,2023-03-27 22:00:00,OANDA:GBPUSD,1.22898,1.22934,1.22813,1.22885,5350.0,Interval.in_2_hour,38959200.0,long,long,long,long,long,long,long,long,long,long,long,long,long,long,long,long,long,long,long,long,neutral,neutral,long,short,neutral,neutral,neutral,long,long,long,long,long,long,long,long,long,long,long,long,long,long,long,long,long,long,short,long,long,long,long,long,long,long,long,long,long,long
1844,2023-03-27 20:00:00,OANDA:GBPUSD,1.2283,1.22899,1.22724,1.22898,9004.0,Interval.in_2_hour,38952000.0,long,long,long,long,long,long,long,long,long,long,long,long,long,long,long,long,long,long,long,long,neutral,neutral,long,short,long,long,neutral,long,long,long,long,long,long,long,long,long,long,long,long,long,long,long,long,long,long,short,short,long,long,long,long,long,long,long,long,long,long
1845,2023-03-27 18:00:00,OANDA:GBPUSD,1.22728,1.22872,1.2264,1.2283,10731.0,Interval.in_2_hour,38944800.0,long,long,long,long,long,long,long,long,long,long,long,long,long,long,long,long,long,long,long,long,neutral,neutral,long,short,long,neutral,neutral,long,long,long,long,long,long,long,long,long,long,long,long,long,long,long,short,long,short,long,long,long,long,long,long,long,long,long,long,long,long
1846,2023-03-27 16:00:00,OANDA:GBPUSD,1.22436,1.22934,1.22401,1.22728,18420.0,Interval.in_2_hour,38937600.0,long,long,long,long,long,long,long,long,long,long,long,long,long,long,long,long,long,long,long,long,short,neutral,long,short,neutral,neutral,neutral,long,long,long,long,long,long,long,long,long,long,long,long,long,short,short,short,short,short,long,long,long,long,long,long,long,long,long,long,long,long
1847,2023-03-27 14:00:00,OANDA:GBPUSD,1.22629,1.22733,1.22414,1.22436,12448.0,Interval.in_2_hour,38930400.0,long,long,long,long,long,long,long,long,long,long,long,long,long,long,long,long,long,long,long,long,long,neutral,long,short,neutral,neutral,neutral,long,long,long,long,long,long,long,long,long,long,long,short,short,short,short,short,short,short,long,long,long,long,long,long,long,long,long,long,long,long
1848,2023-03-27 12:00:00,OANDA:GBPUSD,1.22628,1.22644,1.22514,1.22629,11913.0,Interval.in_2_hour,38923200.0,long,long,long,long,long,long,long,long,long,long,long,long,long,long,long,long,long,long,long,long,neutral,neutral,long,short,long,long,neutral,long,long,long,long,long,long,long,long,long,long,long,short,short,short,short,short,short,short,short,long,long,long,long,long,long,long,long,long,long,long
1849,2023-03-27 10:00:00,OANDA:GBPUSD,1.2246,1.22662,1.22264,1.22628,16623.0,Interval.in_2_hour,38916000.0,long,long,long,long,long,long,long,long,long,long,long,long,long,long,long,long,long,long,long,long,neutral,neutral,long,short,long,neutral,neutral,long,long,long,long,long,long,long,long,long,long,short,short,short,short,short,short,short,short,long,short,long,long,long,long,long,long,long,long,long,long
1850,2023-03-27 08:00:00,OANDA:GBPUSD,1.2238,1.22466,1.2219,1.2246,11675.0,Interval.in_2_hour,38908800.0,long,long,long,long,long,long,long,long,long,long,long,long,long,long,long,long,long,long,long,long,neutral,neutral,long,short,neutral,neutral,neutral,long,long,long,long,long,long,long,long,short,short,short,short,short,short,short,short,short,short,long,long,short,long,long,long,long,long,long,long,long,long
1851,2023-03-27 06:00:00,OANDA:GBPUSD,1.22412,1.22515,1.22342,1.2238,7763.0,Interval.in_2_hour,38901600.0,long,long,long,long,long,long,long,long,long,long,long,long,long,long,long,long,long,long,long,long,neutral,neutral,long,short,neutral,neutral,neutral,long,long,long,long,long,long,long,short,short,short,short,short,short,short,short,short,short,short,long,long,long,long,long,long,long,long,long,long,long,long
1852,2023-03-27 04:00:00,OANDA:GBPUSD,1.22308,1.22446,1.22304,1.22412,10026.0,Interval.in_2_hour,38894400.0,long,long,long,long,long,long,long,long,long,long,long,long,long,long,long,long,long,long,long,long,neutral,neutral,long,short,neutral,neutral,neutral,long,long,long,long,long,long,short,short,short,short,short,short,short,short,short,short,short,short,short,long,long,long,long,long,long,long,long,long,long,long
1853,2023-03-27 02:00:00,OANDA:GBPUSD,1.2245,1.225,1.22308,1.22308,9142.0,Interval.in_2_hour,38887200.0,long,long,long,long,long,long,long,long,long,long,long,long,long,long,long,long,long,long,long,long,neutral,neutral,long,short,neutral,neutral,neutral,long,long,long,long,long,short,short,short,short,short,short,short,short,short,short,short,short,short,long,long,long,long,long,long,long,long,long,long,long,long
1854,2023-03-27 00:00:00,OANDA:GBPUSD,1.22308,1.22459,1.22299,1.2245,3289.0,Interval.in_2_hour,38880000.0,long,long,long,long,long,long,long,long,long,long,long,long,long,long,long,long,long,long,long,long,neutral,neutral,long,short,long,long,neutral,long,long,long,long,short,short,short,short,short,short,short,short,short,short,short,short,short,short,short,short,short,long,long,long,short,long,long,long,long,long
1855,2023-03-24 21:00:00,OANDA:GBPUSD,1.22274,1.22345,1.22236,1.22308,5713.0,Interval.in_2_hour,38696400.0,long,long,long,long,long,long,long,long,long,long,long,long,long,long,long,long,long,long,long,long,neutral,neutral,long,short,long,neutral,neutral,long,long,long,short,short,short,short,short,short,short,short,short,short,short,short,short,short,short,long,long,long,long,long,long,long,long,long,long,long,long
1856,2023-03-24 19:00:00,OANDA:GBPUSD,1.22196,1.22312,1.22126,1.22274,10647.0,Interval.in_2_hour,38689200.0,long,long,long,long,long,long,long,long,long,long,long,long,long,long,long,long,long,long,long,long,neutral,neutral,long,short,neutral,neutral,neutral,long,long,short,short,short,short,short,short,short,short,short,short,short,short,short,short,short,short,long,long,long,long,long,long,long,long,long,long,long,long
1857,2023-03-24 17:00:00,OANDA:GBPUSD,1.22246,1.22306,1.22134,1.22196,16400.0,Interval.in_2_hour,38682000.0,long,long,long,long,long,long,long,long,long,long,long,long,long,long,long,long,long,long,long,long,neutral,neutral,long,short,neutral,neutral,neutral,long,short,short,short,short,short,short,short,short,short,short,short,short,short,short,short,short,short,long,long,long,long,long,long,long,long,long,long,long,long
1858,2023-03-24 15:00:00,OANDA:GBPUSD,1.22134,1.2232,1.21964,1.22246,24331.0,Interval.in_2_hour,38674800.0,long,long,long,long,long,long,long,long,long,long,long,long,long,long,long,long,long,long,long,long,short,short,long,short,long,neutral,neutral,short,short,short,short,short,short,short,short,short,short,short,short,short,short,short,short,short,short,short,long,long,long,long,long,long,long,long,long,long,long
1859,2023-03-24 13:00:00,OANDA:GBPUSD,1.22026,1.22199,1.21904,1.22134,18467.0,Interval.in_2_hour,38667600.0,long,long,long,long,long,long,long,long,long,long,long,long,long,long,long,long,long,long,long,long,neutral,neutral,long,short,neutral,neutral,neutral,short,short,short,short,short,short,short,short,short,short,short,short,short,short,short,short,short,short,long,long,long,long,long,long,long,long,long,long,long,long
1860,2023-03-24 11:00:00,OANDA:GBPUSD,1.22398,1.22555,1.2199,1.22026,23555.0,Interval.in_2_hour,38660400.0,long,long,long,long,long,long,long,long,long,long,long,long,long,long,long,long,long,long,long,long,neutral,neutral,long,short,short,short,neutral,short,short,short,short,short,short,short,short,short,short,short,short,short,short,short,short,short,short,long,long,long,long,long,long,long,long,long,long,long,long
1861,2023-03-24 09:00:00,OANDA:GBPUSD,1.22674,1.22884,1.22365,1.22398,18776.0,Interval.in_2_hour,38653200.0,long,long,long,long,long,long,long,long,long,long,long,long,long,long,long,long,long,long,long,long,neutral,neutral,long,short,short,neutral,neutral,short,short,short,short,short,short,short,short,short,short,short,short,short,short,short,short,short,long,short,short,short,short,short,short,long,short,long,short,long,long
1862,2023-03-24 07:00:00,OANDA:GBPUSD,1.22854,1.22888,1.22672,1.22674,9600.0,Interval.in_2_hour,38646000.0,short,short,short,long,long,long,long,long,long,long,long,long,long,long,long,long,long,long,long,long,neutral,neutral,long,short,neutral,neutral,neutral,short,short,short,short,short,short,short,short,short,short,short,short,short,long,short,long,long,long,short,short,short,short,short,short,short,short,short,short,short,short
1863,2023-03-24 05:00:00,OANDA:GBPUSD,1.22707,1.22856,1.22665,1.22854,7994.0,Interval.in_2_hour,38638800.0,short,short,short,short,short,short,long,long,long,long,long,long,long,long,long,long,long,long,long,long,neutral,neutral,long,short,neutral,neutral,neutral,short,short,short,short,short,short,short,short,short,short,short,short,long,short,long,long,long,short,short,short,short,short,short,short,short,short,short,short,short,short
1864,2023-03-24 03:00:00,OANDA:GBPUSD,1.22823,1.2287,1.22614,1.22707,12985.0,Interval.in_2_hour,38631600.0,short,short,short,short,short,long,long,long,long,long,long,long,long,long,long,long,long,long,long,long,neutral,neutral,long,short,neutral,neutral,neutral,short,short,short,short,short,short,short,short,short,short,short,long,short,long,long,long,short,short,long,short,short,short,short,short,short,short,short,short,short,short
1865,2023-03-24 01:00:00,OANDA:GBPUSD,1.22814,1.22872,1.22676,1.22823,8812.0,Interval.in_2_hour,38624400.0,short,short,short,short,short,short,short,long,long,long,long,long,long,long,long,long,long,long,long,long,neutral,neutral,long,short,neutral,neutral,neutral,short,short,short,short,short,short,short,short,short,long,long,short,long,long,long,long,long,long,short,long,short,short,short,short,short,short,short,short,short,short
1866,2023-03-23 23:00:00,OANDA:GBPUSD,1.22868,1.22928,1.22781,1.22814,4867.0,Interval.in_2_hour,38617200.0,short,short,short,short,short,short,short,short,long,long,long,long,long,long,long,long,long,long,long,long,neutral,neutral,long,short,neutral,neutral,neutral,short,short,long,short,short,short,short,short,long,long,long,long,long,long,long,long,long,long,long,short,long,short,short,short,short,short,short,short,short,short
1867,2023-03-23 21:00:00,OANDA:GBPUSD,1.22794,1.22956,1.22717,1.22868,18344.0,Interval.in_2_hour,38610000.0,short,short,short,short,short,short,short,short,short,short,long,long,short,long,long,long,long,long,long,long,neutral,neutral,long,short,neutral,neutral,neutral,short,long,short,short,short,short,short,long,long,short,long,long,long,long,long,long,long,long,short,short,short,short,short,short,short,short,short,short,short,short
1868,2023-03-23 19:00:00,OANDA:GBPUSD,1.23218,1.2322,1.22616,1.22794,15636.0,Interval.in_2_hour,38602800.0,short,short,short,short,short,short,short,short,short,short,long,long,long,long,long,long,long,long,long,long,long,long,long,short,neutral,neutral,neutral,long,short,short,short,short,short,long,long,long,long,long,long,long,long,long,long,long,long,long,long,long,short,long,short,short,short,short,short,short,short
1869,2023-03-23 17:00:00,OANDA:GBPUSD,1.23148,1.23306,1.23104,1.23218,15453.0,Interval.in_2_hour,38595600.0,short,short,short,short,short,short,short,short,short,short,short,short,short,short,short,short,short,short,long,long,neutral,neutral,long,short,long,neutral,neutral,long,short,short,long,long,long,long,long,long,long,long,long,long,long,long,long,long,long,short,short,short,short,short,short,short,short,short,short,short,short
1870,2023-03-23 15:00:00,OANDA:GBPUSD,1.22756,1.2319,1.22735,1.23148,18467.0,Interval.in_2_hour,38588400.0,short,short,short,short,short,short,short,short,short,short,short,short,short,short,short,short,short,short,long,long,neutral,neutral,long,short,neutral,neutral,neutral,short,short,short,short,long,long,long,long,long,long,long,long,long,long,long,long,long,long,long,short,short,short,short,short,short,short,short,short,short,short
1871,2023-03-23 13:00:00,OANDA:GBPUSD,1.22889,1.23378,1.22653,1.22756,17883.0,Interval.in_2_hour,38581200.0,short,short,short,short,short,short,short,short,short,short,short,short,short,long,long,long,long,long,long,long,neutral,neutral,long,short,short,short,neutral,short,short,short,long,long,short,long,long,long,long,long,long,long,long,long,long,long,long,long,long,long,long,long,long,short,long,short,short,short,short
1872,2023-03-23 11:00:00,OANDA:GBPUSD,1.23208,1.23321,1.22842,1.22889,14505.0,Interval.in_2_hour,38574000.0,short,short,short,short,short,short,short,short,short,short,short,short,short,short,short,long,short,short,long,long,neutral,neutral,long,short,short,neutral,neutral,short,long,long,long,long,long,long,long,long,long,long,long,long,long,long,long,long,long,short,long,long,short,short,short,short,short,short,short,short,short
1873,2023-03-23 09:00:00,OANDA:GBPUSD,1.2324,1.23438,1.23048,1.23208,20389.0,Interval.in_2_hour,38566800.0,short,short,short,short,short,short,short,short,short,short,short,short,short,short,short,short,short,short,long,long,long,long,long,short,neutral,neutral,neutral,long,long,long,long,long,long,long,long,long,long,long,long,long,long,long,long,long,long,short,short,short,long,short,short,short,short,short,short,short,short
1874,2023-03-23 07:00:00,OANDA:GBPUSD,1.23222,1.23369,1.23213,1.2324,10960.0,Interval.in_2_hour,38559600.0,short,short,short,short,short,short,short,short,short,short,short,short,short,short,short,short,short,short,long,long,neutral,neutral,long,short,long,long,long,long,long,long,long,long,long,long,long,long,long,long,long,long,long,long,long,long,long,short,short,short,short,short,short,short,short,short,short,short,short
1875,2023-03-23 05:00:00,OANDA:GBPUSD,1.23139,1.23249,1.2309,1.23222,8269.0,Interval.in_2_hour,38552400.0,short,short,short,short,short,short,short,short,short,short,short,short,short,short,short,short,short,short,long,short,neutral,neutral,long,short,long,long,neutral,long,long,long,long,long,long,long,long,long,long,long,long,long,long,long,long,long,long,long,short,short,short,short,short,short,short,short,short,short,short
1876,2023-03-23 03:00:00,OANDA:GBPUSD,1.22918,1.23198,1.22826,1.23139,11139.0,Interval.in_2_hour,38545200.0,short,short,short,short,short,short,short,short,short,short,short,short,short,short,short,short,short,short,long,long,long,long,long,short,long,neutral,neutral,long,long,long,long,long,long,long,long,long,long,long,long,long,long,long,long,long,long,long,long,long,short,short,long,long,short,short,short,short,short
1877,2023-03-23 01:00:00,OANDA:GBPUSD,1.22658,1.22928,1.22652,1.22918,10805.0,Interval.in_2_hour,38538000.0,short,short,short,short,short,short,short,short,short,short,short,short,short,short,short,short,short,short,long,long,neutral,neutral,long,short,neutral,neutral,neutral,long,long,long,short,short,long,long,long,long,long,long,long,long,long,long,long,long,long,long,long,long,long,short,short,long,long,short,short,short,short
1878,2023-03-22 23:00:00,OANDA:GBPUSD,1.22662,1.22872,1.22631,1.22658,5476.0,Interval.in_2_hour,38530800.0,long,long,long,long,short,short,short,short,short,short,short,short,short,short,short,short,short,short,long,short,neutral,neutral,long,short,short,neutral,neutral,long,long,short,short,long,long,long,long,long,long,long,long,long,long,long,long,long,long,long,long,long,long,long,long,long,long,long,long,long,long
1879,2023-03-22 21:00:00,OANDA:GBPUSD,1.2301,1.2315,1.22622,1.22662,23190.0,Interval.in_2_hour,38523600.0,long,long,long,long,long,short,short,short,short,short,short,short,short,short,short,short,short,short,long,short,neutral,neutral,long,short,neutral,neutral,neutral,long,long,long,long,long,long,long,long,long,long,long,long,long,long,long,long,long,long,short,long,long,long,long,long,long,long,long,long,long,long
1880,2023-03-22 19:00:00,OANDA:GBPUSD,1.22421,1.23354,1.22328,1.2301,31191.0,Interval.in_2_hour,38516400.0,short,short,short,short,short,short,short,short,short,short,short,short,short,short,short,short,short,short,long,short,short,neutral,long,short,neutral,neutral,neutral,short,short,long,long,long,long,long,long,long,long,long,long,long,long,long,long,long,long,short,short,short,long,long,long,long,short,short,long,long,short
1881,2023-03-22 17:00:00,OANDA:GBPUSD,1.22432,1.22484,1.22249,1.22421,9186.0,Interval.in_2_hour,38509200.0,long,long,long,long,long,long,long,short,short,short,short,short,short,short,long,short,short,short,long,long,neutral,neutral,long,short,short,short,neutral,short,short,long,long,long,long,long,long,long,long,long,short,short,short,short,short,short,short,long,long,long,long,long,long,long,long,long,long,long,long
1882,2023-03-22 15:00:00,OANDA:GBPUSD,1.22701,1.22721,1.22208,1.22432,13011.0,Interval.in_2_hour,38502000.0,long,long,long,long,long,long,long,long,short,short,short,short,short,short,short,long,short,short,long,long,neutral,neutral,long,short,short,neutral,neutral,long,long,long,long,long,long,long,long,long,long,long,long,long,long,short,short,short,short,short,long,long,long,long,long,long,long,long,long,long,long
1883,2023-03-22 13:00:00,OANDA:GBPUSD,1.22878,1.22903,1.22619,1.22701,11126.0,Interval.in_2_hour,38494800.0,long,long,long,long,long,long,long,long,short,short,short,short,short,short,short,short,short,short,long,long,long,long,long,short,neutral,neutral,neutral,long,long,long,long,long,long,long,long,long,long,long,long,long,long,long,long,long,short,short,short,long,short,short,long,long,long,long,long,long,long
1884,2023-03-22 11:00:00,OANDA:GBPUSD,1.22752,1.22976,1.2274,1.22878,12317.0,Interval.in_2_hour,38487600.0,short,long,long,short,short,short,short,short,short,short,short,short,short,short,short,short,short,short,long,long,neutral,neutral,long,short,long,neutral,neutral,long,long,long,long,long,long,long,long,long,long,long,long,long,long,long,long,long,long,short,short,short,long,short,short,long,long,long,long,long,long
1885,2023-03-22 09:00:00,OANDA:GBPUSD,1.22287,1.22856,1.22258,1.22752,17947.0,Interval.in_2_hour,38480400.0,long,long,long,long,long,long,long,long,short,long,short,short,short,short,short,short,short,short,long,long,short,neutral,long,short,neutral,neutral,neutral,long,long,long,long,long,long,long,short,long,long,short,short,short,short,short,short,short,short,long,short,short,short,long,short,short,long,long,long,long,long
1886,2023-03-22 07:00:00,OANDA:GBPUSD,1.22312,1.224,1.22242,1.22287,8489.0,Interval.in_2_hour,38473200.0,long,long,long,long,long,long,long,long,long,long,long,long,long,short,short,short,short,short,long,long,neutral,neutral,long,short,neutral,neutral,neutral,long,long,long,long,long,short,short,short,short,short,short,short,short,short,short,short,short,short,long,long,long,long,long,long,long,long,long,long,long,long
1887,2023-03-22 05:00:00,OANDA:GBPUSD,1.22247,1.2237,1.22208,1.22312,9878.0,Interval.in_2_hour,38466000.0,long,long,long,long,long,long,long,long,long,long,long,long,long,long,short,short,short,short,long,long,neutral,neutral,long,short,long,neutral,neutral,long,long,long,long,short,short,short,short,short,short,short,short,short,short,short,short,short,long,short,long,long,long,long,long,long,long,long,long,long,long
1888,2023-03-22 03:00:00,OANDA:GBPUSD,1.22204,1.22296,1.22087,1.22247,10083.0,Interval.in_2_hour,38458800.0,long,long,long,long,long,long,long,long,long,long,long,long,long,long,long,short,short,short,long,long,neutral,neutral,long,short,neutral,neutral,neutral,long,long,long,short,short,short,short,short,short,short,short,short,short,short,short,short,short,long,long,long,long,long,long,long,long,long,long,long,long,long
1889,2023-03-22 01:00:00,OANDA:GBPUSD,1.22238,1.2228,1.2215,1.22204,9395.0,Interval.in_2_hour,38451600.0,long,long,long,long,long,long,long,long,long,long,long,long,long,long,long,long,short,short,long,long,neutral,neutral,long,short,neutral,neutral,neutral,long,long,short,short,short,short,short,short,short,short,short,short,short,short,short,short,long,long,long,long,long,long,long,long,long,long,long,long,long,long
1890,2023-03-21 23:00:00,OANDA:GBPUSD,1.22178,1.22238,1.22135,1.22238,1402.0,Interval.in_2_hour,38444400.0,long,long,long,long,long,long,long,long,long,long,long,long,long,long,long,long,long,short,long,long,short,short,long,short,long,long,neutral,long,short,short,short,short,short,short,short,short,short,short,short,short,short,short,long,long,long,short,long,long,long,long,long,long,long,long,long,long,long
1891,2023-03-21 21:00:00,OANDA:GBPUSD,1.2216,1.22211,1.22102,1.22178,5703.0,Interval.in_2_hour,38437200.0,long,long,long,long,long,long,long,long,long,long,long,long,long,long,long,long,long,long,long,long,neutral,neutral,long,short,long,neutral,neutral,short,short,short,short,short,short,short,short,short,short,short,short,short,short,short,long,long,long,long,long,long,long,long,long,long,long,long,long,long,long
1892,2023-03-21 19:00:00,OANDA:GBPUSD,1.21902,1.22164,1.21866,1.2216,9137.0,Interval.in_2_hour,38430000.0,long,long,long,long,long,long,long,long,long,long,long,long,long,long,long,long,long,long,long,long,neutral,neutral,long,short,neutral,neutral,neutral,short,short,short,short,short,short,short,short,short,short,short,short,short,short,long,long,long,long,long,long,long,long,long,long,long,long,long,long,long,long
1893,2023-03-21 17:00:00,OANDA:GBPUSD,1.22188,1.22227,1.21787,1.21902,13830.0,Interval.in_2_hour,38422800.0,long,long,long,long,long,long,long,long,long,long,long,long,long,long,long,long,long,long,long,long,neutral,neutral,long,short,short,short,neutral,short,short,short,short,short,short,short,short,short,short,short,short,short,long,long,long,long,long,long,long,long,long,long,long,long,long,long,long,long,long
1894,2023-03-21 15:00:00,OANDA:GBPUSD,1.2252,1.2255,1.22099,1.22188,16341.0,Interval.in_2_hour,38415600.0,long,long,long,long,long,long,long,long,long,long,long,long,long,long,long,long,long,long,long,long,neutral,neutral,long,short,short,neutral,neutral,short,short,short,short,short,short,short,short,short,short,long,long,long,long,long,long,long,long,short,short,short,long,long,long,long,long,long,long,long,long
1895,2023-03-21 13:00:00,OANDA:GBPUSD,1.22564,1.22593,1.2241,1.2252,13386.0,Interval.in_2_hour,38408400.0,short,short,long,long,long,long,long,long,long,long,long,long,long,long,long,long,long,long,long,long,neutral,neutral,long,short,neutral,neutral,neutral,long,short,short,short,short,short,short,short,long,long,long,long,long,long,long,long,long,long,short,short,short,short,short,short,short,short,short,long,long,long
1896,2023-03-21 11:00:00,OANDA:GBPUSD,1.22331,1.22576,1.2229,1.22564,12260.0,Interval.in_2_hour,38401200.0,long,short,short,long,long,long,long,long,long,long,long,long,long,long,long,long,long,long,long,long,neutral,neutral,long,short,neutral,neutral,neutral,short,short,short,short,short,short,short,long,long,long,long,long,long,long,long,long,long,long,short,short,short,short,short,short,short,short,short,short,long,long
1897,2023-03-21 09:00:00,OANDA:GBPUSD,1.22526,1.22612,1.22318,1.22331,17395.0,Interval.in_2_hour,38394000.0,long,long,long,long,long,long,long,long,long,long,long,long,long,long,long,long,long,long,long,long,neutral,neutral,long,short,short,short,short,short,short,short,short,short,short,long,long,long,long,long,long,long,long,long,long,long,long,long,long,short,short,short,short,short,short,short,short,short,long
1898,2023-03-21 07:00:00,OANDA:GBPUSD,1.22538,1.22629,1.22442,1.22526,8050.0,Interval.in_2_hour,38386800.0,long,long,long,short,short,long,long,long,long,long,long,long,long,long,long,long,long,long,long,long,neutral,neutral,long,short,short,short,short,short,short,short,short,short,long,long,long,long,long,long,long,long,long,long,long,long,long,short,long,short,short,short,short,short,short,short,short,short,short
1899,2023-03-21 05:00:00,OANDA:GBPUSD,1.22652,1.22652,1.22485,1.22538,5680.0,Interval.in_2_hour,38379600.0,short,long,long,long,short,short,long,long,long,long,long,long,long,long,long,long,long,long,long,short,neutral,neutral,long,short,short,short,short,short,short,short,short,long,long,long,long,long,long,long,long,long,long,long,long,long,long,short,short,long,short,short,short,short,short,short,short,short,short
1900,2023-03-21 03:00:00,OANDA:GBPUSD,1.22741,1.22773,1.22623,1.22652,9648.0,Interval.in_2_hour,38372400.0,short,short,long,long,long,short,short,long,long,long,long,long,long,long,long,long,long,long,long,short,neutral,neutral,long,short,short,short,short,short,short,long,long,long,long,long,long,long,long,long,long,long,long,long,long,long,long,short,short,short,short,short,short,short,short,short,short,short,short
1901,2023-03-21 01:00:00,OANDA:GBPUSD,1.22778,1.22828,1.22708,1.22741,11319.0,Interval.in_2_hour,38365200.0,short,short,short,long,long,short,short,short,long,short,short,long,long,long,long,long,long,long,long,short,neutral,neutral,long,short,short,short,neutral,long,long,long,long,long,long,long,long,long,long,long,long,long,long,long,long,long,long,short,short,short,short,short,short,short,short,short,short,short,short
1902,2023-03-20 23:00:00,OANDA:GBPUSD,1.22796,1.22818,1.22746,1.22778,2551.0,Interval.in_2_hour,38358000.0,short,short,short,short,short,long,short,short,short,long,short,short,long,long,long,long,long,long,long,short,neutral,neutral,long,short,short,neutral,neutral,long,long,long,long,long,long,long,long,long,long,long,long,long,long,long,long,long,long,short,short,short,short,short,short,short,short,short,short,short,short
1903,2023-03-20 21:00:00,OANDA:GBPUSD,1.22806,1.2281,1.22714,1.22796,7260.0,Interval.in_2_hour,38350800.0,short,short,short,short,short,short,long,short,short,short,long,short,short,long,long,long,long,long,long,short,neutral,neutral,long,short,neutral,neutral,neutral,long,long,long,long,long,long,long,long,long,long,long,long,long,long,long,long,long,long,short,short,short,short,short,short,short,short,short,short,short,short
1904,2023-03-20 19:00:00,OANDA:GBPUSD,1.22692,1.22851,1.22652,1.22806,11802.0,Interval.in_2_hour,38343600.0,short,short,short,short,short,short,short,long,short,short,short,long,short,short,long,long,long,long,long,short,neutral,neutral,long,short,long,long,long,long,long,long,long,long,long,long,long,long,long,long,long,long,long,long,long,long,long,short,short,short,short,short,short,short,short,short,short,short,short
1905,2023-03-20 17:00:00,OANDA:GBPUSD,1.22528,1.2276,1.22454,1.22692,15869.0,Interval.in_2_hour,38336400.0,short,short,short,short,short,short,short,long,long,long,short,short,long,short,short,long,long,long,long,short,neutral,neutral,long,short,long,long,long,long,long,long,long,long,long,long,long,long,long,long,long,long,long,long,long,long,long,long,long,long,long,short,short,short,short,short,short,short,short
1906,2023-03-20 15:00:00,OANDA:GBPUSD,1.22305,1.22658,1.22287,1.22528,21039.0,Interval.in_2_hour,38329200.0,short,short,short,short,short,short,short,short,long,long,long,short,short,long,long,long,long,long,long,short,neutral,neutral,long,short,long,long,long,long,long,long,long,long,long,long,long,long,long,long,long,long,long,long,long,long,long,long,long,long,long,long,long,long,short,short,long,short,short
1907,2023-03-20 13:00:00,OANDA:GBPUSD,1.22232,1.22417,1.2213,1.22305,17359.0,Interval.in_2_hour,38322000.0,short,short,short,short,short,short,short,long,short,long,long,long,long,long,long,long,long,long,long,long,neutral,neutral,long,short,long,long,long,long,long,long,long,long,long,long,long,long,long,long,long,long,long,long,long,long,long,long,long,long,long,long,long,long,long,long,long,long,long
1908,2023-03-20 11:00:00,OANDA:GBPUSD,1.22137,1.223,1.21846,1.22232,20229.0,Interval.in_2_hour,38314800.0,long,short,short,short,short,long,short,long,long,long,long,long,long,long,long,long,long,long,long,long,neutral,neutral,long,short,long,long,neutral,long,long,long,long,long,long,long,long,long,long,long,long,long,long,long,long,long,long,long,long,long,long,long,long,long,long,long,long,long,long
1909,2023-03-20 09:00:00,OANDA:GBPUSD,1.21841,1.22147,1.21671,1.22137,26605.0,Interval.in_2_hour,38307600.0,long,long,long,short,long,long,long,long,long,long,long,long,long,long,long,long,long,long,long,long,long,neutral,long,short,long,neutral,neutral,long,long,long,long,long,long,long,long,long,long,long,long,long,long,long,long,long,long,long,long,long,long,long,long,long,long,long,long,long,long
1910,2023-03-20 07:00:00,OANDA:GBPUSD,1.21812,1.21924,1.2172,1.21841,14669.0,Interval.in_2_hour,38300400.0,long,long,long,long,long,long,long,long,long,long,long,long,long,long,long,long,long,long,long,long,neutral,neutral,long,short,neutral,neutral,neutral,short,short,short,short,long,long,long,long,long,long,long,long,long,long,long,long,long,long,long,long,long,long,long,long,long,long,long,long,long,long
1911,2023-03-20 05:00:00,OANDA:GBPUSD,1.21836,1.21836,1.21714,1.21812,13671.0,Interval.in_2_hour,38293200.0,long,long,long,long,long,long,long,long,long,long,long,long,long,long,long,long,long,long,long,long,neutral,neutral,long,short,short,neutral,neutral,short,short,short,long,long,long,long,long,long,long,long,long,long,long,long,long,long,long,long,long,long,long,long,long,long,long,long,long,long,long
1912,2023-03-20 03:00:00,OANDA:GBPUSD,1.21928,1.21962,1.2169,1.21836,17536.0,Interval.in_2_hour,38286000.0,long,long,long,long,long,long,long,long,long,long,long,long,long,long,long,long,long,long,long,long,neutral,neutral,long,short,neutral,neutral,neutral,short,long,long,long,long,long,long,long,long,long,long,long,long,long,long,long,long,long,short,long,long,long,long,long,long,long,long,long,long,long
1913,2023-03-20 01:00:00,OANDA:GBPUSD,1.21838,1.22007,1.21795,1.21928,12819.0,Interval.in_2_hour,38278800.0,long,long,long,long,long,long,long,short,long,long,long,long,long,long,long,long,long,long,long,long,neutral,neutral,long,short,long,neutral,neutral,long,long,long,long,long,long,long,long,long,long,long,long,long,long,long,long,long,long,short,short,short,long,long,long,long,long,long,long,long,long
1914,2023-03-19 23:00:00,OANDA:GBPUSD,1.21822,1.22138,1.21778,1.21838,5900.0,Interval.in_2_hour,38271600.0,long,long,long,long,long,long,long,long,long,long,long,long,long,long,long,long,long,long,long,short,neutral,neutral,long,short,neutral,neutral,neutral,long,long,long,long,long,long,long,long,long,long,long,long,long,long,long,long,long,long,long,short,short,long,long,long,long,long,long,long,long,long
1915,2023-03-17 21:00:00,OANDA:GBPUSD,1.21966,1.21996,1.21692,1.21822,10471.0,Interval.in_2_hour,38091600.0,long,long,long,long,long,long,long,long,long,long,long,long,long,long,long,long,long,long,long,short,neutral,neutral,long,short,neutral,neutral,neutral,long,long,long,long,long,long,long,long,long,long,long,long,long,long,long,long,long,long,long,long,long,short,long,long,long,long,long,long,long,long
1916,2023-03-17 19:00:00,OANDA:GBPUSD,1.21767,1.22008,1.21659,1.21966,16293.0,Interval.in_2_hour,38084400.0,long,long,long,long,long,long,long,long,long,long,short,long,long,long,long,long,long,long,long,short,neutral,neutral,long,short,long,long,neutral,long,long,long,long,long,long,long,long,long,long,long,long,long,long,long,long,long,long,short,short,short,short,short,short,long,long,long,long,long,long
1917,2023-03-17 17:00:00,OANDA:GBPUSD,1.21515,1.21798,1.21357,1.21767,21353.0,Interval.in_2_hour,38077200.0,long,long,long,long,long,long,long,long,long,long,long,long,long,long,long,long,long,long,long,long,long,long,long,short,long,neutral,neutral,long,long,long,long,long,long,long,long,long,long,long,long,long,long,long,long,long,long,long,long,long,long,long,long,long,long,long,long,long,long
1918,2023-03-17 15:00:00,OANDA:GBPUSD,1.2134,1.21667,1.21321,1.21515,26360.0,Interval.in_2_hour,38070000.0,long,long,long,long,long,long,long,long,long,long,long,long,long,long,long,long,long,long,long,long,neutral,neutral,long,short,neutral,neutral,neutral,short,short,long,long,long,long,long,long,long,long,long,long,long,long,long,long,long,long,long,long,long,long,long,long,long,long,long,long,long,long
1919,2023-03-17 13:00:00,OANDA:GBPUSD,1.21359,1.21406,1.21132,1.2134,19266.0,Interval.in_2_hour,38062800.0,long,long,long,long,long,long,long,long,long,long,long,long,long,long,long,long,long,long,long,long,neutral,neutral,long,short,short,short,neutral,short,short,long,long,long,long,long,long,long,long,long,long,long,long,long,long,long,long,long,long,long,long,long,long,long,long,long,long,long,long
1920,2023-03-17 11:00:00,OANDA:GBPUSD,1.21394,1.21475,1.21257,1.21359,15745.0,Interval.in_2_hour,38055600.0,long,long,long,long,long,long,long,long,long,long,long,long,long,long,long,long,long,long,long,short,neutral,neutral,long,short,short,neutral,neutral,short,long,long,long,long,long,long,long,long,long,long,long,long,long,long,long,long,long,short,long,long,long,long,long,long,long,long,long,long,long
1921,2023-03-17 09:00:00,OANDA:GBPUSD,1.21638,1.21768,1.21382,1.21394,21212.0,Interval.in_2_hour,38048400.0,long,long,long,long,long,long,long,long,long,long,long,long,long,long,long,long,long,long,long,short,long,neutral,long,short,neutral,neutral,neutral,long,long,long,long,long,long,long,long,long,long,long,long,long,long,long,long,long,long,short,short,long,long,long,long,long,long,long,long,long,long
1922,2023-03-17 07:00:00,OANDA:GBPUSD,1.21486,1.21644,1.21442,1.21638,10371.0,Interval.in_2_hour,38041200.0,long,long,long,long,long,long,long,long,long,long,long,long,long,long,long,long,long,long,long,short,neutral,neutral,long,short,long,long,long,long,long,long,long,long,long,long,long,long,long,long,long,long,long,long,long,long,long,short,short,short,short,long,long,long,long,long,long,long,long
1923,2023-03-17 05:00:00,OANDA:GBPUSD,1.21354,1.21488,1.21334,1.21486,9982.0,Interval.in_2_hour,38034000.0,long,long,long,long,long,long,long,long,long,long,long,long,long,long,long,long,long,long,long,long,neutral,neutral,long,short,long,long,neutral,long,long,long,long,long,long,long,long,long,long,long,long,long,long,long,long,long,long,long,short,short,short,long,long,long,long,long,long,long,long
1924,2023-03-17 03:00:00,OANDA:GBPUSD,1.21122,1.21414,1.21072,1.21354,11966.0,Interval.in_2_hour,38026800.0,long,long,long,long,long,long,long,long,long,long,long,long,long,long,long,long,long,long,long,long,neutral,neutral,long,short,long,neutral,neutral,long,long,long,long,long,long,long,long,long,long,long,long,long,long,long,long,long,long,long,long,long,long,short,long,long,long,long,long,long,long
1925,2023-03-17 01:00:00,OANDA:GBPUSD,1.2107,1.2115,1.21018,1.21122,8908.0,Interval.in_2_hour,38019600.0,long,long,long,long,long,long,long,long,long,long,long,long,long,long,long,long,long,long,long,long,neutral,neutral,long,short,neutral,neutral,neutral,short,long,long,long,long,long,long,long,long,long,long,long,long,long,long,long,short,short,long,long,long,long,long,long,long,long,long,long,long,long
1926,2023-03-16 23:00:00,OANDA:GBPUSD,1.21109,1.21157,1.2105,1.2107,4803.0,Interval.in_2_hour,38012400.0,long,long,long,long,long,long,long,long,long,long,long,long,long,long,long,long,long,long,long,long,neutral,neutral,long,short,short,neutral,neutral,long,long,long,long,long,long,long,long,long,long,long,long,long,long,long,short,short,short,long,long,long,long,long,long,long,long,long,long,long,long
1927,2023-03-16 21:00:00,OANDA:GBPUSD,1.21216,1.2126,1.21102,1.21109,10644.0,Interval.in_2_hour,38005200.0,long,long,long,long,long,long,long,long,long,long,long,long,long,long,long,long,long,long,long,long,neutral,neutral,long,short,neutral,neutral,neutral,long,long,long,long,long,long,long,long,long,long,long,long,long,long,long,short,short,short,short,long,long,long,long,long,long,long,long,long,long,long
1928,2023-03-16 19:00:00,OANDA:GBPUSD,1.21094,1.21281,1.21025,1.21216,20414.0,Interval.in_2_hour,37998000.0,long,long,long,long,long,long,long,long,long,long,long,long,long,long,long,long,long,long,long,long,neutral,neutral,long,short,long,long,long,long,long,long,long,long,long,long,long,long,long,long,long,long,long,short,short,short,short,short,short,short,long,long,long,long,long,long,long,long,long
1929,2023-03-16 17:00:00,OANDA:GBPUSD,1.20928,1.21206,1.20784,1.21094,30352.0,Interval.in_2_hour,37990800.0,long,long,long,long,long,long,long,long,long,long,long,long,long,long,long,long,long,long,long,long,neutral,neutral,long,short,long,long,neutral,long,long,long,long,long,long,long,long,long,long,long,long,short,short,short,short,short,short,long,long,short,long,long,long,long,long,long,long,long,long
1930,2023-03-16 15:00:00,OANDA:GBPUSD,1.20588,1.21052,1.20272,1.20928,44225.0,Interval.in_2_hour,37983600.0,long,long,long,long,long,long,long,long,long,long,long,long,long,long,long,long,long,long,long,long,neutral,neutral,long,short,long,neutral,neutral,short,short,long,long,long,long,long,long,long,long,long,short,short,short,short,short,short,short,long,long,long,long,long,long,long,long,long,long,long,long
1931,2023-03-16 13:00:00,OANDA:GBPUSD,1.20492,1.20752,1.20318,1.20588,24586.0,Interval.in_2_hour,37976400.0,long,long,long,long,long,long,long,long,long,long,long,long,long,long,long,long,long,long,long,long,short,short,long,short,neutral,neutral,neutral,short,short,short,short,short,short,long,long,short,short,short,short,short,short,short,short,short,short,long,long,long,long,long,long,long,long,long,long,long,long
1932,2023-03-16 11:00:00,OANDA:GBPUSD,1.20782,1.20832,1.20392,1.20492,19024.0,Interval.in_2_hour,37969200.0,long,long,long,long,long,long,long,long,long,long,long,long,long,long,long,long,long,long,long,long,neutral,neutral,long,short,neutral,neutral,neutral,short,short,short,long,short,long,long,short,short,short,short,short,short,short,short,short,short,short,long,long,long,long,long,long,long,long,long,long,long,long
1933,2023-03-16 09:00:00,OANDA:GBPUSD,1.20742,1.21133,1.20628,1.20782,26095.0,Interval.in_2_hour,37962000.0,long,long,long,long,long,long,long,long,long,long,long,long,long,long,long,long,long,long,long,long,neutral,neutral,long,short,neutral,neutral,neutral,long,long,long,long,long,long,long,long,short,short,short,short,short,short,short,short,short,short,short,short,long,long,long,long,long,long,long,long,long,long
1934,2023-03-16 07:00:00,OANDA:GBPUSD,1.2079,1.2087,1.2067,1.20742,11156.0,Interval.in_2_hour,37954800.0,long,long,long,long,long,long,long,long,long,long,long,long,long,long,long,long,long,long,long,long,neutral,neutral,long,short,neutral,neutral,neutral,long,long,long,long,long,long,long,short,short,short,short,short,short,short,short,short,short,short,long,short,short,long,long,long,long,long,long,long,long,long
1935,2023-03-16 05:00:00,OANDA:GBPUSD,1.20704,1.20824,1.20634,1.2079,11791.0,Interval.in_2_hour,37947600.0,long,long,long,long,long,long,long,long,long,long,long,long,long,long,long,long,long,long,long,long,neutral,neutral,long,short,neutral,neutral,neutral,long,long,long,long,long,long,short,short,short,short,short,short,short,short,short,short,short,short,short,short,short,short,long,long,long,long,long,long,long,long
1936,2023-03-16 03:00:00,OANDA:GBPUSD,1.20761,1.20822,1.20609,1.20704,19626.0,Interval.in_2_hour,37940400.0,long,long,long,long,long,long,long,long,long,long,long,long,long,long,long,long,long,long,long,long,neutral,neutral,long,short,neutral,neutral,neutral,long,long,long,long,short,short,short,short,short,short,short,short,short,short,short,short,short,short,long,long,long,short,short,long,long,long,long,long,long,long
1937,2023-03-16 01:00:00,OANDA:GBPUSD,1.20565,1.20816,1.20546,1.20761,15845.0,Interval.in_2_hour,37933200.0,long,long,long,long,long,long,long,long,long,long,long,long,long,long,long,long,long,long,long,long,neutral,neutral,long,short,long,neutral,neutral,long,long,short,short,short,short,short,short,short,short,short,short,short,short,short,short,short,short,short,long,short,long,short,short,long,long,long,long,long,long
1938,2023-03-15 23:00:00,OANDA:GBPUSD,1.20548,1.20635,1.2047,1.20565,5425.0,Interval.in_2_hour,37926000.0,long,long,long,long,long,long,long,long,long,long,long,long,long,long,long,long,long,long,long,long,neutral,neutral,long,short,neutral,neutral,neutral,long,short,short,short,short,short,short,short,short,short,short,short,short,short,short,short,short,short,long,long,long,long,long,short,long,long,long,long,long,long
1939,2023-03-15 21:00:00,OANDA:GBPUSD,1.20768,1.20856,1.20502,1.20548,20669.0,Interval.in_2_hour,37918800.0,long,long,long,long,long,long,long,long,long,long,long,long,long,long,long,long,long,long,long,long,neutral,neutral,long,short,neutral,neutral,neutral,short,short,short,short,short,short,short,short,short,short,short,short,short,short,short,short,short,short,long,long,long,long,long,long,short,long,long,long,long,long
1940,2023-03-15 19:00:00,OANDA:GBPUSD,1.20122,1.20852,1.2012,1.20768,31623.0,Interval.in_2_hour,37911600.0,long,long,long,long,long,long,long,long,long,long,long,long,long,long,long,long,long,long,long,long,neutral,neutral,long,short,neutral,neutral,neutral,short,short,short,short,short,short,short,short,short,short,short,short,short,short,short,short,short,short,short,short,short,short,long,short,long,short,short,long,long,long
1941,2023-03-15 17:00:00,OANDA:GBPUSD,1.20656,1.2074,1.20103,1.20122,28842.0,Interval.in_2_hour,37904400.0,long,long,long,long,long,long,long,long,long,long,long,long,long,long,long,long,long,long,long,long,neutral,neutral,long,short,short,neutral,neutral,short,short,short,short,short,short,short,short,short,short,short,short,short,short,short,short,short,short,long,long,long,long,long,long,long,long,long,long,long,long
1942,2023-03-15 15:00:00,OANDA:GBPUSD,1.20787,1.2093,1.20408,1.20656,44013.0,Interval.in_2_hour,37897200.0,long,long,long,long,long,long,long,long,long,long,long,long,long,long,long,long,long,long,short,long,neutral,neutral,long,short,neutral,neutral,neutral,short,short,short,short,short,short,short,short,short,short,short,short,short,short,short,short,short,short,short,long,short,short,long,long,long,long,long,short,short,long
1943,2023-03-15 13:00:00,OANDA:GBPUSD,1.20698,1.21136,1.20422,1.20787,38063.0,Interval.in_2_hour,37890000.0,long,long,long,long,long,long,long,long,long,long,long,long,long,long,long,long,long,long,long,long,neutral,neutral,long,short,neutral,neutral,neutral,short,short,short,short,short,short,short,short,short,short,short,short,short,short,short,short,short,short,short,short,short,short,short,short,short,long,short,short,short,short
1944,2023-03-15 11:00:00,OANDA:GBPUSD,1.21597,1.21617,1.20618,1.20698,31119.0,Interval.in_2_hour,37882800.0,short,long,long,long,long,long,long,long,long,long,long,long,long,long,long,long,long,long,long,long,neutral,neutral,long,short,neutral,neutral,neutral,short,short,short,short,short,short,short,short,short,short,short,short,short,short,short,short,short,short,long,short,short,long,short,short,long,long,long,long,long,short
1945,2023-03-15 09:00:00,OANDA:GBPUSD,1.21544,1.21648,1.21383,1.21597,21188.0,Interval.in_2_hour,37875600.0,short,short,short,short,short,short,short,short,short,short,long,short,short,short,short,long,long,long,short,short,neutral,neutral,long,short,neutral,neutral,neutral,short,long,short,short,short,long,short,short,short,short,short,long,long,short,short,short,short,short,short,short,short,short,short,short,short,short,short,short,short,short
1946,2023-03-15 07:00:00,OANDA:GBPUSD,1.2164,1.21646,1.21486,1.21544,11291.0,Interval.in_2_hour,37868400.0,short,short,short,short,short,short,short,short,short,short,short,long,short,short,short,short,long,long,short,short,long,neutral,long,short,short,neutral,neutral,long,long,short,short,long,short,short,short,short,short,long,long,short,short,short,short,long,long,long,short,short,short,short,short,short,short,short,short,short,short
1947,2023-03-15 05:00:00,OANDA:GBPUSD,1.2174,1.2182,1.21602,1.2164,10319.0,Interval.in_2_hour,37861200.0,short,short,short,short,short,short,short,short,short,short,short,short,short,short,short,short,short,long,short,short,neutral,neutral,long,short,neutral,neutral,neutral,long,long,long,long,short,short,long,long,long,long,long,short,short,short,short,long,long,long,short,short,short,short,short,short,short,short,short,short,short,short
1948,2023-03-15 03:00:00,OANDA:GBPUSD,1.21546,1.21816,1.21506,1.2174,14703.0,Interval.in_2_hour,37854000.0,short,short,short,short,short,short,short,short,short,short,short,short,short,short,short,short,short,short,short,short,neutral,neutral,long,short,neutral,neutral,neutral,short,short,long,short,short,long,short,long,long,long,short,short,short,short,long,long,long,long,short,short,short,short,short,short,short,short,short,short,short,short
1949,2023-03-15 01:00:00,OANDA:GBPUSD,1.2156,1.21588,1.21468,1.21546,12260.0,Interval.in_2_hour,37846800.0,short,short,short,short,short,short,short,short,short,short,short,short,short,short,long,short,short,short,short,short,neutral,neutral,long,short,short,short,neutral,short,short,short,short,short,short,short,long,long,short,short,short,short,short,long,long,long,long,long,long,short,long,short,short,short,short,short,short,short,short
1950,2023-03-14 23:00:00,OANDA:GBPUSD,1.21584,1.21608,1.21525,1.2156,9528.0,Interval.in_2_hour,37839600.0,short,short,short,short,short,short,short,short,short,short,short,short,short,short,short,long,short,short,short,short,neutral,neutral,long,short,short,neutral,neutral,long,short,short,short,short,short,long,long,short,short,short,short,short,long,long,long,long,long,short,long,long,short,long,short,short,short,short,short,short,short
1951,2023-03-14 21:00:00,OANDA:GBPUSD,1.21756,1.21805,1.21528,1.21584,12581.0,Interval.in_2_hour,37832400.0,short,short,short,short,short,short,short,short,short,short,short,short,short,short,short,short,long,short,short,short,long,long,long,short,neutral,neutral,neutral,short,short,long,long,long,long,long,short,short,short,short,long,long,long,long,long,long,long,short,short,long,long,short,long,short,short,short,short,short,short
1952,2023-03-14 19:00:00,OANDA:GBPUSD,1.21549,1.21848,1.21547,1.21756,22695.0,Interval.in_2_hour,37825200.0,short,short,short,short,short,short,short,short,short,short,short,short,short,short,short,short,short,short,short,short,neutral,neutral,long,short,neutral,neutral,neutral,short,long,short,long,long,long,short,short,short,short,long,long,long,long,long,long,long,long,short,short,short,short,short,short,short,short,short,short,short,short
1953,2023-03-14 17:00:00,OANDA:GBPUSD,1.2157,1.21701,1.21357,1.21549,19867.0,Interval.in_2_hour,37818000.0,short,short,short,short,short,short,short,short,short,short,short,short,short,short,short,short,short,short,short,short,long,long,long,short,short,neutral,neutral,short,short,short,long,long,short,short,short,short,short,long,long,long,long,long,long,long,long,long,long,long,short,long,long,short,long,short,short,short,short
1954,2023-03-14 15:00:00,OANDA:GBPUSD,1.21922,1.2202,1.21541,1.2157,36381.0,Interval.in_2_hour,37810800.0,short,short,short,short,short,short,short,short,short,short,short,short,short,short,short,short,short,short,short,short,long,long,long,short,neutral,neutral,neutral,long,long,long,long,long,short,short,short,long,long,long,long,long,long,long,long,long,long,short,long,long,short,short,long,long,short,long,short,short,short
1955,2023-03-14 13:00:00,OANDA:GBPUSD,1.21554,1.2204,1.21434,1.21922,33031.0,Interval.in_2_hour,37803600.0,short,short,short,short,short,short,short,short,short,short,short,short,short,short,short,short,short,short,short,short,neutral,neutral,long,short,neutral,neutral,neutral,long,long,long,long,short,short,short,long,long,long,long,long,long,long,long,long,long,long,short,short,short,short,short,short,short,short,short,short,short,short
1956,2023-03-14 11:00:00,OANDA:GBPUSD,1.21664,1.21679,1.2143,1.21554,19597.0,Interval.in_2_hour,37796400.0,short,short,short,short,short,short,short,short,short,short,short,short,short,short,short,short,short,short,short,short,neutral,neutral,long,short,neutral,neutral,neutral,long,long,short,short,short,short,long,long,long,long,long,long,long,long,long,long,long,long,long,long,short,long,long,long,short,long,long,short,long,short
1957,2023-03-14 09:00:00,OANDA:GBPUSD,1.21658,1.21835,1.21413,1.21664,30644.0,Interval.in_2_hour,37789200.0,short,short,short,short,short,short,short,short,short,short,short,short,short,short,short,short,short,short,short,short,neutral,neutral,long,short,long,long,neutral,long,short,short,short,short,long,long,long,long,long,long,long,long,long,long,long,long,long,short,long,short,short,long,short,short,short,long,short,short,short
1958,2023-03-14 07:00:00,OANDA:GBPUSD,1.21554,1.21818,1.21461,1.21658,18057.0,Interval.in_2_hour,37782000.0,short,short,short,short,short,short,short,short,short,short,short,short,short,short,short,short,short,short,short,short,neutral,neutral,long,short,long,neutral,neutral,short,short,short,short,long,long,long,long,long,long,long,long,long,long,long,long,long,long,long,short,long,short,short,long,short,short,short,long,short,short
1959,2023-03-14 05:00:00,OANDA:GBPUSD,1.21471,1.21585,1.21458,1.21554,11622.0,Interval.in_2_hour,37774800.0,short,long,short,short,short,short,short,short,short,short,short,short,short,short,short,short,short,short,short,short,neutral,neutral,long,short,neutral,neutral,neutral,short,short,short,short,long,long,long,long,long,long,long,long,long,long,long,long,long,long,long,long,long,long,long,short,long,long,long,short,long,long
1960,2023-03-14 03:00:00,OANDA:GBPUSD,1.21622,1.21662,1.21448,1.21471,19573.0,Interval.in_2_hour,37767600.0,long,long,long,short,short,short,short,short,short,short,short,short,short,short,short,short,short,short,short,short,neutral,neutral,long,short,short,short,short,short,short,short,long,long,long,long,long,long,long,long,long,long,long,long,long,long,long,long,long,long,long,long,long,long,long,long,long,long,long
1961,2023-03-14 01:00:00,OANDA:GBPUSD,1.21794,1.21802,1.21544,1.21622,12056.0,Interval.in_2_hour,37760400.0,long,long,short,short,short,short,short,short,short,short,short,short,short,short,short,short,short,short,short,short,neutral,neutral,long,short,short,short,neutral,short,long,long,long,long,long,long,long,long,long,long,long,long,long,long,long,long,long,short,short,long,long,short,long,short,short,long,short,short,short
1962,2023-03-13 23:00:00,OANDA:GBPUSD,1.21832,1.21888,1.21756,1.21794,7159.0,Interval.in_2_hour,37753200.0,short,short,short,short,short,short,short,short,short,short,short,short,short,short,short,short,short,short,short,short,neutral,neutral,long,short,short,neutral,neutral,long,long,long,long,long,long,long,long,long,long,long,long,long,long,long,long,long,long,short,short,short,short,short,short,long,short,short,short,short,short
1963,2023-03-13 21:00:00,OANDA:GBPUSD,1.21983,1.2199,1.21786,1.21832,16977.0,Interval.in_2_hour,37746000.0,short,short,short,short,short,short,short,short,short,short,short,short,short,short,short,short,short,short,short,short,neutral,neutral,long,short,neutral,neutral,neutral,long,long,long,long,long,long,long,long,long,long,long,long,long,long,long,long,long,long,short,short,short,short,short,short,short,long,short,short,short,short
1964,2023-03-13 19:00:00,OANDA:GBPUSD,1.21582,1.22,1.21475,1.21983,22143.0,Interval.in_2_hour,37738800.0,short,short,short,short,short,short,short,short,short,short,short,short,short,short,short,short,short,short,short,short,neutral,neutral,long,short,long,long,long,long,long,long,long,long,long,long,long,long,long,long,long,long,long,long,long,long,long,short,short,short,short,short,short,short,short,short,short,short,short
1965,2023-03-13 17:00:00,OANDA:GBPUSD,1.2158,1.21791,1.21378,1.21582,34686.0,Interval.in_2_hour,37731600.0,long,long,short,short,long,long,short,long,short,short,short,short,short,short,short,short,short,short,short,short,neutral,neutral,long,short,long,long,neutral,long,long,long,long,long,long,long,long,long,long,long,long,long,long,long,long,long,long,long,long,long,long,short,short,long,long,short,long,short,short
1966,2023-03-13 15:00:00,OANDA:GBPUSD,1.2098,1.21636,1.20818,1.2158,41810.0,Interval.in_2_hour,37724400.0,short,long,long,short,short,long,long,short,long,short,short,short,short,short,short,short,short,short,short,short,neutral,neutral,long,short,long,neutral,neutral,long,long,long,long,long,long,long,long,long,long,long,long,long,long,long,long,long,long,long,long,long,long,long,short,short,long,long,short,long,short
1967,2023-03-13 13:00:00,OANDA:GBPUSD,1.20668,1.21033,1.20555,1.2098,42127.0,Interval.in_2_hour,37717200.0,long,long,long,long,long,long,long,long,long,long,short,short,short,short,short,short,short,short,short,short,short,neutral,long,short,neutral,neutral,neutral,short,short,short,long,long,long,long,long,long,long,long,long,long,long,long,long,long,long,long,long,long,long,long,long,long,long,long,long,long,long
1968,2023-03-13 11:00:00,OANDA:GBPUSD,1.21002,1.21012,1.20465,1.20668,38223.0,Interval.in_2_hour,37710000.0,long,long,long,long,long,long,long,long,long,long,long,long,long,short,short,long,short,short,short,short,neutral,neutral,long,short,short,short,short,short,short,long,long,long,long,long,long,long,long,long,long,long,long,long,long,long,long,long,long,long,long,long,long,long,long,long,long,long,long
1969,2023-03-13 09:00:00,OANDA:GBPUSD,1.21068,1.21225,1.20846,1.21002,26924.0,Interval.in_2_hour,37702800.0,long,long,long,long,long,long,long,long,long,long,long,long,short,short,short,short,short,short,short,short,neutral,neutral,long,short,short,short,neutral,short,long,long,long,long,long,long,long,long,long,long,long,long,long,long,long,long,long,short,short,long,long,long,long,long,long,long,long,long,long
1970,2023-03-13 07:00:00,OANDA:GBPUSD,1.21164,1.21245,1.21031,1.21068,13560.0,Interval.in_2_hour,37695600.0,long,long,long,long,long,long,long,long,long,long,long,long,long,short,short,short,short,short,short,short,long,neutral,long,short,short,neutral,neutral,long,long,long,long,long,long,long,long,long,long,long,long,long,long,long,long,long,long,short,short,short,long,long,long,long,long,long,long,long,long
1971,2023-03-13 05:00:00,OANDA:GBPUSD,1.2137,1.21414,1.21144,1.21164,17217.0,Interval.in_2_hour,37688400.0,long,long,long,long,long,long,long,long,long,long,long,long,long,long,short,short,short,short,short,short,neutral,neutral,long,short,neutral,neutral,neutral,long,long,long,long,long,long,long,long,long,long,long,long,long,long,long,long,long,long,short,short,short,short,long,long,long,long,long,long,long,long
1972,2023-03-13 03:00:00,OANDA:GBPUSD,1.20736,1.214,1.20548,1.2137,21259.0,Interval.in_2_hour,37681200.0,long,long,long,long,long,long,long,long,long,long,long,long,long,long,long,short,short,short,short,short,long,long,long,short,neutral,neutral,neutral,long,long,long,long,long,long,long,long,long,long,long,long,long,long,long,long,long,long,short,short,short,short,short,long,long,long,long,long,long,long
1973,2023-03-13 01:00:00,OANDA:GBPUSD,1.20843,1.21042,1.20692,1.20736,26405.0,Interval.in_2_hour,37674000.0,long,long,long,long,long,long,long,long,long,long,long,long,long,long,long,long,short,long,short,short,neutral,neutral,long,short,neutral,neutral,neutral,long,short,long,long,long,long,long,long,long,long,long,long,long,long,long,long,long,long,long,long,long,long,short,long,long,long,long,long,long,long
1974,2023-03-12 23:00:00,OANDA:GBPUSD,1.2033,1.21004,1.2033,1.20843,3721.0,Interval.in_2_hour,37666800.0,long,long,long,long,long,long,long,long,long,long,long,long,long,long,long,long,long,short,short,short,neutral,neutral,long,short,long,neutral,neutral,short,short,long,long,long,long,long,long,long,long,long,long,long,long,long,long,long,long,short,long,long,long,long,short,long,long,long,long,long,long
1975,2023-03-10 22:00:00,OANDA:GBPUSD,1.20324,1.20376,1.20214,1.2033,12596.0,Interval.in_2_hour,37490400.0,long,long,long,long,long,long,long,long,long,long,long,long,long,long,long,long,long,long,short,short,neutral,neutral,long,short,neutral,neutral,neutral,short,long,long,long,long,long,long,long,long,long,long,long,long,long,long,long,long,long,long,long,long,long,long,long,long,long,long,long,long,long
1976,2023-03-10 20:00:00,OANDA:GBPUSD,1.20598,1.20655,1.2018,1.20324,21160.0,Interval.in_2_hour,37483200.0,long,long,long,long,long,long,long,long,long,long,long,long,long,long,long,long,long,long,short,short,neutral,neutral,long,short,short,neutral,neutral,long,long,long,long,long,long,long,long,long,long,long,long,long,long,long,long,long,long,long,long,long,long,long,long,long,long,long,long,long,long
1977,2023-03-10 18:00:00,OANDA:GBPUSD,1.20987,1.20988,1.2038,1.20598,29057.0,Interval.in_2_hour,37476000.0,long,long,long,long,long,long,long,long,long,long,long,long,long,long,long,long,long,long,short,short,neutral,neutral,long,short,neutral,neutral,neutral,long,long,long,long,long,long,long,long,long,long,long,long,long,long,long,long,long,long,short,short,long,long,long,long,long,long,long,long,long,long
1978,2023-03-10 16:00:00,OANDA:GBPUSD,1.20188,1.21137,1.20075,1.20987,44521.0,Interval.in_2_hour,37468800.0,long,long,long,long,long,long,long,long,long,long,long,long,long,long,long,long,long,long,short,short,neutral,neutral,long,short,long,long,long,long,long,long,long,long,long,long,long,long,long,long,long,long,long,long,long,long,long,short,short,short,short,short,long,long,long,long,short,short,long
1979,2023-03-10 14:00:00,OANDA:GBPUSD,1.1993,1.20459,1.19756,1.20188,30683.0,Interval.in_2_hour,37461600.0,long,long,long,long,long,long,long,long,long,long,long,long,long,long,long,long,long,long,short,short,neutral,neutral,long,short,long,long,long,long,long,long,long,long,long,long,long,long,long,long,long,long,long,long,long,long,long,long,long,long,long,long,long,long,long,long,long,long,long
1980,2023-03-10 12:00:00,OANDA:GBPUSD,1.19883,1.20039,1.19702,1.1993,16454.0,Interval.in_2_hour,37454400.0,long,long,long,long,long,long,long,long,long,long,long,long,long,long,long,long,long,long,long,short,neutral,neutral,long,short,long,long,neutral,long,long,long,long,long,long,long,long,long,long,long,long,long,long,long,long,long,long,long,long,long,long,long,long,long,long,long,long,long,long
1981,2023-03-10 10:00:00,OANDA:GBPUSD,1.19555,1.201,1.19268,1.19883,22342.0,Interval.in_2_hour,37447200.0,long,long,long,long,long,long,long,long,long,long,long,long,long,long,long,long,long,long,long,short,neutral,neutral,long,short,long,neutral,neutral,long,long,long,long,long,long,long,long,long,long,long,long,long,long,long,long,long,long,long,long,long,long,long,long,long,long,long,long,long,long
1982,2023-03-10 08:00:00,OANDA:GBPUSD,1.1924,1.19608,1.19198,1.19555,15266.0,Interval.in_2_hour,37440000.0,long,long,long,long,long,long,long,long,long,long,long,long,long,long,long,long,long,long,long,long,neutral,neutral,long,short,neutral,neutral,neutral,long,long,long,long,long,long,long,long,long,long,long,long,long,long,long,long,long,long,long,long,long,long,long,long,long,long,long,long,long,long
1983,2023-03-10 06:00:00,OANDA:GBPUSD,1.19249,1.19322,1.192,1.1924,9937.0,Interval.in_2_hour,37432800.0,long,long,long,long,long,long,long,long,long,long,long,long,long,long,long,long,long,long,long,long,neutral,neutral,long,short,short,neutral,neutral,long,long,long,long,long,long,long,long,long,long,long,long,long,long,long,long,long,long,long,long,long,long,long,long,long,long,long,long,long,long
1984,2023-03-10 04:00:00,OANDA:GBPUSD,1.1925,1.19286,1.19078,1.19249,16161.0,Interval.in_2_hour,37425600.0,long,long,long,long,long,long,long,long,long,long,long,long,long,long,long,long,long,long,long,long,neutral,neutral,long,short,neutral,neutral,neutral,long,long,long,long,long,long,long,long,long,long,long,long,long,long,long,long,long,long,short,long,long,long,long,long,long,long,long,long,long,long
1985,2023-03-10 02:00:00,OANDA:GBPUSD,1.19234,1.19336,1.1917,1.1925,12335.0,Interval.in_2_hour,37418400.0,long,long,long,long,long,long,long,long,long,long,long,long,long,long,long,long,long,long,long,long,neutral,neutral,long,short,long,long,neutral,long,long,long,long,long,long,long,long,long,long,long,long,long,long,long,long,long,long,short,short,long,long,long,long,long,long,long,long,long,long
1986,2023-03-10 00:00:00,OANDA:GBPUSD,1.1922,1.19252,1.19161,1.19234,3127.0,Interval.in_2_hour,37411200.0,long,long,long,long,long,long,long,long,long,long,long,long,long,long,long,long,long,long,long,long,neutral,neutral,long,short,long,neutral,neutral,long,long,long,long,long,long,long,long,long,long,long,long,long,long,long,long,long,long,long,long,long,long,long,long,long,long,long,long,long,long
1987,2023-03-09 22:00:00,OANDA:GBPUSD,1.19102,1.19254,1.19034,1.1922,11867.0,Interval.in_2_hour,37404000.0,long,long,long,long,long,long,long,long,long,long,long,long,long,long,long,long,long,long,long,long,neutral,neutral,long,short,neutral,neutral,neutral,long,long,long,long,long,long,long,long,long,long,long,long,long,long,long,long,long,long,long,long,long,long,long,long,long,long,long,long,long,long
1988,2023-03-09 20:00:00,OANDA:GBPUSD,1.1925,1.19391,1.19081,1.19102,16182.0,Interval.in_2_hour,37396800.0,long,long,long,long,long,long,long,long,long,long,long,long,long,long,long,long,long,long,long,short,neutral,neutral,long,short,neutral,neutral,neutral,long,long,long,long,long,long,long,long,long,long,long,long,long,long,long,long,long,long,long,long,long,long,long,long,long,long,long,long,long,long
1989,2023-03-09 18:00:00,OANDA:GBPUSD,1.19109,1.19289,1.19047,1.1925,13700.0,Interval.in_2_hour,37389600.0,long,long,long,long,long,long,long,long,long,long,long,long,long,long,long,long,long,long,long,short,neutral,neutral,long,short,long,long,long,long,long,long,long,long,long,long,long,long,long,long,long,long,long,long,long,long,long,short,short,short,long,short,short,long,long,long,long,long,long
1990,2023-03-09 16:00:00,OANDA:GBPUSD,1.19104,1.19366,1.1902,1.19109,21368.0,Interval.in_2_hour,37382400.0,long,long,long,long,long,long,long,long,long,long,long,long,long,long,long,long,long,long,long,short,neutral,neutral,long,short,long,long,long,long,long,long,long,long,long,long,long,long,long,long,long,long,long,long,long,long,long,long,short,long,long,long,long,long,long,long,long,long,long
1991,2023-03-09 14:00:00,OANDA:GBPUSD,1.18891,1.19116,1.18764,1.19104,16137.0,Interval.in_2_hour,37375200.0,long,long,long,long,long,long,long,long,long,long,long,long,long,long,long,long,long,long,long,short,neutral,neutral,long,short,long,long,neutral,long,long,long,long,long,long,long,long,long,long,long,long,long,long,long,long,long,long,long,long,short,long,long,long,long,long,long,long,long,long
1992,2023-03-09 12:00:00,OANDA:GBPUSD,1.18696,1.19022,1.18659,1.18891,12740.0,Interval.in_2_hour,37368000.0,long,long,long,long,long,long,long,long,long,long,long,long,long,long,long,long,long,long,long,long,neutral,neutral,long,short,long,neutral,neutral,long,long,long,long,long,long,long,long,long,long,long,long,long,long,long,long,long,long,long,long,long,long,long,long,long,long,long,long,long,long
1993,2023-03-09 10:00:00,OANDA:GBPUSD,1.18496,1.18894,1.18382,1.18696,15436.0,Interval.in_2_hour,37360800.0,long,long,long,long,long,long,long,long,long,long,long,long,long,long,long,long,long,long,long,long,short,short,long,short,neutral,neutral,neutral,long,long,long,long,long,long,long,long,long,long,long,long,long,long,long,long,long,short,long,long,long,long,long,long,long,long,long,long,long,long
1994,2023-03-09 08:00:00,OANDA:GBPUSD,1.18546,1.1861,1.18442,1.18496,9587.0,Interval.in_2_hour,37353600.0,long,long,long,long,long,long,long,long,long,long,long,long,long,long,long,long,long,long,long,long,neutral,neutral,long,short,neutral,neutral,neutral,long,long,long,long,long,long,long,long,long,long,long,long,long,long,long,long,short,short,long,long,long,long,long,long,long,long,long,long,long,long
1995,2023-03-09 06:00:00,OANDA:GBPUSD,1.1847,1.1866,1.18438,1.18546,6506.0,Interval.in_2_hour,37346400.0,long,long,long,long,long,long,long,long,long,long,long,long,long,long,long,long,long,long,long,long,neutral,neutral,long,short,long,neutral,neutral,long,long,long,long,long,long,long,long,long,long,long,long,long,long,long,short,short,short,short,long,long,long,long,long,long,long,long,long,long,long
1996,2023-03-09 04:00:00,OANDA:GBPUSD,1.18373,1.18505,1.1836,1.1847,7847.0,Interval.in_2_hour,37339200.0,long,long,long,long,long,long,long,long,long,long,long,long,long,long,long,long,long,long,long,long,neutral,neutral,long,short,neutral,neutral,neutral,short,long,long,long,long,long,long,long,long,long,long,long,long,long,short,short,short,short,long,long,long,long,long,long,long,long,long,long,long,long
1997,2023-03-09 02:00:00,OANDA:GBPUSD,1.18494,1.1855,1.18318,1.18373,10443.0,Interval.in_2_hour,37332000.0,long,long,long,long,long,long,long,long,long,long,long,long,long,long,long,long,long,long,long,long,neutral,neutral,long,short,neutral,neutral,neutral,long,long,long,long,long,long,long,long,long,long,long,long,long,short,short,short,short,short,long,long,long,long,long,long,long,long,long,long,long,long
1998,2023-03-09 00:00:00,OANDA:GBPUSD,1.18418,1.185,1.18368,1.18494,6165.0,Interval.in_2_hour,37324800.0,long,long,long,long,long,long,long,long,long,long,long,long,long,long,long,long,long,long,long,long,neutral,neutral,long,short,neutral,neutral,neutral,long,long,long,long,long,long,long,long,long,long,long,long,short,short,short,short,short,short,short,short,long,long,long,long,long,long,long,long,long,long
1999,2023-03-08 22:00:00,OANDA:GBPUSD,1.18426,1.18502,1.18375,1.18418,4366.0,Interval.in_2_hour,37317600.0,long,long,long,long,long,long,long,long,long,long,long,long,long,long,long,long,long,long,long,long,neutral,neutral,long,short,neutral,neutral,neutral,long,long,long,long,long,long,long,long,long,long,long,short,short,short,short,short,short,short,long,short,long,long,long,long,long,long,long,long,long,long
2000,2023-03-08 20:00:00,OANDA:GBPUSD,1.18314,1.18442,1.18254,1.18426,10860.0,Interval.in_2_hour,37310400.0,long,long,long,long,long,long,long,long,long,long,long,long,long,long,long,long,long,long,long,long,neutral,neutral,long,short,neutral,neutral,neutral,long,long,long,long,long,long,long,long,long,short,short,short,short,short,short,short,short,short,short,long,short,long,long,long,long,long,long,long,long,long
2001,2023-03-08 18:00:00,OANDA:GBPUSD,1.18362,1.18522,1.18252,1.18314,14466.0,Interval.in_2_hour,37303200.0,long,long,long,long,long,long,long,long,long,long,long,long,long,long,long,long,long,long,long,long,neutral,neutral,long,short,neutral,neutral,neutral,short,long,long,long,long,long,long,long,short,short,short,short,short,short,short,short,short,short,long,long,long,long,long,long,long,long,long,long,long,long
2002,2023-03-08 16:00:00,OANDA:GBPUSD,1.18236,1.18598,1.18032,1.18362,30413.0,Interval.in_2_hour,37296000.0,long,long,long,long,long,long,long,long,long,long,long,long,long,long,long,long,long,long,long,long,short,short,long,short,neutral,neutral,neutral,long,long,long,long,long,long,long,short,short,short,short,short,short,short,short,short,short,short,short,long,long,long,long,long,long,long,long,long,long,long
2003,2023-03-08 14:00:00,OANDA:GBPUSD,1.1836,1.18488,1.18186,1.18236,14070.0,Interval.in_2_hour,37288800.0,long,long,long,long,long,long,long,long,long,long,long,long,long,long,long,long,long,long,long,long,neutral,neutral,long,short,neutral,neutral,neutral,long,long,long,long,long,long,short,short,short,short,short,short,short,short,short,short,short,short,long,long,long,long,long,long,long,long,long,long,long,long
2004,2023-03-08 12:00:00,OANDA:GBPUSD,1.1833,1.1847,1.18302,1.1836,11693.0,Interval.in_2_hour,37281600.0,long,long,long,long,long,long,long,long,long,long,long,long,long,long,long,long,long,long,long,long,neutral,neutral,long,short,long,long,long,long,long,long,long,long,short,short,short,short,short,short,short,short,short,short,short,short,short,short,long,short,long,long,long,long,long,long,long,long,long
2005,2023-03-08 10:00:00,OANDA:GBPUSD,1.18249,1.18422,1.18154,1.1833,16638.0,Interval.in_2_hour,37274400.0,long,long,long,long,long,long,long,long,long,long,long,long,long,long,long,long,long,long,long,long,neutral,neutral,long,short,long,long,neutral,long,long,long,long,short,short,short,short,short,short,short,short,short,short,short,short,short,short,long,short,long,short,long,long,long,long,long,long,long,long
2006,2023-03-08 08:00:00,OANDA:GBPUSD,1.18212,1.18332,1.18164,1.18249,12768.0,Interval.in_2_hour,37267200.0,long,long,long,long,long,long,long,long,long,long,long,long,long,long,long,long,long,long,long,long,neutral,neutral,long,short,long,neutral,neutral,short,short,short,short,short,short,short,short,short,short,short,short,short,short,short,short,short,short,long,long,short,long,long,long,long,long,long,long,long,long
2007,2023-03-08 06:00:00,OANDA:GBPUSD,1.18122,1.1826,1.18106,1.18212,8834.0,Interval.in_2_hour,37260000.0,long,long,long,long,long,long,long,long,long,long,long,long,long,long,long,long,long,long,long,long,short,short,long,short,neutral,neutral,neutral,short,short,short,short,short,short,short,short,short,short,short,short,short,short,short,short,short,short,long,long,long,long,long,long,long,long,long,long,long,long
2008,2023-03-08 04:00:00,OANDA:GBPUSD,1.18288,1.18322,1.18103,1.18122,9982.0,Interval.in_2_hour,37252800.0,long,long,long,long,long,long,long,long,long,long,long,long,long,long,long,long,long,long,long,long,neutral,neutral,long,short,neutral,neutral,neutral,short,short,short,short,short,short,short,short,short,short,short,short,short,short,short,short,short,short,long,long,long,long,long,long,long,long,long,long,long,long
2009,2023-03-08 02:00:00,OANDA:GBPUSD,1.18272,1.18362,1.18234,1.18288,10330.0,Interval.in_2_hour,37245600.0,long,long,long,long,long,long,long,long,long,long,long,long,long,long,long,long,long,long,long,long,neutral,neutral,long,short,long,neutral,neutral,short,short,short,short,short,short,short,short,short,short,short,short,short,short,short,short,short,short,short,short,short,long,long,short,long,long,long,long,long,long
2010,2023-03-08 00:00:00,OANDA:GBPUSD,1.18266,1.18374,1.18255,1.18272,3705.0,Interval.in_2_hour,37238400.0,long,long,long,long,long,long,long,long,long,long,long,long,long,long,long,long,long,long,long,long,short,short,long,short,neutral,neutral,neutral,short,short,short,short,short,short,short,short,short,short,short,short,short,short,short,short,short,short,long,short,short,short,long,long,short,long,long,long,long,long
2011,2023-03-07 22:00:00,OANDA:GBPUSD,1.18294,1.1837,1.18231,1.18266,6920.0,Interval.in_2_hour,37231200.0,long,long,long,long,long,long,long,long,long,long,long,long,long,long,long,long,long,long,long,long,neutral,neutral,long,short,short,short,short,short,short,short,short,short,short,short,short,short,short,short,short,short,short,short,short,short,short,long,long,short,short,short,long,long,short,long,long,long,long
2012,2023-03-07 20:00:00,OANDA:GBPUSD,1.18498,1.1859,1.18214,1.18294,13204.0,Interval.in_2_hour,37224000.0,long,long,long,long,long,long,long,long,long,long,long,long,long,long,long,long,long,long,long,long,neutral,neutral,long,short,short,short,short,short,short,short,short,short,short,short,short,short,short,short,short,short,short,short,short,short,short,short,short,short,short,short,short,long,long,short,long,long,long
2013,2023-03-07 18:00:00,OANDA:GBPUSD,1.18756,1.18884,1.18455,1.18498,27522.0,Interval.in_2_hour,37216800.0,short,short,short,short,short,long,short,long,long,long,long,long,long,long,long,long,long,long,long,long,neutral,neutral,long,short,short,short,short,short,short,short,short,short,short,short,short,short,short,short,short,short,short,short,short,short,short,short,short,short,short,short,short,short,short,short,short,short,short
2014,2023-03-07 16:00:00,OANDA:GBPUSD,1.1981,1.19867,1.18664,1.18756,37155.0,Interval.in_2_hour,37209600.0,short,short,short,short,short,short,short,short,short,long,long,long,long,long,long,long,long,long,long,long,neutral,neutral,long,short,short,short,short,short,short,short,short,short,short,short,short,short,short,short,short,short,short,short,short,short,short,short,short,short,short,short,short,short,short,short,short,short,short
2015,2023-03-07 14:00:00,OANDA:GBPUSD,1.19892,1.19998,1.19758,1.1981,15619.0,Interval.in_2_hour,37202400.0,short,short,short,short,short,short,short,short,short,short,short,short,short,short,short,short,short,short,short,long,neutral,neutral,long,short,short,short,neutral,short,short,short,short,short,short,short,short,short,short,short,short,short,short,short,short,short,short,short,short,short,short,short,short,short,short,short,short,short,short
2016,2023-03-07 12:00:00,OANDA:GBPUSD,1.20126,1.20166,1.19812,1.19892,14785.0,Interval.in_2_hour,37195200.0,short,short,short,short,short,short,short,short,short,short,short,short,short,short,short,short,short,short,short,long,neutral,neutral,long,short,short,neutral,neutral,short,short,short,short,short,short,short,short,short,short,short,short,short,short,short,short,short,short,short,short,short,short,short,short,short,short,short,short,short,short
2017,2023-03-07 10:00:00,OANDA:GBPUSD,1.20488,1.20494,1.20054,1.20126,20308.0,Interval.in_2_hour,37188000.0,short,short,short,short,short,short,short,short,short,short,short,short,short,short,short,short,short,short,short,long,long,neutral,long,short,neutral,neutral,neutral,short,short,long,long,long,short,long,long,long,short,short,short,short,short,short,short,long,long,short,short,short,short,short,short,short,short,short,short,short,short
2018,2023-03-07 08:00:00,OANDA:GBPUSD,1.20368,1.20653,1.20344,1.20488,11944.0,Interval.in_2_hour,37180800.0,short,short,short,short,short,short,short,short,short,short,short,short,short,short,short,short,short,short,short,long,neutral,neutral,long,short,neutral,neutral,neutral,long,long,long,long,long,long,long,long,long,long,long,long,long,long,short,long,long,long,short,short,short,short,short,short,short,short,short,short,short,short
2019,2023-03-07 06:00:00,OANDA:GBPUSD,1.2045,1.20484,1.20352,1.20368,10106.0,Interval.in_2_hour,37173600.0,short,short,short,short,short,short,short,short,short,short,short,short,short,short,short,short,short,short,short,long,neutral,neutral,long,short,neutral,neutral,neutral,long,long,long,long,long,long,long,long,long,long,long,long,long,short,long,long,long,long,long,short,short,short,short,short,short,short,short,short,short,short
2020,2023-03-07 04:00:00,OANDA:GBPUSD,1.20384,1.20462,1.20329,1.2045,10179.0,Interval.in_2_hour,37166400.0,short,short,short,short,short,short,short,short,short,short,short,short,short,short,short,short,short,short,short,long,neutral,neutral,long,short,long,neutral,neutral,long,long,long,long,long,long,long,long,long,long,long,long,short,long,long,long,long,long,short,long,short,short,short,short,short,short,short,short,short,short
2021,2023-03-07 02:00:00,OANDA:GBPUSD,1.20252,1.20426,1.20173,1.20384,8391.0,Interval.in_2_hour,37159200.0,short,short,short,short,short,short,short,short,short,short,short,short,short,short,short,short,short,short,short,long,neutral,neutral,long,short,neutral,neutral,neutral,long,short,long,long,long,short,short,short,short,short,short,short,long,long,long,long,long,long,long,short,long,short,short,short,short,short,short,short,short,short
2022,2023-03-07 00:00:00,OANDA:GBPUSD,1.20263,1.20286,1.20213,1.20252,3831.0,Interval.in_2_hour,37152000.0,short,short,short,short,short,short,short,short,short,short,short,short,short,short,short,short,short,short,short,long,neutral,neutral,long,short,neutral,neutral,neutral,short,long,long,long,short,short,short,short,short,short,short,short,long,long,long,long,long,long,long,long,long,long,short,short,short,short,short,short,short,short
2023,2023-03-06 22:00:00,OANDA:GBPUSD,1.20162,1.2027,1.20136,1.20263,6649.0,Interval.in_2_hour,37144800.0,short,short,short,short,short,short,short,short,short,short,short,short,short,short,short,short,short,short,short,long,short,short,long,short,neutral,neutral,neutral,long,long,long,short,short,short,short,short,short,short,short,long,long,long,long,long,long,long,short,long,long,long,long,short,short,short,short,short,short,short
2024,2023-03-06 20:00:00,OANDA:GBPUSD,1.2041,1.20412,1.20154,1.20162,9576.0,Interval.in_2_hour,37137600.0,short,short,short,short,short,short,short,short,short,short,short,short,short,short,short,short,short,short,short,long,neutral,neutral,long,short,neutral,neutral,neutral,long,long,short,short,short,short,short,short,short,long,long,long,long,long,long,long,long,long,long,long,long,long,long,long,short,short,short,short,short,short
2025,2023-03-06 18:00:00,OANDA:GBPUSD,1.20272,1.20492,1.20263,1.2041,13179.0,Interval.in_2_hour,37130400.0,short,short,short,short,short,short,short,short,short,short,short,short,short,short,short,short,short,short,short,long,neutral,neutral,long,short,long,long,neutral,long,long,short,short,short,long,short,short,long,long,long,long,long,long,long,long,long,long,short,short,short,short,long,short,long,short,short,short,short,short
2026,2023-03-06 16:00:00,OANDA:GBPUSD,1.20112,1.20378,1.19992,1.20272,23113.0,Interval.in_2_hour,37123200.0,short,short,short,short,short,short,short,short,short,short,short,short,short,short,short,short,short,short,short,long,neutral,neutral,long,short,long,neutral,neutral,short,short,short,short,short,short,short,short,long,long,long,long,long,long,long,long,long,long,long,short,short,short,long,long,long,long,short,short,short,short
2027,2023-03-06 14:00:00,OANDA:GBPUSD,1.19994,1.20294,1.19959,1.20112,15129.0,Interval.in_2_hour,37116000.0,short,short,short,short,short,short,short,short,short,short,short,short,short,short,short,short,short,short,short,long,neutral,neutral,long,short,neutral,neutral,neutral,short,short,short,short,short,short,short,long,long,long,long,long,long,long,long,long,long,long,long,long,long,long,long,long,long,long,long,long,short,short
2028,2023-03-06 12:00:00,OANDA:GBPUSD,1.20286,1.20316,1.19928,1.19994,13497.0,Interval.in_2_hour,37108800.0,short,short,short,short,short,short,short,short,short,short,short,short,short,short,short,short,short,short,short,long,neutral,neutral,long,short,short,neutral,neutral,short,short,short,short,short,short,long,long,long,long,long,long,long,long,long,long,long,long,long,long,long,long,long,long,long,long,long,long,long,short
2029,2023-03-06 10:00:00,OANDA:GBPUSD,1.20367,1.2046,1.20222,1.20286,17079.0,Interval.in_2_hour,37101600.0,short,short,short,short,short,short,short,short,short,short,short,short,short,short,short,short,short,short,short,long,neutral,neutral,long,short,neutral,neutral,neutral,short,long,short,short,long,long,long,long,long,long,long,long,long,long,long,long,long,long,short,short,short,long,short,short,short,long,long,long,long,short
2030,2023-03-06 08:00:00,OANDA:GBPUSD,1.2036,1.20456,1.20238,1.20367,11871.0,Interval.in_2_hour,37094400.0,short,short,short,short,short,short,short,short,short,short,short,short,short,short,short,short,short,short,short,long,neutral,neutral,long,short,neutral,neutral,neutral,long,long,short,long,long,long,long,long,long,long,long,long,long,long,long,long,long,long,short,short,short,short,long,short,short,short,long,long,long,long
2031,2023-03-06 06:00:00,OANDA:GBPUSD,1.20434,1.20446,1.20296,1.2036,6008.0,Interval.in_2_hour,37087200.0,long,short,short,short,short,short,short,short,short,short,short,short,short,short,short,short,short,short,short,long,neutral,neutral,long,short,neutral,neutral,neutral,long,short,long,long,long,long,long,long,long,long,long,long,long,long,long,long,long,long,long,short,short,short,short,long,short,short,short,long,long,long
2032,2023-03-06 04:00:00,OANDA:GBPUSD,1.20355,1.20486,1.20253,1.20434,9465.0,Interval.in_2_hour,37080000.0,short,long,short,short,short,short,short,short,short,short,short,short,short,short,short,short,short,short,short,long,neutral,neutral,long,short,long,neutral,neutral,short,long,long,long,long,long,long,long,long,long,long,long,long,long,long,long,long,long,short,short,short,short,short,short,short,short,short,short,short,long
2033,2023-03-06 02:00:00,OANDA:GBPUSD,1.20281,1.20396,1.20244,1.20355,8919.0,Interval.in_2_hour,37072800.0,long,long,long,short,short,short,short,short,short,short,short,short,short,short,short,short,short,short,short,short,neutral,neutral,long,short,neutral,neutral,neutral,long,long,long,long,long,long,long,long,long,long,long,long,long,long,long,long,long,long,long,long,long,short,short,short,short,long,short,short,short,long
2034,2023-03-06 00:00:00,OANDA:GBPUSD,1.20437,1.20437,1.20274,1.20281,3685.0,Interval.in_2_hour,37065600.0,long,long,long,long,short,short,short,short,short,short,short,short,short,short,short,short,short,short,short,short,neutral,neutral,long,short,short,neutral,neutral,long,long,long,long,long,long,long,long,long,long,long,long,long,long,long,long,long,long,long,long,long,long,long,short,short,short,long,short,short,short
2035,2023-03-03 22:00:00,OANDA:GBPUSD,1.20448,1.20488,1.20384,1.20437,7493.0,Interval.in_2_hour,36885600.0,short,short,long,short,long,short,short,short,short,short,short,short,short,short,short,short,short,short,short,short,neutral,neutral,long,short,neutral,neutral,neutral,long,long,long,long,long,long,long,long,long,long,long,long,long,long,long,long,long,long,short,short,short,short,short,short,short,short,short,short,short,short
2036,2023-03-03 20:00:00,OANDA:GBPUSD,1.20102,1.20472,1.20086,1.20448,9771.0,Interval.in_2_hour,36878400.0,short,short,short,long,short,long,short,short,short,short,short,short,short,short,short,short,short,short,short,short,neutral,neutral,long,short,long,neutral,neutral,long,long,long,long,long,long,long,long,long,long,long,long,long,long,long,long,long,long,short,short,short,short,short,short,short,short,short,short,short,short
2037,2023-03-03 18:00:00,OANDA:GBPUSD,1.19762,1.20112,1.19673,1.20102,15595.0,Interval.in_2_hour,36871200.0,long,long,long,long,long,long,long,long,short,short,short,short,short,short,short,short,short,short,short,long,neutral,neutral,long,short,neutral,neutral,neutral,long,long,long,long,long,long,long,long,long,long,long,long,long,long,long,short,short,short,long,long,long,long,long,long,long,long,short,long,long,long
2038,2023-03-03 16:00:00,OANDA:GBPUSD,1.20084,1.20178,1.19622,1.19762,26594.0,Interval.in_2_hour,36864000.0,long,long,long,long,long,long,long,long,long,long,long,short,short,short,short,short,short,short,short,long,neutral,neutral,long,short,neutral,neutral,neutral,long,long,long,long,long,long,long,long,long,long,long,long,long,long,short,short,short,short,long,long,long,long,long,long,long,long,long,long,long,long
2039,2023-03-03 14:00:00,OANDA:GBPUSD,1.19972,1.20189,1.19802,1.20084,15228.0,Interval.in_2_hour,36856800.0,long,long,long,long,long,long,long,long,long,long,short,short,short,short,short,short,short,short,short,long,neutral,neutral,long,short,long,long,long,long,long,long,long,long,long,long,long,long,long,long,long,long,long,short,short,short,short,short,long,long,long,long,long,long,long,long,long,short,long
2040,2023-03-03 12:00:00,OANDA:GBPUSD,1.19856,1.20042,1.19744,1.19972,14869.0,Interval.in_2_hour,36849600.0,long,long,long,long,long,long,long,long,long,long,long,short,short,short,short,short,short,short,short,long,neutral,neutral,long,short,long,long,long,long,long,long,long,long,long,long,long,long,long,long,long,short,short,short,short,short,short,long,short,long,long,long,long,long,long,long,long,long,long
2041,2023-03-03 10:00:00,OANDA:GBPUSD,1.19724,1.19992,1.19716,1.19856,19106.0,Interval.in_2_hour,36842400.0,long,long,long,long,long,long,long,long,long,long,long,long,long,short,short,short,short,short,short,long,neutral,neutral,long,short,long,long,long,long,long,long,long,long,long,long,long,long,long,short,short,short,short,short,short,short,short,long,long,short,long,long,long,long,long,long,long,long,long
2042,2023-03-03 08:00:00,OANDA:GBPUSD,1.1965,1.19888,1.1965,1.19724,12152.0,Interval.in_2_hour,36835200.0,long,long,long,long,long,long,long,long,long,long,long,long,long,long,long,short,short,short,short,long,neutral,neutral,long,short,long,long,long,long,long,long,long,long,long,long,short,short,short,short,short,short,short,short,short,short,short,long,long,long,long,long,long,long,long,long,long,long,long
2043,2023-03-03 06:00:00,OANDA:GBPUSD,1.19645,1.19763,1.19615,1.1965,6981.0,Interval.in_2_hour,36828000.0,long,long,long,long,long,long,long,long,long,long,long,long,long,long,long,long,short,short,short,long,neutral,neutral,long,short,long,long,long,long,long,long,long,long,long,short,short,short,short,short,short,short,short,short,short,short,short,long,long,long,long,long,long,long,long,long,long,long,long
2044,2023-03-03 04:00:00,OANDA:GBPUSD,1.19626,1.19772,1.19578,1.19645,9732.0,Interval.in_2_hour,36820800.0,long,long,long,long,long,long,long,long,long,long,long,long,long,long,long,long,long,short,short,long,neutral,neutral,long,short,long,long,long,long,long,long,long,long,short,short,short,short,short,short,short,short,short,short,short,short,short,long,long,long,long,long,long,long,long,long,long,long,long
2045,2023-03-03 02:00:00,OANDA:GBPUSD,1.19499,1.19753,1.19484,1.19626,11500.0,Interval.in_2_hour,36813600.0,long,long,long,long,long,long,long,long,long,long,long,long,long,long,long,long,long,long,short,long,neutral,neutral,long,short,long,long,long,long,long,long,long,short,short,short,short,short,short,short,short,short,short,short,short,short,short,long,long,long,long,long,long,long,long,long,long,long,long
2046,2023-03-03 00:00:00,OANDA:GBPUSD,1.19468,1.19537,1.19436,1.19499,6633.0,Interval.in_2_hour,36806400.0,long,long,long,long,long,long,long,long,long,long,long,long,long,long,long,long,long,long,short,long,neutral,neutral,long,short,long,long,neutral,long,long,short,short,short,short,short,short,short,short,short,short,short,short,short,short,short,short,long,long,long,long,long,long,long,long,long,long,long,long
2047,2023-03-02 22:00:00,OANDA:GBPUSD,1.19429,1.19578,1.19364,1.19468,8576.0,Interval.in_2_hour,36799200.0,long,long,long,long,long,long,long,long,long,long,long,long,long,long,long,long,long,long,short,long,neutral,neutral,long,short,long,neutral,neutral,long,short,short,short,short,short,short,short,short,short,short,short,short,short,short,short,short,short,long,long,long,long,long,long,long,long,long,long,long,long
2048,2023-03-02 20:00:00,OANDA:GBPUSD,1.19338,1.19568,1.19252,1.19429,13064.0,Interval.in_2_hour,36792000.0,long,long,long,long,long,long,long,long,long,long,long,long,long,long,long,long,long,long,short,long,neutral,neutral,long,short,neutral,neutral,neutral,short,short,short,short,short,short,short,short,short,short,short,short,short,short,short,short,short,short,long,long,long,long,long,long,long,long,long,long,long,long
2049,2023-03-02 18:00:00,OANDA:GBPUSD,1.1954,1.1963,1.1928,1.19338,15823.0,Interval.in_2_hour,36784800.0,long,long,long,long,long,long,long,long,long,long,long,long,long,long,long,long,long,long,short,long,neutral,neutral,long,short,neutral,neutral,neutral,short,short,short,short,short,short,short,short,short,short,short,short,short,short,short,short,short,short,long,long,long,long,long,long,long,long,long,long,long,long
2050,2023-03-02 16:00:00,OANDA:GBPUSD,1.19288,1.19604,1.19256,1.1954,26449.0,Interval.in_2_hour,36777600.0,long,long,long,long,long,long,long,long,long,long,long,long,long,long,long,long,long,long,short,long,short,short,long,short,neutral,neutral,neutral,short,short,short,short,short,short,short,short,short,short,short,short,short,short,short,short,short,short,short,short,short,short,long,long,long,long,long,long,long,long
2051,2023-03-02 14:00:00,OANDA:GBPUSD,1.19814,1.19882,1.19244,1.19288,21184.0,Interval.in_2_hour,36770400.0,long,long,long,long,long,long,long,long,long,long,long,long,long,long,long,long,long,long,short,long,neutral,neutral,long,short,neutral,neutral,neutral,short,short,short,short,short,short,short,short,short,short,short,short,short,short,short,short,short,short,long,long,long,long,long,long,long,long,long,long,long,long
2052,2023-03-02 12:00:00,OANDA:GBPUSD,1.19734,1.19846,1.1957,1.19814,17546.0,Interval.in_2_hour,36763200.0,long,short,long,long,long,long,long,long,long,long,long,long,long,long,long,long,long,long,short,short,neutral,neutral,long,short,neutral,neutral,neutral,short,short,short,short,short,short,short,short,short,short,short,short,short,short,short,short,short,short,short,short,short,short,short,short,short,short,short,short,long,long
2053,2023-03-02 10:00:00,OANDA:GBPUSD,1.19784,1.20097,1.19555,1.19734,21291.0,Interval.in_2_hour,36756000.0,long,long,long,long,long,long,long,long,long,long,long,long,long,long,long,long,long,long,short,short,short,neutral,long,short,short,short,short,short,short,short,short,short,short,short,short,short,short,short,short,short,short,short,short,short,short,long,short,short,short,short,short,short,short,short,short,short,long
2054,2023-03-02 08:00:00,OANDA:GBPUSD,1.19882,1.19938,1.19622,1.19784,14250.0,Interval.in_2_hour,36748800.0,long,long,long,short,long,long,long,long,long,long,long,long,long,long,long,long,long,long,short,short,neutral,neutral,long,short,short,short,short,short,short,short,short,short,short,short,short,short,short,short,short,short,short,short,short,short,short,short,long,short,short,short,short,short,short,short,short,short,short
2055,2023-03-02 06:00:00,OANDA:GBPUSD,1.20046,1.201,1.19844,1.19882,9376.0,Interval.in_2_hour,36741600.0,short,short,long,long,short,long,long,long,long,long,long,long,long,long,long,long,long,long,short,short,neutral,neutral,long,short,short,short,short,short,short,short,short,short,short,short,short,short,short,short,short,short,short,short,short,short,short,short,short,short,short,short,short,short,short,short,short,short,short
2056,2023-03-02 04:00:00,OANDA:GBPUSD,1.20096,1.20169,1.20026,1.20046,13266.0,Interval.in_2_hour,36734400.0,short,short,short,short,long,short,long,long,long,long,long,long,long,long,long,short,long,long,short,short,neutral,neutral,long,short,short,short,neutral,short,short,short,short,short,short,short,short,short,short,short,short,short,short,short,short,short,short,short,short,short,short,short,short,short,short,short,short,short,short
2057,2023-03-02 02:00:00,OANDA:GBPUSD,1.20269,1.20368,1.19982,1.20096,14886.0,Interval.in_2_hour,36727200.0,short,short,short,short,short,short,short,long,long,long,long,long,long,long,long,long,short,long,short,short,neutral,neutral,long,short,short,neutral,neutral,short,long,long,short,short,short,short,short,short,short,short,short,short,short,short,short,short,short,short,short,short,short,short,short,short,short,short,short,short,short
2058,2023-03-02 00:00:00,OANDA:GBPUSD,1.2027,1.20316,1.20202,1.20269,2348.0,Interval.in_2_hour,36720000.0,short,short,short,short,short,short,short,short,short,long,long,long,long,long,long,long,long,short,short,short,long,long,long,short,neutral,neutral,neutral,long,long,short,short,short,short,short,short,short,long,short,short,short,short,short,short,short,short,short,short,short,short,short,short,short,short,short,short,short,short
2059,2023-03-01 22:00:00,OANDA:GBPUSD,1.20158,1.20278,1.20116,1.2027,7142.0,Interval.in_2_hour,36712800.0,short,short,short,short,short,short,short,short,short,short,long,long,long,long,long,long,long,long,short,short,neutral,neutral,long,short,neutral,neutral,neutral,long,short,short,short,short,short,short,short,short,short,short,short,short,short,short,short,short,short,short,short,short,short,short,short,short,short,short,short,short,short
2060,2023-03-01 20:00:00,OANDA:GBPUSD,1.20229,1.20252,1.19931,1.20158,11650.0,Interval.in_2_hour,36705600.0,short,short,short,short,short,short,short,short,short,short,short,long,long,long,long,long,long,long,short,short,neutral,neutral,long,short,neutral,neutral,neutral,short,short,short,short,short,short,short,short,short,short,short,short,short,short,short,short,short,short,long,long,short,short,short,short,short,short,short,short,short,short
2061,2023-03-01 18:00:00,OANDA:GBPUSD,1.20066,1.20452,1.19892,1.20229,20284.0,Interval.in_2_hour,36698400.0,short,short,short,short,short,short,short,short,short,short,short,short,long,long,long,long,long,long,short,short,neutral,neutral,long,short,neutral,neutral,neutral,short,short,short,short,short,short,short,short,short,short,short,short,short,short,short,short,short,short,short,long,long,short,short,short,short,short,short,short,short,short
2062,2023-03-01 16:00:00,OANDA:GBPUSD,1.20088,1.20374,1.19651,1.20066,31771.0,Interval.in_2_hour,36691200.0,short,short,short,short,short,short,short,short,short,short,long,short,long,long,long,long,long,long,short,short,neutral,neutral,long,short,short,short,short,short,short,short,short,short,short,short,short,short,short,short,short,short,short,short,short,short,short,long,long,long,long,long,short,short,short,short,short,short,short
2063,2023-03-01 14:00:00,OANDA:GBPUSD,1.20501,1.2074,1.2008,1.20088,19478.0,Interval.in_2_hour,36684000.0,short,short,short,short,short,short,short,short,short,short,short,short,short,long,long,long,long,long,short,short,neutral,neutral,long,short,short,short,neutral,short,short,short,short,long,short,short,short,short,short,short,short,short,short,short,short,short,short,short,long,long,long,long,long,short,short,short,short,short,short
2064,2023-03-01 12:00:00,OANDA:GBPUSD,1.2068,1.20754,1.20134,1.20501,21789.0,Interval.in_2_hour,36676800.0,short,short,short,short,short,short,short,short,short,short,short,short,short,short,short,short,short,short,short,short,long,neutral,long,short,short,neutral,neutral,long,long,long,long,long,short,short,short,short,short,long,long,long,long,long,short,short,long,short,short,short,short,short,short,short,short,short,short,short,short
2065,2023-03-01 10:00:00,OANDA:GBPUSD,1.20786,1.20893,1.20665,1.2068,22158.0,Interval.in_2_hour,36669600.0,short,short,short,short,short,short,short,short,short,short,short,short,short,short,short,short,short,short,short,short,neutral,neutral,long,short,neutral,neutral,neutral,long,long,long,long,short,short,short,short,short,long,long,long,long,long,long,long,long,long,short,short,short,short,short,short,short,short,short,short,short,short
2066,2023-03-01 08:00:00,OANDA:GBPUSD,1.20408,1.20862,1.20395,1.20786,15568.0,Interval.in_2_hour,36662400.0,short,short,short,short,short,short,short,short,short,short,short,short,short,short,short,short,short,short,short,short,short,neutral,long,short,long,long,long,long,long,long,short,short,short,short,short,long,long,long,long,long,short,short,long,long,long,short,short,short,short,short,short,short,short,short,short,short,short
2067,2023-03-01 06:00:00,OANDA:GBPUSD,1.20396,1.20474,1.20358,1.20408,7333.0,Interval.in_2_hour,36655200.0,short,short,short,short,short,short,short,short,short,short,short,short,short,short,short,short,short,short,short,short,short,short,long,short,long,long,long,long,long,short,short,short,short,short,short,long,short,short,short,short,short,short,short,long,long,long,long,long,short,short,short,short,short,short,short,short,short
2068,2023-03-01 04:00:00,OANDA:GBPUSD,1.20342,1.20421,1.20166,1.20396,10173.0,Interval.in_2_hour,36648000.0,short,short,short,short,short,short,short,short,short,short,short,short,short,short,short,short,short,short,short,short,neutral,neutral,long,short,long,long,neutral,long,short,short,short,short,short,short,short,short,short,short,short,short,short,short,long,long,long,long,long,long,long,short,short,short,short,short,short,short,short
2069,2023-03-01 02:00:00,OANDA:GBPUSD,1.20331,1.20378,1.2014,1.20342,12746.0,Interval.in_2_hour,36640800.0,short,short,short,short,short,short,short,short,short,short,short,short,short,short,short,short,short,short,short,short,neutral,neutral,long,short,long,neutral,neutral,short,short,short,short,short,short,short,short,short,short,short,short,short,short,long,long,long,long,long,long,long,long,long,short,short,short,short,short,short,short
2070,2023-03-01 00:00:00,OANDA:GBPUSD,1.2019,1.20468,1.20128,1.20331,20809.0,Interval.in_2_hour,36633600.0,short,short,short,short,short,short,short,short,short,short,short,short,short,short,short,short,short,short,short,short,neutral,neutral,long,short,neutral,neutral,neutral,short,short,short,short,short,short,short,short,short,short,short,short,short,long,long,long,long,long,long,long,long,long,long,long,short,short,short,short,short,short
2071,2023-02-28 22:00:00,OANDA:GBPUSD,1.20542,1.2056,1.20179,1.2019,7003.0,Interval.in_2_hour,36626400.0,long,short,short,short,short,short,short,short,short,short,short,short,short,short,short,short,short,short,short,short,neutral,neutral,long,short,short,short,short,short,short,short,short,short,short,short,short,short,short,short,short,long,long,long,long,long,long,long,long,long,long,long,long,long,short,short,long,short,long
2072,2023-02-28 20:00:00,OANDA:GBPUSD,1.20998,1.21026,1.20528,1.20542,10811.0,Interval.in_2_hour,36619200.0,short,short,short,short,short,short,short,short,short,short,short,short,short,short,short,short,short,short,short,short,long,neutral,long,short,short,short,neutral,short,short,long,long,long,long,long,long,long,long,long,long,long,long,long,long,long,long,short,short,short,short,short,long,long,short,short,short,short,short
2073,2023-02-28 18:00:00,OANDA:GBPUSD,1.21074,1.21247,1.20802,1.20998,16481.0,Interval.in_2_hour,36612000.0,short,short,short,short,short,short,short,short,short,short,short,short,short,short,short,short,short,short,short,short,neutral,neutral,long,short,short,neutral,neutral,long,long,long,long,long,long,long,long,long,long,long,long,long,long,long,long,long,long,short,short,short,short,short,short,short,short,short,short,short,short
2074,2023-02-28 16:00:00,OANDA:GBPUSD,1.21226,1.21434,1.21012,1.21074,26595.0,Interval.in_2_hour,36604800.0,short,short,short,short,short,short,short,short,short,short,short,short,short,short,short,short,short,short,short,short,neutral,neutral,long,short,neutral,neutral,neutral,long,long,long,long,long,long,long,long,long,long,long,long,long,long,long,long,long,long,short,short,short,short,short,short,short,short,short,short,short,short
2075,2023-02-28 14:00:00,OANDA:GBPUSD,1.20958,1.21284,1.20866,1.21226,16497.0,Interval.in_2_hour,36597600.0,short,short,short,short,short,short,short,short,short,short,short,short,short,short,short,short,short,short,short,short,neutral,neutral,long,short,long,long,neutral,long,long,long,long,long,long,long,long,long,long,long,long,long,long,long,long,long,long,short,short,short,short,short,short,short,short,short,short,short,short
2076,2023-02-28 12:00:00,OANDA:GBPUSD,1.20744,1.21088,1.20732,1.20958,15449.0,Interval.in_2_hour,36590400.0,short,short,short,short,short,short,short,short,short,short,short,short,short,short,short,short,short,short,short,short,neutral,neutral,long,short,long,neutral,neutral,long,long,long,long,long,long,long,long,long,long,long,long,long,long,long,long,long,long,long,long,long,short,short,short,short,short,short,short,short,short
2077,2023-02-28 10:00:00,OANDA:GBPUSD,1.20365,1.20978,1.20272,1.20744,22564.0,Interval.in_2_hour,36583200.0,short,short,short,short,short,short,short,short,short,short,short,short,short,short,short,short,short,short,short,long,neutral,neutral,long,short,neutral,neutral,neutral,long,short,short,short,short,long,long,long,long,long,long,long,long,long,long,long,long,long,long,long,long,long,short,short,short,short,short,short,long,short
2078,2023-02-28 08:00:00,OANDA:GBPUSD,1.20402,1.20539,1.2031,1.20365,13688.0,Interval.in_2_hour,36576000.0,long,long,short,short,short,short,short,short,short,short,short,short,short,short,short,short,short,short,short,long,neutral,neutral,long,short,short,short,short,short,short,short,short,short,long,long,long,long,long,long,long,long,long,long,long,long,long,long,long,long,long,long,long,short,short,short,long,long,long
2079,2023-02-28 06:00:00,OANDA:GBPUSD,1.20518,1.20524,1.20382,1.20402,8626.0,Interval.in_2_hour,36568800.0,long,long,long,short,short,short,short,short,short,short,short,short,short,short,short,short,short,short,short,short,neutral,neutral,long,short,short,short,neutral,short,short,short,long,long,long,long,long,long,long,long,long,long,long,long,long,long,long,short,long,long,long,long,long,long,short,short,short,short,long
2080,2023-02-28 04:00:00,OANDA:GBPUSD,1.20532,1.20628,1.20492,1.20518,7884.0,Interval.in_2_hour,36561600.0,short,long,long,short,short,short,short,short,short,short,short,short,short,short,short,short,short,short,short,short,neutral,neutral,long,short,short,neutral,neutral,short,short,long,long,long,long,long,long,long,long,long,long,long,long,long,long,long,long,short,short,long,long,long,long,long,long,short,short,short,short
2081,2023-02-28 02:00:00,OANDA:GBPUSD,1.20625,1.20684,1.20524,1.20532,11330.0,Interval.in_2_hour,36554400.0,short,short,long,long,short,short,short,short,short,short,short,short,short,short,short,short,short,short,short,short,neutral,neutral,long,short,neutral,neutral,neutral,short,long,long,long,long,long,long,long,long,long,long,long,long,long,long,long,long,long,short,short,short,long,long,long,long,long,long,short,short,short
2082,2023-02-28 00:00:00,OANDA:GBPUSD,1.20618,1.20678,1.20536,1.20625,7161.0,Interval.in_2_hour,36547200.0,short,short,short,long,long,short,short,short,short,short,short,short,short,short,short,short,short,short,short,short,neutral,neutral,long,short,long,neutral,neutral,long,long,long,long,long,long,long,long,long,long,long,long,long,long,long,long,long,long,short,short,short,short,long,long,long,long,long,short,short,short
2083,2023-02-27 22:00:00,OANDA:GBPUSD,1.20578,1.20639,1.20508,1.20618,7824.0,Interval.in_2_hour,36540000.0,short,short,short,short,long,long,short,short,short,short,short,short,short,short,short,short,short,short,short,short,neutral,neutral,long,short,neutral,neutral,neutral,long,long,long,long,long,long,long,long,long,long,long,long,long,long,long,long,long,long,long,short,short,short,short,long,long,long,long,long,short,short
2084,2023-02-27 20:00:00,OANDA:GBPUSD,1.20596,1.20662,1.20481,1.20578,12752.0,Interval.in_2_hour,36532800.0,short,short,short,short,short,long,long,short,short,short,short,short,short,short,short,short,short,short,short,short,neutral,neutral,long,short,neutral,neutral,neutral,long,long,long,long,long,long,long,long,long,long,long,long,long,long,long,long,long,long,long,long,short,short,short,short,long,long,long,long,long,short
2085,2023-02-27 18:00:00,OANDA:GBPUSD,1.2026,1.20608,1.20158,1.20596,14267.0,Interval.in_2_hour,36525600.0,short,short,short,short,short,short,long,long,short,short,short,short,short,short,short,short,short,short,short,short,neutral,neutral,long,short,long,long,long,long,long,long,long,long,long,long,long,long,long,long,long,long,long,long,long,long,long,short,long,long,short,short,short,short,long,long,long,long,long
2086,2023-02-27 16:00:00,OANDA:GBPUSD,1.2019,1.20566,1.20135,1.2026,24694.0,Interval.in_2_hour,36518400.0,long,long,short,long,long,long,long,long,long,long,short,short,short,short,long,long,short,short,short,short,neutral,neutral,long,short,long,long,long,long,long,long,long,long,long,long,long,long,long,long,long,short,short,short,long,long,long,long,long,long,long,long,long,long,long,long,long,long,long
2087,2023-02-27 14:00:00,OANDA:GBPUSD,1.19844,1.20242,1.19742,1.2019,17815.0,Interval.in_2_hour,36511200.0,long,long,long,long,long,long,long,long,long,long,long,short,short,long,short,long,long,short,short,short,neutral,neutral,long,short,long,long,long,long,long,long,long,long,long,long,long,long,long,short,short,short,short,short,short,short,short,long,long,long,long,long,long,long,long,long,long,long,long
2088,2023-02-27 12:00:00,OANDA:GBPUSD,1.19738,1.199,1.19644,1.19844,13717.0,Interval.in_2_hour,36504000.0,long,long,long,long,long,long,long,long,long,long,long,long,long,long,long,long,long,long,short,short,neutral,neutral,long,short,long,long,neutral,long,long,long,long,long,long,long,long,long,short,short,short,short,short,short,short,short,short,long,long,long,long,long,long,long,long,long,long,long,long
2089,2023-02-27 10:00:00,OANDA:GBPUSD,1.19551,1.19849,1.19404,1.19738,20745.0,Interval.in_2_hour,36496800.0,long,long,long,long,long,long,long,long,long,long,long,long,long,long,long,long,long,long,short,short,long,long,long,short,long,neutral,neutral,long,long,long,long,long,long,long,short,short,short,short,short,short,short,short,short,short,short,long,long,long,long,long,long,long,long,long,long,long,long
2090,2023-02-27 08:00:00,OANDA:GBPUSD,1.19382,1.19578,1.19225,1.19551,14827.0,Interval.in_2_hour,36489600.0,long,long,long,long,long,long,long,long,long,long,long,long,long,long,long,long,long,long,short,short,neutral,neutral,long,short,neutral,neutral,neutral,short,long,long,long,long,short,short,short,short,short,short,short,short,short,short,short,short,short,long,long,long,long,long,long,long,long,long,long,long,long
2091,2023-02-27 06:00:00,OANDA:GBPUSD,1.1945,1.19506,1.19348,1.19382,7656.0,Interval.in_2_hour,36482400.0,long,long,long,long,long,long,long,long,long,long,long,long,long,long,long,long,long,long,short,short,neutral,neutral,long,short,short,neutral,neutral,short,short,short,short,short,short,short,short,short,short,short,short,short,short,short,short,short,short,long,long,long,long,long,long,long,long,long,long,long,long
2092,2023-02-27 04:00:00,OANDA:GBPUSD,1.19631,1.19646,1.19379,1.1945,10905.0,Interval.in_2_hour,36475200.0,long,long,long,long,long,long,long,long,long,long,long,long,long,long,long,long,long,long,short,short,neutral,neutral,long,short,neutral,neutral,neutral,long,long,long,long,short,short,short,short,short,short,short,short,short,short,short,short,short,short,short,long,long,long,long,long,long,long,long,long,long,long
2093,2023-02-27 02:00:00,OANDA:GBPUSD,1.19498,1.19632,1.19426,1.19631,10902.0,Interval.in_2_hour,36468000.0,long,long,long,long,long,long,long,long,long,long,long,long,long,long,long,long,long,long,short,short,neutral,neutral,long,short,long,neutral,neutral,long,long,long,short,short,short,short,short,short,short,short,short,short,short,short,short,short,short,short,short,short,long,long,long,long,long,long,long,long,long
2094,2023-02-27 00:00:00,OANDA:GBPUSD,1.194,1.19566,1.194,1.19498,4881.0,Interval.in_2_hour,36460800.0,long,long,long,long,long,long,long,long,long,long,long,long,long,long,long,long,long,long,short,short,neutral,neutral,long,short,neutral,neutral,neutral,long,short,short,short,short,short,short,short,short,short,short,short,short,short,short,short,short,short,long,short,short,long,long,long,long,long,long,long,long,long
2095,2023-02-24 22:00:00,OANDA:GBPUSD,1.1944,1.19546,1.19384,1.194,7909.0,Interval.in_2_hour,36280800.0,long,long,long,long,long,long,long,long,long,long,long,long,long,long,long,long,long,long,short,long,neutral,neutral,long,short,short,neutral,neutral,short,short,short,short,short,short,short,short,short,short,short,short,short,short,short,short,short,short,long,long,long,short,long,long,long,long,long,long,long,long
2096,2023-02-24 20:00:00,OANDA:GBPUSD,1.19458,1.19546,1.19412,1.1944,13464.0,Interval.in_2_hour,36273600.0,long,long,long,long,long,long,long,long,long,long,long,long,long,long,long,long,long,long,short,long,neutral,neutral,long,short,neutral,neutral,neutral,short,short,short,short,short,short,short,short,short,short,short,short,short,short,short,short,short,short,short,long,long,long,short,long,long,long,long,long,long,long
2097,2023-02-24 18:00:00,OANDA:GBPUSD,1.19414,1.19606,1.19371,1.19458,17852.0,Interval.in_2_hour,36266400.0,long,long,long,long,long,long,long,long,long,long,long,long,long,long,long,long,long,long,short,long,neutral,neutral,long,short,neutral,neutral,neutral,short,short,short,short,short,short,short,short,short,short,short,short,short,short,short,short,short,short,short,short,long,long,short,short,long,long,long,long,long,long
2098,2023-02-24 16:00:00,OANDA:GBPUSD,1.19648,1.19667,1.19282,1.19414,34284.0,Interval.in_2_hour,36259200.0,long,long,long,long,long,long,long,long,long,long,long,long,long,long,long,long,long,long,short,long,neutral,neutral,long,short,short,short,short,short,short,short,short,short,short,short,short,short,short,short,short,short,short,short,short,short,short,long,long,short,long,long,long,short,long,long,long,long,long
2099,2023-02-24 14:00:00,OANDA:GBPUSD,1.19874,1.19896,1.19457,1.19648,26056.0,Interval.in_2_hour,36252000.0,long,long,long,long,long,long,long,long,long,long,long,long,long,long,long,long,long,long,short,long,neutral,neutral,long,short,short,short,neutral,short,short,short,short,short,short,short,short,short,short,short,short,short,short,short,short,short,short,short,short,short,short,short,short,short,short,short,long,long,long
2100,2023-02-24 12:00:00,OANDA:GBPUSD,1.2024,1.20307,1.19808,1.19874,15425.0,Interval.in_2_hour,36244800.0,long,long,long,long,long,long,long,long,long,long,long,long,long,long,long,long,long,long,short,short,neutral,neutral,long,short,short,neutral,neutral,short,short,short,short,short,short,short,short,short,short,short,short,short,short,short,short,short,short,short,short,short,short,short,short,short,short,short,short,short,short
2101,2023-02-24 10:00:00,OANDA:GBPUSD,1.2027,1.2042,1.20004,1.2024,19452.0,Interval.in_2_hour,36237600.0,short,short,long,long,long,long,long,long,long,long,long,long,long,long,long,long,long,short,short,short,neutral,neutral,long,short,neutral,neutral,neutral,long,long,long,long,long,long,short,short,short,short,short,short,short,short,short,short,short,short,short,short,short,short,short,short,short,short,short,short,short,short
2102,2023-02-24 08:00:00,OANDA:GBPUSD,1.20232,1.2028,1.20112,1.2027,11310.0,Interval.in_2_hour,36230400.0,short,short,short,short,long,long,long,long,long,long,long,long,long,long,long,long,long,long,short,short,neutral,neutral,long,short,long,long,neutral,long,long,long,long,long,short,short,short,short,short,short,short,short,short,short,short,short,short,short,short,short,short,short,short,short,short,short,short,short,short
2103,2023-02-24 06:00:00,OANDA:GBPUSD,1.20228,1.2026,1.2016,1.20232,9179.0,Interval.in_2_hour,36223200.0,short,short,short,short,long,long,long,long,long,long,long,long,long,long,long,long,long,long,short,short,neutral,neutral,long,short,long,neutral,neutral,long,long,long,long,short,short,short,short,short,short,short,short,short,short,short,short,short,short,long,long,short,short,short,short,short,short,short,short,short,short
2104,2023-02-24 04:00:00,OANDA:GBPUSD,1.20166,1.20315,1.20128,1.20228,10606.0,Interval.in_2_hour,36216000.0,short,short,short,short,short,long,long,long,long,long,long,long,long,long,long,long,long,long,short,short,neutral,neutral,long,short,neutral,neutral,neutral,long,long,long,short,short,short,short,short,short,short,short,short,short,short,short,short,short,short,long,long,long,short,short,short,short,short,short,short,short,short
2105,2023-02-24 02:00:00,OANDA:GBPUSD,1.20168,1.20334,1.20074,1.20166,18488.0,Interval.in_2_hour,36208800.0,short,short,short,short,short,long,long,long,long,long,long,long,long,long,long,long,long,long,short,short,neutral,neutral,long,short,neutral,neutral,neutral,long,long,short,short,short,short,short,short,short,short,short,short,short,short,short,short,short,short,long,long,long,long,short,short,short,short,short,short,short,short
2106,2023-02-24 00:00:00,OANDA:GBPUSD,1.2015,1.20232,1.20096,1.20168,13041.0,Interval.in_2_hour,36201600.0,short,short,short,short,short,short,long,long,long,long,long,long,long,long,long,long,long,long,short,short,neutral,neutral,long,short,neutral,neutral,neutral,long,short,short,short,short,short,short,short,short,short,short,short,short,short,short,short,short,short,short,long,long,long,long,short,short,short,short,short,short,short
2107,2023-02-23 22:00:00,OANDA:GBPUSD,1.20174,1.20242,1.2014,1.2015,7675.0,Interval.in_2_hour,36194400.0,short,short,short,short,short,short,short,long,long,long,long,long,long,long,long,long,long,long,short,short,neutral,neutral,long,short,neutral,neutral,neutral,short,short,short,short,short,short,short,short,short,short,short,short,short,short,short,short,short,short,long,long,long,long,long,long,short,short,short,short,short,short
2108,2023-02-23 20:00:00,OANDA:GBPUSD,1.1999,1.20322,1.19963,1.20174,13118.0,Interval.in_2_hour,36187200.0,short,short,short,short,short,short,short,short,long,long,long,long,long,long,long,long,long,long,short,short,neutral,neutral,long,short,neutral,neutral,neutral,short,short,short,short,short,short,short,short,short,short,short,short,short,short,short,short,short,short,short,short,short,long,long,long,long,short,short,short,short,short
2109,2023-02-23 18:00:00,OANDA:GBPUSD,1.2024,1.2027,1.19922,1.1999,18218.0,Interval.in_2_hour,36180000.0,short,short,short,short,short,short,short,short,short,long,long,long,long,long,long,long,long,long,short,short,neutral,neutral,long,short,short,neutral,neutral,short,short,short,short,short,short,short,short,short,short,short,short,short,short,short,short,short,short,long,long,long,long,long,long,long,long,short,short,short,short
2110,2023-02-23 16:00:00,OANDA:GBPUSD,1.20348,1.20696,1.20132,1.2024,30406.0,Interval.in_2_hour,36172800.0,short,short,short,short,short,short,short,short,short,short,short,long,long,long,long,long,long,long,short,short,neutral,neutral,long,short,neutral,neutral,neutral,short,short,short,short,short,short,short,short,short,short,short,short,short,short,short,short,short,short,short,short,short,short,short,short,short,long,long,short,short,short
2111,2023-02-23 14:00:00,OANDA:GBPUSD,1.20302,1.20638,1.20229,1.20348,22343.0,Interval.in_2_hour,36165600.0,short,short,short,short,short,short,short,short,short,short,short,short,short,long,long,long,long,long,short,short,short,short,long,short,neutral,neutral,neutral,short,short,short,short,short,short,short,short,short,short,short,short,short,short,short,short,short,short,short,short,short,short,short,short,short,short,short,short,short,short
2112,2023-02-23 12:00:00,OANDA:GBPUSD,1.20308,1.20432,1.2019,1.20302,14704.0,Interval.in_2_hour,36158400.0,short,short,short,short,short,short,short,short,short,short,short,short,short,short,long,long,long,long,short,short,neutral,neutral,long,short,short,neutral,neutral,short,short,short,short,short,short,short,short,short,short,short,short,short,short,short,short,short,short,long,short,short,short,short,short,short,short,short,short,short,short
2113,2023-02-23 10:00:00,OANDA:GBPUSD,1.20612,1.20625,1.20142,1.20308,20211.0,Interval.in_2_hour,36151200.0,short,short,short,short,short,short,short,short,short,short,short,short,short,short,short,long,long,long,short,short,long,long,long,short,neutral,neutral,neutral,short,short,long,long,short,short,short,short,short,short,short,short,short,short,short,short,short,short,short,long,short,short,short,short,short,short,short,short,short,short
2114,2023-02-23 08:00:00,OANDA:GBPUSD,1.20607,1.20752,1.20542,1.20612,13511.0,Interval.in_2_hour,36144000.0,short,short,short,short,short,short,short,short,short,short,short,short,short,short,short,short,short,short,short,short,neutral,neutral,long,short,neutral,neutral,neutral,long,long,long,long,short,short,short,short,short,short,short,short,short,short,short,short,short,short,short,short,short,short,short,short,short,short,short,short,short,short
2115,2023-02-23 06:00:00,OANDA:GBPUSD,1.20644,1.20649,1.20524,1.20607,6085.0,Interval.in_2_hour,36136800.0,short,short,short,short,short,short,short,short,short,short,short,short,short,short,short,short,short,short,short,short,long,long,long,short,neutral,neutral,neutral,long,long,long,short,short,short,short,short,short,short,short,short,short,short,short,short,short,short,long,short,short,short,short,short,short,short,short,short,short,short
2116,2023-02-23 04:00:00,OANDA:GBPUSD,1.20574,1.20685,1.2055,1.20644,9630.0,Interval.in_2_hour,36129600.0,short,short,short,short,short,short,short,short,short,short,short,short,short,short,short,short,short,short,short,short,neutral,neutral,long,short,long,long,long,long,long,short,short,short,short,short,short,short,short,short,short,short,short,short,short,short,short,short,short,short,short,short,short,short,short,short,short,short,short
2117,2023-02-23 02:00:00,OANDA:GBPUSD,1.2047,1.20612,1.2046,1.20574,9297.0,Interval.in_2_hour,36122400.0,short,short,short,short,short,short,short,short,short,short,short,short,short,short,short,short,short,short,short,short,neutral,neutral,long,short,long,long,neutral,short,short,short,short,short,short,short,short,short,short,short,short,short,short,short,short,short,short,long,long,long,short,short,short,short,short,short,short,short,short
2118,2023-02-23 00:00:00,OANDA:GBPUSD,1.20438,1.20502,1.20402,1.2047,6348.0,Interval.in_2_hour,36115200.0,short,short,short,short,short,short,short,short,short,short,short,short,short,short,short,short,short,short,short,short,neutral,neutral,long,short,long,neutral,neutral,short,short,short,short,short,short,short,short,short,short,short,short,short,short,short,short,short,long,long,long,long,long,short,short,short,short,short,short,short,short
2119,2023-02-22 22:00:00,OANDA:GBPUSD,1.20365,1.20484,1.20359,1.20438,10495.0,Interval.in_2_hour,36108000.0,short,short,short,short,short,short,short,short,short,short,short,short,short,short,short,short,short,short,short,short,neutral,neutral,long,short,neutral,neutral,neutral,short,short,short,short,short,short,short,short,short,short,short,short,short,short,short,short,long,long,long,long,long,long,long,short,short,short,short,short,short,short
2120,2023-02-22 20:00:00,OANDA:GBPUSD,1.20738,1.20828,1.20346,1.20365,24393.0,Interval.in_2_hour,36100800.0,short,short,short,short,short,short,short,short,short,short,short,short,short,short,short,short,short,short,short,long,neutral,neutral,long,short,neutral,neutral,neutral,short,short,short,short,short,short,short,short,short,short,short,short,short,short,long,long,long,long,long,long,long,long,long,long,short,short,short,short,short,short
2121,2023-02-22 18:00:00,OANDA:GBPUSD,1.20672,1.20802,1.20552,1.20738,18260.0,Interval.in_2_hour,36093600.0,short,short,short,short,short,short,short,short,short,short,short,short,short,short,short,short,short,short,short,short,neutral,neutral,long,short,neutral,neutral,neutral,short,short,short,short,short,short,short,short,short,short,short,short,short,long,long,long,long,long,short,short,short,short,short,short,short,short,short,short,short,short
2122,2023-02-22 16:00:00,OANDA:GBPUSD,1.21048,1.21138,1.20634,1.20672,24826.0,Interval.in_2_hour,36086400.0,short,short,short,short,short,short,short,short,short,short,short,short,short,short,short,short,short,short,short,short,neutral,neutral,long,short,neutral,neutral,neutral,short,short,short,short,short,short,short,short,short,short,short,short,long,long,long,long,long,long,long,short,short,short,short,short,short,short,short,short,short,short
2123,2023-02-22 14:00:00,OANDA:GBPUSD,1.20848,1.21201,1.20782,1.21048,19336.0,Interval.in_2_hour,36079200.0,short,short,short,short,short,short,short,short,short,short,short,short,short,short,short,short,short,short,short,short,short,short,long,short,long,neutral,neutral,short,short,short,short,short,short,short,short,short,short,short,long,long,long,long,long,long,long,short,short,short,short,short,short,short,short,short,short,short,short
2124,2023-02-22 12:00:00,OANDA:GBPUSD,1.20777,1.20948,1.20634,1.20848,16869.0,Interval.in_2_hour,36072000.0,short,short,short,short,short,short,short,short,short,short,short,short,short,short,short,short,short,short,short,short,neutral,neutral,long,short,neutral,neutral,neutral,short,short,short,short,short,short,short,short,short,short,long,long,long,long,long,long,long,long,long,short,short,short,short,short,short,short,short,short,short,short
2125,2023-02-22 10:00:00,OANDA:GBPUSD,1.21144,1.21201,1.20652,1.20777,22338.0,Interval.in_2_hour,36064800.0,short,short,short,short,short,short,short,short,short,short,short,short,short,short,short,short,short,short,short,short,neutral,neutral,long,short,neutral,neutral,neutral,short,short,short,short,short,short,short,short,short,long,long,long,long,long,long,long,long,long,long,long,short,short,short,short,short,short,short,short,short,short
2126,2023-02-22 08:00:00,OANDA:GBPUSD,1.21065,1.21287,1.21013,1.21144,12832.0,Interval.in_2_hour,36057600.0,short,short,short,short,short,short,short,short,short,short,short,short,short,short,short,short,short,short,short,short,neutral,neutral,long,short,neutral,neutral,neutral,short,long,long,short,short,short,long,long,long,long,long,long,long,long,long,long,long,long,short,short,short,short,short,short,short,short,short,short,short,short
2127,2023-02-22 06:00:00,OANDA:GBPUSD,1.212,1.21202,1.20979,1.21065,6856.0,Interval.in_2_hour,36050400.0,short,short,short,short,short,short,short,short,short,short,short,short,short,short,short,short,short,short,short,short,neutral,neutral,long,short,short,neutral,neutral,long,long,short,short,short,long,long,long,long,long,long,long,long,long,long,long,long,long,long,short,short,short,short,short,short,short,short,short,short,short
2128,2023-02-22 04:00:00,OANDA:GBPUSD,1.2121,1.21254,1.21134,1.212,11678.0,Interval.in_2_hour,36043200.0,short,short,short,short,short,short,short,short,short,short,short,short,short,short,short,short,short,short,short,short,long,long,long,short,neutral,neutral,neutral,long,long,short,short,long,long,long,long,long,long,long,long,long,long,long,long,long,long,short,short,short,short,short,short,short,short,short,short,short,short
2129,2023-02-22 02:00:00,OANDA:GBPUSD,1.21092,1.21357,1.21059,1.2121,13998.0,Interval.in_2_hour,36036000.0,short,short,short,short,short,short,short,short,short,short,short,short,short,short,short,short,short,short,short,short,neutral,neutral,long,short,neutral,neutral,neutral,short,short,short,long,long,long,long,long,long,long,long,long,long,long,long,long,long,long,short,short,short,short,short,short,short,short,short,short,short,short
2130,2023-02-22 00:00:00,OANDA:GBPUSD,1.21115,1.21154,1.21065,1.21092,7831.0,Interval.in_2_hour,36028800.0,short,short,short,short,short,short,short,short,short,short,short,short,short,short,short,short,short,short,short,short,neutral,neutral,long,short,neutral,neutral,neutral,short,short,long,long,long,long,long,long,long,long,long,long,long,long,long,long,long,long,long,long,short,long,short,short,short,short,short,short,short,short
2131,2023-02-21 22:00:00,OANDA:GBPUSD,1.21084,1.21126,1.20996,1.21115,9390.0,Interval.in_2_hour,36021600.0,short,short,short,short,short,short,short,short,short,short,short,short,short,short,short,short,short,short,short,short,neutral,neutral,long,short,neutral,neutral,neutral,short,long,long,long,long,long,long,long,long,long,long,long,long,long,long,long,long,long,short,long,long,short,long,short,short,short,short,short,short,short
2132,2023-02-21 20:00:00,OANDA:GBPUSD,1.21278,1.21288,1.20972,1.21084,14052.0,Interval.in_2_hour,36014400.0,short,short,short,short,short,short,short,short,short,short,short,short,short,short,short,short,short,short,short,short,neutral,neutral,long,short,short,neutral,neutral,long,long,long,long,long,long,long,long,long,long,long,long,long,long,long,long,long,long,long,long,long,long,short,long,short,short,short,short,short,short
2133,2023-02-21 18:00:00,OANDA:GBPUSD,1.21421,1.21428,1.20986,1.21278,19901.0,Interval.in_2_hour,36007200.0,short,short,short,short,short,short,short,short,short,short,short,short,short,short,short,short,short,short,short,short,long,long,long,short,neutral,neutral,neutral,long,long,long,long,long,long,long,long,long,long,long,long,long,long,long,long,long,long,short,short,short,short,short,short,short,short,short,short,short,short
2134,2023-02-21 16:00:00,OANDA:GBPUSD,1.20996,1.21478,1.20617,1.21421,32876.0,Interval.in_2_hour,36000000.0,short,short,short,short,short,short,short,short,short,short,short,short,short,short,short,short,short,short,short,short,long,long,long,short,neutral,neutral,neutral,long,long,long,long,long,long,long,long,long,long,long,long,long,long,long,long,long,long,short,short,short,short,short,short,short,short,short,short,short,short
2135,2023-02-21 14:00:00,OANDA:GBPUSD,1.21096,1.21302,1.2096,1.20996,19433.0,Interval.in_2_hour,35992800.0,short,short,short,short,short,short,short,short,short,short,short,short,short,short,short,short,short,short,short,short,neutral,neutral,long,short,neutral,neutral,neutral,long,long,long,long,long,long,long,long,long,long,long,long,long,long,long,long,long,long,long,long,long,long,long,long,long,long,long,short,short,long
2136,2023-02-21 12:00:00,OANDA:GBPUSD,1.2092,1.21188,1.20754,1.21096,21424.0,Interval.in_2_hour,35985600.0,short,short,short,short,short,short,short,short,short,short,short,short,short,short,short,short,short,short,short,short,neutral,neutral,long,short,long,neutral,neutral,long,long,long,long,long,long,long,long,long,long,long,long,long,long,long,long,long,long,short,long,long,short,long,short,long,long,short,long,short,short
2137,2023-02-21 10:00:00,OANDA:GBPUSD,1.20154,1.21142,1.19861,1.2092,29789.0,Interval.in_2_hour,35978400.0,short,long,short,short,short,short,short,short,short,short,short,short,short,short,short,short,short,short,short,short,short,neutral,long,short,neutral,neutral,neutral,long,long,long,long,long,long,long,long,long,long,long,long,long,long,long,long,long,long,long,long,long,long,long,long,long,long,long,long,long,short
2138,2023-02-21 08:00:00,OANDA:GBPUSD,1.20306,1.20318,1.19968,1.20154,13180.0,Interval.in_2_hour,35971200.0,long,long,long,long,long,long,long,long,long,long,long,long,long,long,long,long,short,long,short,long,neutral,neutral,long,short,neutral,neutral,neutral,short,short,short,short,short,short,short,short,short,short,short,long,short,short,short,short,long,long,long,long,long,long,long,long,long,long,long,long,long,long
2139,2023-02-21 06:00:00,OANDA:GBPUSD,1.20238,1.20306,1.20194,1.20306,7925.0,Interval.in_2_hour,35964000.0,long,long,long,long,long,long,long,long,long,long,long,long,long,long,short,long,short,short,short,long,neutral,neutral,long,short,neutral,neutral,neutral,short,short,short,short,short,short,long,short,short,short,long,long,short,short,short,long,long,long,short,long,long,long,long,long,long,long,long,long,long,long
2140,2023-02-21 04:00:00,OANDA:GBPUSD,1.2026,1.20368,1.20172,1.20238,10106.0,Interval.in_2_hour,35956800.0,long,long,long,long,long,long,long,long,long,long,long,long,long,long,long,long,long,long,short,long,neutral,neutral,long,short,short,short,short,short,short,short,short,short,short,short,short,short,long,long,short,short,short,long,long,long,long,long,short,long,long,long,long,long,long,long,long,long,long
2141,2023-02-21 02:00:00,OANDA:GBPUSD,1.20383,1.20392,1.20135,1.2026,11316.0,Interval.in_2_hour,35949600.0,long,long,long,long,long,long,long,long,long,long,long,long,long,long,long,long,long,long,short,long,neutral,neutral,long,short,short,short,neutral,short,short,short,short,long,short,short,short,long,long,short,short,short,long,long,long,long,long,short,long,short,long,long,long,long,long,long,long,long,long
2142,2023-02-21 00:00:00,OANDA:GBPUSD,1.20404,1.20442,1.20352,1.20383,7685.0,Interval.in_2_hour,35942400.0,long,long,long,long,long,long,long,long,long,short,long,long,long,long,long,long,short,short,short,long,neutral,neutral,long,short,short,neutral,neutral,long,long,long,long,long,short,long,long,long,long,short,long,long,long,long,long,long,long,short,short,short,short,long,long,long,long,long,long,long,long
2143,2023-02-20 22:00:00,OANDA:GBPUSD,1.20422,1.20425,1.20352,1.20404,5084.0,Interval.in_2_hour,35935200.0,long,long,long,long,long,long,long,long,long,long,short,long,long,long,long,long,long,short,short,long,neutral,neutral,long,short,neutral,neutral,neutral,long,long,long,long,short,long,long,long,long,short,long,long,long,long,long,long,long,long,short,short,short,short,short,long,long,long,long,long,long,long
2144,2023-02-20 20:00:00,OANDA:GBPUSD,1.2036,1.20422,1.20348,1.20422,2635.0,Interval.in_2_hour,35928000.0,long,long,long,long,long,long,long,long,long,long,long,short,long,long,long,long,long,long,short,long,neutral,neutral,long,short,long,neutral,neutral,long,long,long,short,long,long,long,long,short,long,long,long,long,long,long,long,long,long,short,short,short,short,short,short,long,long,long,long,long,long
2145,2023-02-20 18:00:00,OANDA:GBPUSD,1.20295,1.20414,1.20264,1.2036,6257.0,Interval.in_2_hour,35920800.0,long,long,long,long,long,long,long,long,long,long,long,long,long,long,long,long,long,long,short,long,neutral,neutral,long,short,neutral,neutral,neutral,long,short,short,short,long,long,short,short,short,long,long,long,long,long,long,long,long,long,long,long,long,short,short,short,short,long,long,long,long,long
2146,2023-02-20 16:00:00,OANDA:GBPUSD,1.2038,1.20431,1.20244,1.20295,11722.0,Interval.in_2_hour,35913600.0,long,long,long,long,long,long,long,long,long,long,long,long,long,long,long,long,long,long,short,long,neutral,neutral,long,short,neutral,neutral,neutral,short,short,short,long,long,short,short,long,long,long,long,long,long,long,long,long,long,long,long,long,long,long,short,short,long,short,long,long,long,long
2147,2023-02-20 14:00:00,OANDA:GBPUSD,1.20322,1.20416,1.20202,1.2038,14195.0,Interval.in_2_hour,35906400.0,long,long,long,long,long,long,long,long,long,long,long,long,long,long,short,long,long,long,short,long,neutral,neutral,long,short,long,neutral,neutral,short,long,long,long,short,short,long,long,long,long,long,long,long,long,long,long,long,long,short,short,long,long,long,short,short,short,short,long,long,long
2148,2023-02-20 12:00:00,OANDA:GBPUSD,1.2022,1.20414,1.20186,1.20322,14332.0,Interval.in_2_hour,35899200.0,long,long,long,long,long,long,long,long,long,long,long,long,long,long,long,long,long,long,short,long,short,short,long,short,neutral,neutral,neutral,short,long,long,short,short,short,long,long,long,long,long,long,long,long,long,long,long,long,long,short,long,long,long,long,short,short,short,short,long,long
2149,2023-02-20 10:00:00,OANDA:GBPUSD,1.2052,1.2057,1.20188,1.2022,17758.0,Interval.in_2_hour,35892000.0,long,long,long,long,long,long,long,long,long,long,long,long,long,long,long,long,long,long,short,long,neutral,neutral,long,short,neutral,neutral,neutral,long,long,long,short,long,long,long,long,long,long,long,long,long,long,long,long,long,long,long,long,long,long,long,long,long,long,long,long,short,long
2150,2023-02-20 08:00:00,OANDA:GBPUSD,1.20422,1.20568,1.20282,1.2052,12995.0,Interval.in_2_hour,35884800.0,long,long,long,long,long,long,long,long,long,long,long,long,long,long,long,long,long,short,short,long,neutral,neutral,long,short,long,long,neutral,long,long,long,long,long,long,long,long,long,long,long,long,long,long,long,long,long,long,short,short,short,short,short,short,short,short,short,short,short,short
2151,2023-02-20 06:00:00,OANDA:GBPUSD,1.20266,1.20452,1.2026,1.20422,11822.0,Interval.in_2_hour,35877600.0,short,long,long,long,long,long,long,long,long,long,long,long,long,long,long,long,long,long,short,long,neutral,neutral,long,short,long,neutral,neutral,short,short,long,long,long,long,long,long,long,long,long,long,long,long,long,long,long,long,long,short,short,short,short,short,long,short,short,short,short,short
2152,2023-02-20 04:00:00,OANDA:GBPUSD,1.2019,1.20327,1.20184,1.20266,11655.0,Interval.in_2_hour,35870400.0,long,short,long,long,long,long,long,long,long,long,long,long,long,long,long,long,long,long,short,short,short,short,long,short,neutral,neutral,neutral,short,short,long,long,long,long,long,long,long,long,long,long,long,long,long,long,long,short,long,long,short,long,long,long,long,long,long,long,short,short
2153,2023-02-20 02:00:00,OANDA:GBPUSD,1.20292,1.20308,1.20145,1.2019,14134.0,Interval.in_2_hour,35863200.0,long,long,short,long,long,long,long,long,long,long,long,long,long,long,long,long,long,long,short,short,neutral,neutral,long,short,short,short,neutral,short,long,long,long,long,long,long,long,long,long,long,long,long,long,long,long,short,short,long,long,long,long,long,long,long,long,long,long,long,long
2154,2023-02-20 00:00:00,OANDA:GBPUSD,1.2042,1.2042,1.20255,1.20292,10276.0,Interval.in_2_hour,35856000.0,short,short,long,short,long,long,long,long,long,long,long,long,long,long,long,long,long,long,short,short,neutral,neutral,long,short,short,neutral,neutral,long,long,long,long,long,long,long,long,long,long,long,long,long,long,long,short,short,short,short,short,long,long,short,long,long,long,long,long,long,long
2155,2023-02-17 22:00:00,OANDA:GBPUSD,1.20461,1.20496,1.20388,1.2042,9275.0,Interval.in_2_hour,35676000.0,short,short,short,short,short,long,long,long,long,long,long,long,long,long,long,long,long,long,short,short,neutral,neutral,long,short,neutral,neutral,neutral,long,long,long,long,long,long,long,long,long,long,long,long,long,long,short,short,short,short,short,short,short,long,long,short,short,short,short,short,long,short
2156,2023-02-17 20:00:00,OANDA:GBPUSD,1.20198,1.2048,1.20169,1.20461,12766.0,Interval.in_2_hour,35668800.0,short,short,short,short,short,short,long,long,long,long,long,long,long,long,long,long,long,long,short,short,neutral,neutral,long,short,long,long,long,long,long,long,long,long,long,long,long,long,long,long,long,long,short,short,short,short,short,short,short,short,short,short,long,short,short,short,short,short,short
2157,2023-02-17 18:00:00,OANDA:GBPUSD,1.19979,1.20372,1.199,1.20198,21544.0,Interval.in_2_hour,35661600.0,long,long,long,long,long,long,short,long,long,long,long,long,long,long,long,long,long,long,short,long,neutral,neutral,long,short,long,long,neutral,long,long,long,long,long,long,long,long,short,short,long,short,short,short,short,short,short,short,long,long,long,short,long,long,long,long,long,long,long,long
2158,2023-02-17 16:00:00,OANDA:GBPUSD,1.19706,1.20342,1.19654,1.19979,29632.0,Interval.in_2_hour,35654400.0,long,long,long,long,long,long,long,long,long,long,long,long,long,long,long,long,long,long,short,long,neutral,neutral,long,short,long,neutral,neutral,long,long,long,long,long,long,short,short,short,short,short,short,short,short,short,short,short,short,long,long,long,long,long,long,long,long,long,long,long,long
2159,2023-02-17 14:00:00,OANDA:GBPUSD,1.19346,1.19742,1.19212,1.19706,19791.0,Interval.in_2_hour,35647200.0,long,long,long,long,long,long,long,long,long,long,long,long,long,long,long,long,long,long,short,long,neutral,neutral,long,short,neutral,neutral,neutral,long,long,short,short,short,short,short,short,short,short,short,short,short,short,short,short,short,short,long,long,long,long,long,long,long,long,long,long,long,long
2160,2023-02-17 12:00:00,OANDA:GBPUSD,1.19426,1.19482,1.19299,1.19346,16916.0,Interval.in_2_hour,35640000.0,long,long,long,long,long,long,long,long,long,long,long,long,long,long,long,long,long,long,short,long,neutral,neutral,long,short,neutral,neutral,neutral,short,short,short,short,short,short,short,short,short,short,short,short,short,short,short,short,short,short,long,long,long,long,long,long,long,long,long,long,long,long
2161,2023-02-17 10:00:00,OANDA:GBPUSD,1.1938,1.19497,1.19151,1.19426,20961.0,Interval.in_2_hour,35632800.0,long,long,long,long,long,long,long,long,long,long,long,long,long,long,long,long,long,long,short,long,neutral,neutral,long,short,neutral,neutral,neutral,short,short,short,short,short,short,short,short,short,short,short,short,short,short,short,short,short,short,short,long,long,long,long,long,long,long,long,long,long,long
2162,2023-02-17 08:00:00,OANDA:GBPUSD,1.19482,1.19588,1.19315,1.1938,14274.0,Interval.in_2_hour,35625600.0,long,long,long,long,long,long,long,long,long,long,long,long,long,long,long,long,long,long,short,long,short,short,long,short,short,neutral,neutral,short,short,short,short,short,short,short,short,short,short,short,short,short,short,short,short,short,short,long,short,long,long,long,long,long,long,long,long,long,long
2163,2023-02-17 06:00:00,OANDA:GBPUSD,1.19552,1.19556,1.19416,1.19482,7739.0,Interval.in_2_hour,35618400.0,long,long,long,long,long,long,long,long,long,long,long,long,long,long,long,long,long,long,short,long,neutral,neutral,long,short,neutral,neutral,neutral,short,short,short,short,short,short,short,short,short,short,short,short,short,short,short,short,short,short,short,short,short,long,long,long,long,long,long,long,long,long
2164,2023-02-17 04:00:00,OANDA:GBPUSD,1.19536,1.19586,1.19472,1.19552,9030.0,Interval.in_2_hour,35611200.0,long,long,long,long,long,long,long,long,long,long,long,long,long,long,long,long,long,long,short,long,neutral,neutral,long,short,neutral,neutral,neutral,short,short,short,short,short,short,short,short,short,short,short,short,short,short,short,short,short,short,short,short,short,short,long,long,long,long,long,long,long,long
2165,2023-02-17 02:00:00,OANDA:GBPUSD,1.1974,1.1977,1.19516,1.19536,11146.0,Interval.in_2_hour,35604000.0,long,long,long,long,long,long,long,long,long,long,long,long,long,long,long,long,long,long,short,long,neutral,neutral,long,short,short,short,short,short,short,short,short,short,short,short,short,short,short,short,short,short,short,short,short,short,short,long,short,short,short,short,long,long,long,long,long,long,long
2166,2023-02-17 00:00:00,OANDA:GBPUSD,1.19875,1.19944,1.19713,1.1974,10856.0,Interval.in_2_hour,35596800.0,long,long,long,long,long,long,long,long,long,long,long,long,long,long,long,long,long,long,short,long,neutral,neutral,long,short,short,short,neutral,short,short,short,short,short,short,short,short,short,short,short,short,short,short,short,short,short,short,short,short,short,short,short,short,short,long,long,long,long,long
2167,2023-02-16 22:00:00,OANDA:GBPUSD,1.20127,1.20144,1.19816,1.19875,17283.0,Interval.in_2_hour,35589600.0,long,long,long,long,long,long,long,long,long,long,long,long,long,long,long,long,long,long,short,long,neutral,neutral,long,short,short,neutral,neutral,short,short,short,short,short,short,short,short,short,short,short,short,short,short,short,short,short,short,short,short,short,short,short,short,short,short,long,long,long,long
2168,2023-02-16 20:00:00,OANDA:GBPUSD,1.20171,1.20274,1.20048,1.20127,16418.0,Interval.in_2_hour,35582400.0,long,long,long,long,long,long,long,long,long,long,long,long,long,long,long,long,long,long,short,long,neutral,neutral,long,short,neutral,neutral,neutral,short,short,short,short,short,short,short,short,short,long,long,long,short,short,short,short,short,short,short,short,short,short,short,short,short,short,short,short,long,long
2169,2023-02-16 18:00:00,OANDA:GBPUSD,1.20126,1.20272,1.19984,1.20171,21517.0,Interval.in_2_hour,35575200.0,long,long,long,long,long,long,long,long,long,long,long,long,long,long,long,long,long,long,short,long,short,short,long,short,long,neutral,neutral,short,short,short,short,short,short,short,short,long,long,long,short,short,short,short,short,short,short,short,short,short,short,short,short,short,short,short,short,short,long
2170,2023-02-16 16:00:00,OANDA:GBPUSD,1.19878,1.20202,1.19652,1.20126,31470.0,Interval.in_2_hour,35568000.0,long,long,long,long,long,long,long,long,long,long,long,long,long,long,long,long,long,long,short,long,neutral,neutral,long,short,neutral,neutral,neutral,short,short,short,short,short,short,short,short,short,short,short,short,short,short,short,short,short,short,long,long,short,short,short,short,short,short,short,short,short,short
2171,2023-02-16 14:00:00,OANDA:GBPUSD,1.20544,1.20568,1.19788,1.19878,23996.0,Interval.in_2_hour,35560800.0,long,long,long,long,long,long,long,long,long,long,long,long,long,long,long,long,long,long,long,long,neutral,neutral,long,short,short,neutral,neutral,short,short,short,short,short,short,long,long,long,short,short,short,short,short,short,short,short,short,long,long,long,short,short,short,short,short,short,short,short,short
2172,2023-02-16 12:00:00,OANDA:GBPUSD,1.2055,1.20692,1.20484,1.20544,14592.0,Interval.in_2_hour,35553600.0,short,short,short,short,short,short,short,short,short,short,short,short,short,short,short,short,short,short,long,long,neutral,neutral,long,short,neutral,neutral,neutral,long,long,long,long,long,long,long,long,long,short,short,short,short,short,short,short,short,short,short,short,short,short,short,short,short,short,short,short,short,short
2173,2023-02-16 10:00:00,OANDA:GBPUSD,1.20468,1.20742,1.20388,1.2055,19978.0,Interval.in_2_hour,35546400.0,short,short,short,short,short,short,short,short,short,short,short,short,short,short,short,short,short,short,long,long,short,short,long,short,long,neutral,neutral,long,long,long,long,long,long,long,long,short,short,short,short,short,short,short,short,short,short,short,short,short,short,short,short,short,short,short,short,short,short
2174,2023-02-16 08:00:00,OANDA:GBPUSD,1.2046,1.20501,1.20282,1.20468,16494.0,Interval.in_2_hour,35539200.0,short,short,short,short,short,short,short,short,short,short,short,long,short,short,short,short,short,short,long,long,neutral,neutral,long,short,neutral,neutral,neutral,long,long,long,long,long,long,long,short,short,short,short,short,short,short,short,short,short,short,long,long,short,short,short,short,short,short,short,short,short,short
2175,2023-02-16 06:00:00,OANDA:GBPUSD,1.2048,1.20524,1.20404,1.2046,10843.0,Interval.in_2_hour,35532000.0,short,short,short,short,short,short,long,short,short,short,short,short,long,short,short,short,short,short,long,long,neutral,neutral,long,short,neutral,neutral,neutral,long,long,long,long,long,long,short,short,short,short,short,short,short,short,short,short,short,short,long,long,long,short,short,short,short,short,short,short,short,short
2176,2023-02-16 04:00:00,OANDA:GBPUSD,1.20397,1.20534,1.20378,1.2048,11364.0,Interval.in_2_hour,35524800.0,short,short,short,short,short,short,short,short,short,short,short,short,short,long,short,short,short,short,long,long,neutral,neutral,long,short,long,long,long,long,long,long,long,long,short,short,short,short,short,short,short,short,short,short,short,short,short,short,short,long,long,short,short,short,short,short,short,short,short
2177,2023-02-16 02:00:00,OANDA:GBPUSD,1.20372,1.20446,1.20144,1.20397,15009.0,Interval.in_2_hour,35517600.0,short,short,short,short,short,short,short,short,long,long,short,short,short,long,long,short,short,short,long,long,neutral,neutral,long,short,long,long,long,long,long,long,long,short,short,short,short,short,short,short,short,short,short,short,short,short,short,long,long,long,long,long,short,short,short,short,short,short,short
2178,2023-02-16 00:00:00,OANDA:GBPUSD,1.20341,1.20386,1.2029,1.20372,4716.0,Interval.in_2_hour,35510400.0,short,short,short,short,short,short,short,short,short,long,long,short,short,short,long,long,short,short,long,long,neutral,neutral,long,short,long,long,long,long,long,long,short,short,short,short,short,short,short,short,short,short,short,short,short,short,short,long,long,long,long,long,long,short,short,short,short,short,short
2179,2023-02-15 22:00:00,OANDA:GBPUSD,1.20213,1.20385,1.20186,1.20341,8831.0,Interval.in_2_hour,35503200.0,short,short,short,short,short,short,short,short,short,short,long,long,short,short,short,long,long,short,long,long,neutral,neutral,long,short,long,long,neutral,long,short,short,short,short,short,short,short,short,short,short,short,short,short,short,short,short,short,long,long,long,long,long,long,long,short,short,short,short,short
2180,2023-02-15 20:00:00,OANDA:GBPUSD,1.20048,1.20257,1.19955,1.20213,13451.0,Interval.in_2_hour,35496000.0,short,short,short,short,short,short,short,short,short,short,short,long,long,long,short,long,long,long,long,long,neutral,neutral,long,short,long,neutral,neutral,short,short,short,short,short,short,short,short,short,short,short,short,short,short,short,short,short,short,long,long,long,long,long,long,long,long,short,short,short,short
2181,2023-02-15 18:00:00,OANDA:GBPUSD,1.20024,1.20346,1.20006,1.20048,19871.0,Interval.in_2_hour,35488800.0,long,short,short,short,short,short,short,short,short,short,short,long,long,long,long,long,long,long,long,long,short,short,long,short,neutral,neutral,neutral,short,short,short,short,short,short,short,short,short,short,short,short,short,short,short,short,short,short,long,long,long,long,long,long,long,long,long,short,long,long
2182,2023-02-15 16:00:00,OANDA:GBPUSD,1.2014,1.20264,1.19896,1.20024,31223.0,Interval.in_2_hour,35481600.0,long,long,short,short,short,short,short,short,short,short,short,short,long,long,long,long,long,long,long,long,neutral,neutral,long,short,short,short,neutral,short,short,short,short,short,short,short,short,short,short,short,short,short,short,short,short,short,short,long,long,long,long,long,long,long,long,long,long,short,long
2183,2023-02-15 14:00:00,OANDA:GBPUSD,1.20568,1.20694,1.20067,1.2014,25942.0,Interval.in_2_hour,35474400.0,short,long,short,short,short,short,short,short,short,short,short,short,short,long,long,long,long,long,long,long,neutral,neutral,long,short,short,neutral,neutral,short,short,short,short,short,short,short,short,short,short,short,short,short,short,short,short,short,short,short,short,long,long,long,long,long,long,long,long,long,short
2184,2023-02-15 12:00:00,OANDA:GBPUSD,1.20965,1.21012,1.20566,1.20568,16594.0,Interval.in_2_hour,35467200.0,short,short,short,short,short,short,short,short,short,short,short,short,short,short,short,short,short,short,long,long,neutral,neutral,long,short,neutral,neutral,neutral,short,short,short,short,short,short,short,short,short,short,short,short,short,short,short,short,short,short,short,short,short,short,short,short,short,short,short,short,short,short
2185,2023-02-15 10:00:00,OANDA:GBPUSD,1.2083,1.21062,1.20714,1.20965,21752.0,Interval.in_2_hour,35460000.0,short,short,short,short,short,short,short,short,short,short,short,short,short,short,short,short,short,short,short,long,neutral,neutral,long,short,neutral,neutral,neutral,short,short,short,short,short,short,short,short,short,short,short,short,short,short,short,short,short,short,short,short,short,short,short,short,short,short,short,short,short,short
2186,2023-02-15 08:00:00,OANDA:GBPUSD,1.21496,1.2156,1.20822,1.2083,18603.0,Interval.in_2_hour,35452800.0,short,short,short,short,short,short,short,short,short,short,short,short,short,short,short,short,short,short,long,long,neutral,neutral,long,short,neutral,neutral,neutral,short,short,short,short,short,short,short,short,short,short,short,short,short,short,short,short,short,long,long,short,short,short,short,short,short,short,short,short,short,short
2187,2023-02-15 06:00:00,OANDA:GBPUSD,1.21475,1.2161,1.21444,1.21496,8476.0,Interval.in_2_hour,35445600.0,short,short,short,short,short,short,short,short,short,short,short,short,short,short,short,short,short,short,short,short,neutral,neutral,long,short,neutral,neutral,neutral,short,short,short,short,short,short,short,short,long,long,long,long,long,long,long,long,long,long,short,short,short,short,short,short,short,short,short,short,short,short
2188,2023-02-15 04:00:00,OANDA:GBPUSD,1.21664,1.21675,1.21454,1.21475,10524.0,Interval.in_2_hour,35438400.0,short,short,short,short,short,short,short,short,short,short,short,short,short,short,short,short,short,short,short,short,neutral,neutral,long,short,short,short,neutral,short,short,short,short,short,short,short,long,long,long,long,long,long,long,long,long,long,long,long,short,short,short,short,short,short,short,short,short,short,short
2189,2023-02-15 02:00:00,OANDA:GBPUSD,1.2174,1.21818,1.21652,1.21664,9482.0,Interval.in_2_hour,35431200.0,short,short,short,short,short,short,short,short,short,short,short,short,short,short,short,short,short,short,short,short,neutral,neutral,long,short,short,neutral,neutral,short,long,short,short,short,long,long,long,long,long,long,long,long,long,long,long,long,long,short,short,short,short,short,short,short,short,short,short,short,short
2190,2023-02-15 00:00:00,OANDA:GBPUSD,1.21752,1.21791,1.21712,1.2174,10346.0,Interval.in_2_hour,35424000.0,short,short,short,short,short,short,short,short,short,short,short,short,short,short,short,short,short,short,short,short,neutral,neutral,long,short,neutral,neutral,neutral,long,short,short,short,long,long,long,long,long,long,long,long,long,long,long,long,long,long,short,short,short,short,short,short,short,short,short,short,short,short
2191,2023-02-14 22:00:00,OANDA:GBPUSD,1.21747,1.21804,1.21644,1.21752,11020.0,Interval.in_2_hour,35416800.0,short,short,short,short,short,short,short,short,short,short,short,short,short,short,short,short,short,short,short,short,neutral,neutral,long,short,long,long,neutral,short,short,short,long,long,long,long,long,long,long,long,long,long,long,long,long,long,long,short,short,short,short,short,short,short,short,short,short,short,short
2192,2023-02-14 20:00:00,OANDA:GBPUSD,1.21714,1.21904,1.21544,1.21747,20225.0,Interval.in_2_hour,35409600.0,short,short,short,short,short,short,short,short,short,short,short,short,short,short,short,short,short,short,short,short,neutral,neutral,long,short,long,neutral,neutral,short,short,long,long,long,long,long,long,long,long,long,long,long,long,long,long,long,long,long,short,short,short,short,short,short,short,short,short,short,short
2193,2023-02-14 18:00:00,OANDA:GBPUSD,1.2156,1.21766,1.21446,1.21714,29457.0,Interval.in_2_hour,35402400.0,short,short,short,short,short,short,short,short,short,short,short,short,short,short,short,short,short,short,short,short,neutral,neutral,long,short,neutral,neutral,neutral,short,long,long,long,long,long,long,long,long,long,long,long,long,long,long,long,long,long,long,long,long,short,short,short,short,short,short,short,short,short
2194,2023-02-14 16:00:00,OANDA:GBPUSD,1.22105,1.22214,1.2117,1.2156,46350.0,Interval.in_2_hour,35395200.0,short,short,short,short,short,short,short,short,short,short,short,short,short,short,short,short,short,short,short,short,long,long,long,short,neutral,neutral,neutral,long,long,long,long,long,long,long,long,long,long,long,long,long,long,long,long,long,long,long,long,long,long,long,short,short,short,short,short,short,short
2195,2023-02-14 14:00:00,OANDA:GBPUSD,1.22018,1.22703,1.21529,1.22105,31994.0,Interval.in_2_hour,35388000.0,short,short,short,short,short,short,short,short,short,short,short,short,short,short,short,short,short,short,short,short,long,neutral,long,short,long,long,neutral,long,long,long,long,long,long,long,long,long,long,long,long,long,long,long,long,long,long,short,short,short,short,short,short,short,short,short,short,short,short
2196,2023-02-14 12:00:00,OANDA:GBPUSD,1.21882,1.22164,1.2186,1.22018,14842.0,Interval.in_2_hour,35380800.0,short,short,short,short,short,short,short,short,short,short,short,short,short,short,short,short,short,short,short,short,neutral,neutral,long,short,long,neutral,neutral,long,long,long,long,long,long,long,long,long,long,long,long,long,long,long,long,long,long,long,short,short,short,short,short,short,short,short,short,short,short
2197,2023-02-14 10:00:00,OANDA:GBPUSD,1.21389,1.21884,1.21368,1.21882,18362.0,Interval.in_2_hour,35373600.0,short,short,short,short,short,short,short,short,short,short,short,short,short,short,short,short,short,short,short,short,short,neutral,long,short,neutral,neutral,neutral,long,long,long,long,long,long,long,long,long,long,long,long,long,long,long,long,long,long,long,long,short,short,short,short,short,short,short,short,short,short
2198,2023-02-14 08:00:00,OANDA:GBPUSD,1.21466,1.21711,1.21347,1.21389,16125.0,Interval.in_2_hour,35366400.0,short,short,short,short,short,short,short,short,short,short,short,short,short,short,short,short,short,short,short,long,neutral,neutral,long,short,neutral,neutral,neutral,short,short,long,long,long,long,long,long,long,long,long,long,long,long,long,long,long,long,long,long,long,long,long,long,long,long,long,long,long,short
2199,2023-02-14 06:00:00,OANDA:GBPUSD,1.21462,1.21518,1.21424,1.21466,11113.0,Interval.in_2_hour,35359200.0,short,short,short,short,short,short,short,short,short,short,short,short,short,short,short,short,short,short,short,long,neutral,neutral,long,short,long,neutral,neutral,long,long,long,long,long,long,long,long,long,long,long,long,long,long,long,long,long,long,short,long,long,long,long,long,long,long,long,long,long,long
2200,2023-02-14 04:00:00,OANDA:GBPUSD,1.21408,1.21477,1.2134,1.21462,11364.0,Interval.in_2_hour,35352000.0,long,short,short,short,short,short,short,short,short,short,short,short,short,short,short,short,short,short,short,long,neutral,neutral,long,short,neutral,neutral,neutral,long,long,long,long,long,long,long,long,long,long,long,long,long,long,long,long,long,long,long,short,long,long,long,long,long,long,long,long,long,long
2201,2023-02-14 02:00:00,OANDA:GBPUSD,1.21502,1.2152,1.21384,1.21408,12572.0,Interval.in_2_hour,35344800.0,long,long,short,short,short,short,short,short,short,short,short,short,short,short,short,short,short,short,short,short,neutral,neutral,long,short,neutral,neutral,neutral,long,long,long,long,long,long,long,long,long,long,long,long,long,long,long,long,long,long,long,long,short,long,long,long,long,long,long,long,long,long
2202,2023-02-14 00:00:00,OANDA:GBPUSD,1.21396,1.21526,1.2132,1.21502,4672.0,Interval.in_2_hour,35337600.0,long,short,short,short,short,short,short,short,short,short,short,short,short,short,short,short,short,short,short,short,neutral,neutral,long,short,long,neutral,neutral,long,long,long,long,long,long,long,long,long,long,long,long,long,long,long,long,long,long,short,short,short,short,long,long,long,long,long,long,long,long
2203,2023-02-13 22:00:00,OANDA:GBPUSD,1.21322,1.21406,1.21292,1.21396,8988.0,Interval.in_2_hour,35330400.0,long,long,long,long,short,short,short,short,short,short,short,short,short,short,short,short,short,short,short,short,neutral,neutral,long,short,neutral,neutral,neutral,long,long,long,long,long,long,long,long,long,long,long,long,long,long,long,long,long,long,long,long,long,long,short,long,long,long,long,long,long,long
2204,2023-02-13 20:00:00,OANDA:GBPUSD,1.21356,1.21519,1.21244,1.21322,11127.0,Interval.in_2_hour,35323200.0,long,long,long,long,long,short,short,short,short,short,short,short,short,short,short,short,short,short,short,short,neutral,neutral,long,short,short,neutral,neutral,long,long,long,long,long,long,long,long,long,long,long,long,long,long,long,long,long,long,long,long,long,long,long,long,long,long,long,long,long,long
2205,2023-02-13 18:00:00,OANDA:GBPUSD,1.21366,1.21398,1.21208,1.21356,16682.0,Interval.in_2_hour,35316000.0,long,long,long,long,long,long,short,short,short,short,short,short,short,short,short,short,short,short,short,short,neutral,neutral,long,short,neutral,neutral,neutral,long,long,long,long,long,long,long,long,long,long,long,long,long,long,long,long,long,long,short,long,long,long,long,long,long,long,long,long,long,long
2206,2023-02-13 16:00:00,OANDA:GBPUSD,1.2088,1.21452,1.2081,1.21366,21443.0,Interval.in_2_hour,35308800.0,long,long,long,long,long,long,long,short,short,short,short,short,short,short,short,short,short,short,short,short,neutral,neutral,long,short,long,long,neutral,long,long,long,long,long,long,long,long,long,long,long,long,long,long,long,long,short,short,short,short,long,long,long,long,long,long,long,long,long,long
2207,2023-02-13 14:00:00,OANDA:GBPUSD,1.2058,1.21155,1.2058,1.2088,15950.0,Interval.in_2_hour,35301600.0,long,long,long,long,long,long,long,long,short,long,short,short,short,short,short,short,short,short,short,short,neutral,neutral,long,short,long,neutral,neutral,long,long,long,long,long,long,long,long,short,short,short,short,short,short,short,short,short,short,long,long,long,long,long,long,long,long,long,long,long,long
2208,2023-02-13 12:00:00,OANDA:GBPUSD,1.20382,1.20647,1.20308,1.2058,12663.0,Interval.in_2_hour,35294400.0,long,long,long,long,long,long,long,long,long,long,long,short,short,short,short,short,short,short,short,short,short,short,long,short,neutral,neutral,neutral,long,long,short,short,short,short,short,short,short,short,short,short,short,short,short,short,short,short,long,long,long,long,long,long,long,long,long,long,long,long
2209,2023-02-13 10:00:00,OANDA:GBPUSD,1.20634,1.20644,1.2032,1.20382,15172.0,Interval.in_2_hour,35287200.0,long,long,long,long,long,long,long,long,long,long,long,long,long,short,short,short,short,short,short,short,neutral,neutral,long,short,neutral,neutral,neutral,long,long,short,short,long,short,short,short,short,short,short,short,short,short,short,short,short,short,long,long,long,long,long,long,long,long,long,long,long,long
2210,2023-02-13 08:00:00,OANDA:GBPUSD,1.20454,1.20672,1.20436,1.20634,12921.0,Interval.in_2_hour,35280000.0,long,long,long,long,long,long,long,long,long,long,long,long,long,short,short,short,short,short,short,short,neutral,neutral,long,short,long,neutral,neutral,long,short,long,long,short,short,short,short,short,short,short,short,short,short,short,short,short,short,short,short,long,long,long,long,long,long,long,long,long,long
2211,2023-02-13 06:00:00,OANDA:GBPUSD,1.20418,1.2051,1.20412,1.20454,8821.0,Interval.in_2_hour,35272800.0,long,long,long,long,long,long,long,long,long,long,long,long,long,long,long,short,short,short,short,short,neutral,neutral,long,short,neutral,neutral,neutral,short,short,short,short,short,short,short,short,short,short,short,short,short,short,short,short,short,short,long,short,long,long,long,long,long,long,long,long,long,long
2212,2023-02-13 04:00:00,OANDA:GBPUSD,1.20482,1.2053,1.204,1.20418,12221.0,Interval.in_2_hour,35265600.0,long,long,long,long,long,long,long,long,long,long,long,long,long,long,long,long,short,short,short,short,neutral,neutral,long,short,short,short,neutral,short,short,short,short,short,short,short,short,short,short,short,short,short,short,short,short,short,short,long,long,short,long,long,long,long,long,long,long,long,long
2213,2023-02-13 02:00:00,OANDA:GBPUSD,1.20512,1.20535,1.20336,1.20482,13144.0,Interval.in_2_hour,35258400.0,long,long,long,long,long,long,long,long,long,long,long,long,long,long,long,long,long,short,short,short,neutral,neutral,long,short,short,neutral,neutral,long,short,short,short,short,short,short,short,short,short,short,short,short,short,short,short,short,short,short,short,long,short,long,long,long,long,long,long,long,long
2214,2023-02-13 00:00:00,OANDA:GBPUSD,1.20585,1.20684,1.20467,1.20512,3131.0,Interval.in_2_hour,35251200.0,long,long,long,long,long,long,long,long,long,long,long,long,long,long,long,long,long,long,short,short,neutral,neutral,long,short,neutral,neutral,neutral,short,short,short,short,short,short,short,short,short,short,short,short,short,short,short,short,short,short,short,short,short,long,short,long,long,long,long,long,long,long
2215,2023-02-10 22:00:00,OANDA:GBPUSD,1.2049,1.20618,1.20472,1.20585,11853.0,Interval.in_2_hour,35071200.0,long,long,long,long,long,long,long,long,long,long,long,long,long,long,long,long,long,long,short,short,neutral,neutral,long,short,long,neutral,neutral,short,short,short,short,short,short,short,short,short,short,short,short,short,short,short,short,short,short,short,short,short,short,long,short,short,long,long,long,long,long
2216,2023-02-10 20:00:00,OANDA:GBPUSD,1.2049,1.20636,1.20474,1.2049,11968.0,Interval.in_2_hour,35064000.0,long,long,long,long,long,long,long,long,long,long,long,long,long,long,long,long,long,long,short,long,neutral,neutral,long,short,neutral,neutral,neutral,short,short,short,short,short,short,short,short,short,short,short,short,short,short,short,short,short,short,long,long,short,short,short,long,short,long,long,long,long,long
2217,2023-02-10 18:00:00,OANDA:GBPUSD,1.20761,1.20884,1.20488,1.2049,17448.0,Interval.in_2_hour,35056800.0,long,long,long,long,long,long,long,long,long,long,long,long,long,long,long,long,long,long,short,long,short,short,long,short,short,neutral,neutral,short,short,short,short,short,short,short,short,short,short,short,short,short,short,short,short,short,short,long,long,long,short,short,short,long,short,long,long,long,long
2218,2023-02-10 16:00:00,OANDA:GBPUSD,1.21124,1.21304,1.207,1.20761,27219.0,Interval.in_2_hour,35049600.0,long,long,long,long,long,long,long,long,long,long,long,long,long,long,long,long,long,long,short,short,long,neutral,long,short,neutral,neutral,neutral,short,short,short,short,short,short,short,short,short,short,short,short,short,long,long,long,long,long,short,short,short,short,short,short,short,short,short,short,long,long
2219,2023-02-10 14:00:00,OANDA:GBPUSD,1.21089,1.21224,1.20862,1.21124,18765.0,Interval.in_2_hour,35042400.0,long,long,long,long,long,long,long,long,long,long,long,long,long,long,long,long,long,long,short,short,neutral,neutral,long,short,long,neutral,neutral,short,long,long,short,short,short,short,short,short,short,short,short,long,long,long,long,long,long,short,short,short,short,short,short,short,short,short,short,short,short
2220,2023-02-10 12:00:00,OANDA:GBPUSD,1.20998,1.21186,1.20799,1.21089,18963.0,Interval.in_2_hour,35035200.0,short,long,long,long,long,long,long,long,long,long,long,long,long,long,long,long,long,long,short,short,neutral,neutral,long,short,neutral,neutral,neutral,long,long,short,short,short,short,short,short,short,short,short,long,long,long,long,long,long,long,long,short,short,short,short,short,short,short,short,short,short,short
2221,2023-02-10 10:00:00,OANDA:GBPUSD,1.21204,1.21398,1.20969,1.20998,28058.0,Interval.in_2_hour,35028000.0,short,short,long,long,long,long,long,long,long,long,long,long,long,long,long,long,long,long,short,short,neutral,neutral,long,short,neutral,neutral,neutral,long,short,short,short,short,short,short,short,short,short,long,long,long,long,long,long,long,long,long,long,short,short,short,short,short,short,short,short,short,short
2222,2023-02-10 08:00:00,OANDA:GBPUSD,1.21012,1.21234,1.20896,1.21204,19937.0,Interval.in_2_hour,35020800.0,short,short,short,long,long,long,long,long,long,long,long,long,long,long,long,long,long,long,short,short,neutral,neutral,long,short,long,neutral,neutral,short,short,short,short,short,short,short,short,short,long,long,long,long,long,long,long,long,long,short,short,short,short,short,short,short,short,short,short,short,short
2223,2023-02-10 06:00:00,OANDA:GBPUSD,1.2092,1.21048,1.20896,1.21012,10780.0,Interval.in_2_hour,35013600.0,short,short,short,short,long,long,long,long,long,long,long,long,long,long,long,long,long,long,short,short,neutral,neutral,long,short,neutral,neutral,neutral,short,short,short,short,short,short,short,short,long,long,long,long,long,long,long,long,long,long,long,short,long,long,short,short,short,short,short,short,short,short
2224,2023-02-10 04:00:00,OANDA:GBPUSD,1.211,1.21104,1.20901,1.2092,9972.0,Interval.in_2_hour,35006400.0,short,short,short,short,short,long,long,long,long,long,long,long,long,long,long,long,long,long,short,short,neutral,neutral,long,short,short,short,neutral,short,short,short,short,short,short,short,long,long,long,long,long,long,long,long,long,long,long,long,long,long,long,long,short,short,short,short,short,short,short
2225,2023-02-10 02:00:00,OANDA:GBPUSD,1.21157,1.21172,1.21002,1.211,11597.0,Interval.in_2_hour,34999200.0,short,short,short,short,short,short,long,long,long,long,long,long,long,long,long,long,long,long,short,short,neutral,neutral,long,short,short,neutral,neutral,short,short,short,short,short,short,long,long,long,long,long,long,long,long,long,long,long,long,short,short,long,short,short,long,short,short,short,short,short,short
2226,2023-02-10 00:00:00,OANDA:GBPUSD,1.21184,1.21286,1.21148,1.21157,5975.0,Interval.in_2_hour,34992000.0,short,short,short,short,short,short,short,long,long,long,long,long,long,long,long,long,long,long,short,short,neutral,neutral,long,short,neutral,neutral,neutral,short,short,short,short,short,long,long,long,long,long,long,long,long,long,long,long,long,long,short,short,short,long,short,short,short,short,short,short,short,short
2227,2023-02-09 22:00:00,OANDA:GBPUSD,1.21183,1.21232,1.21113,1.21184,11924.0,Interval.in_2_hour,34984800.0,short,short,short,short,short,short,short,short,long,long,long,long,long,long,long,long,long,long,short,short,neutral,neutral,long,short,neutral,neutral,neutral,short,short,short,long,long,long,long,long,long,long,long,long,long,long,long,long,long,long,short,short,short,short,long,short,short,short,short,short,short,short
2228,2023-02-09 20:00:00,OANDA:GBPUSD,1.21423,1.21423,1.21154,1.21183,17955.0,Interval.in_2_hour,34977600.0,short,short,short,short,short,short,short,short,short,long,long,long,long,long,long,long,long,long,short,short,neutral,neutral,long,short,short,short,neutral,short,short,long,long,long,long,long,long,long,long,long,long,long,long,long,long,long,long,long,short,short,short,short,long,short,short,short,short,short,short
2229,2023-02-09 18:00:00,OANDA:GBPUSD,1.21704,1.2171,1.21309,1.21423,17577.0,Interval.in_2_hour,34970400.0,short,short,short,short,short,short,short,short,short,short,short,short,short,short,long,short,long,long,short,short,long,neutral,long,short,short,neutral,neutral,long,long,long,long,long,long,long,long,long,long,long,long,long,long,long,long,long,long,short,short,short,short,short,short,short,short,short,short,short,short
2230,2023-02-09 16:00:00,OANDA:GBPUSD,1.21922,1.2194,1.21609,1.21704,23910.0,Interval.in_2_hour,34963200.0,short,short,short,short,short,short,short,short,short,short,short,short,short,short,short,short,short,short,short,short,neutral,neutral,long,short,neutral,neutral,neutral,long,long,long,long,long,long,long,long,long,long,long,long,long,long,long,long,long,long,short,short,short,short,short,short,short,short,short,short,short,short
2231,2023-02-09 14:00:00,OANDA:GBPUSD,1.21476,1.21926,1.21462,1.21922,17616.0,Interval.in_2_hour,34956000.0,short,short,short,short,short,short,short,short,short,short,short,short,short,short,short,short,short,short,short,short,neutral,neutral,long,short,long,long,long,long,long,long,long,long,long,long,long,long,long,long,long,long,long,long,long,long,long,short,short,short,short,short,short,short,short,short,short,short,short
2232,2023-02-09 12:00:00,OANDA:GBPUSD,1.21411,1.21592,1.21309,1.21476,14397.0,Interval.in_2_hour,34948800.0,short,short,short,short,short,short,short,short,short,short,short,short,short,short,short,short,short,long,short,short,neutral,neutral,long,short,long,long,long,long,long,long,long,long,long,long,long,long,long,long,long,long,long,long,long,long,long,long,long,short,short,short,short,short,short,short,short,short,short
2233,2023-02-09 10:00:00,OANDA:GBPUSD,1.2095,1.21436,1.20948,1.21411,17774.0,Interval.in_2_hour,34941600.0,short,short,short,short,short,short,short,short,short,short,short,short,short,short,short,short,short,short,short,short,neutral,neutral,long,short,long,long,long,long,long,long,long,long,long,long,long,long,long,long,long,long,long,long,long,long,long,long,long,long,long,short,short,short,short,short,short,short,short
2234,2023-02-09 08:00:00,OANDA:GBPUSD,1.20886,1.21068,1.20858,1.2095,12870.0,Interval.in_2_hour,34934400.0,long,long,long,short,short,short,short,short,short,short,short,short,short,short,short,long,long,long,short,long,neutral,neutral,long,short,long,long,long,long,long,long,long,long,long,long,short,short,long,long,long,long,long,long,long,long,long,long,long,long,long,long,long,long,long,long,short,long,long
2235,2023-02-09 06:00:00,OANDA:GBPUSD,1.2081,1.20942,1.20798,1.20886,9044.0,Interval.in_2_hour,34927200.0,long,long,long,long,short,short,short,short,short,short,short,short,short,short,short,short,long,long,short,long,neutral,neutral,long,short,long,long,neutral,long,long,long,long,long,short,short,short,long,long,long,long,long,long,long,long,long,long,long,long,long,long,long,long,long,long,long,long,long,long
2236,2023-02-09 04:00:00,OANDA:GBPUSD,1.20754,1.20848,1.20742,1.2081,10989.0,Interval.in_2_hour,34920000.0,long,long,long,long,long,short,short,short,short,short,short,short,short,short,short,short,long,long,short,long,long,long,long,short,long,neutral,neutral,long,long,short,short,short,short,short,long,long,long,long,long,long,long,long,long,long,long,long,long,long,long,long,long,long,long,long,long,long,long
2237,2023-02-09 02:00:00,OANDA:GBPUSD,1.20705,1.20769,1.20568,1.20754,12349.0,Interval.in_2_hour,34912800.0,long,long,long,long,long,long,long,short,short,short,short,short,short,short,short,short,short,long,short,long,neutral,neutral,long,short,neutral,neutral,neutral,short,short,short,short,short,short,short,long,long,long,long,long,long,long,long,long,long,long,long,long,long,long,long,long,long,long,long,long,long,long
2238,2023-02-09 00:00:00,OANDA:GBPUSD,1.20711,1.20747,1.2066,1.20705,8070.0,Interval.in_2_hour,34905600.0,long,long,long,long,long,long,long,long,short,short,short,short,short,short,short,short,short,short,short,long,neutral,neutral,long,short,short,short,neutral,short,short,short,short,short,short,long,long,long,long,long,long,long,long,long,long,long,long,long,long,long,long,long,long,long,long,long,long,long,long
2239,2023-02-08 22:00:00,OANDA:GBPUSD,1.20712,1.2073,1.20601,1.20711,8315.0,Interval.in_2_hour,34898400.0,long,long,long,long,long,long,long,long,long,short,short,short,short,short,short,short,short,short,short,long,neutral,neutral,long,short,short,neutral,neutral,short,short,short,short,short,long,long,long,long,long,long,long,long,long,long,long,long,long,short,long,long,long,long,long,long,long,long,long,long,long
2240,2023-02-08 20:00:00,OANDA:GBPUSD,1.20838,1.20952,1.20691,1.20712,16458.0,Interval.in_2_hour,34891200.0,long,long,long,long,long,long,long,long,long,long,short,short,short,short,short,short,short,short,short,long,neutral,neutral,long,short,neutral,neutral,neutral,short,short,short,long,long,long,long,long,long,long,long,long,long,long,long,long,long,long,short,short,long,long,long,long,long,long,long,long,long,long
2241,2023-02-08 18:00:00,OANDA:GBPUSD,1.20794,1.20976,1.20646,1.20838,17920.0,Interval.in_2_hour,34884000.0,long,long,long,long,long,long,long,long,long,long,short,short,short,short,short,short,short,short,short,long,neutral,neutral,long,short,neutral,neutral,neutral,short,short,long,long,long,long,long,long,long,long,long,long,long,long,long,long,long,long,short,short,short,short,short,long,long,long,long,long,long,long
2242,2023-02-08 16:00:00,OANDA:GBPUSD,1.20834,1.20964,1.20548,1.20794,25090.0,Interval.in_2_hour,34876800.0,long,long,long,long,long,long,long,long,long,long,long,short,short,short,short,short,short,short,short,long,neutral,neutral,long,short,short,short,neutral,short,long,long,long,long,long,long,long,long,long,long,long,long,long,long,long,long,long,long,short,short,short,short,long,long,long,long,long,long,long
2243,2023-02-08 14:00:00,OANDA:GBPUSD,1.20924,1.21086,1.20756,1.20834,15340.0,Interval.in_2_hour,34869600.0,long,long,long,long,long,long,long,long,long,long,long,long,short,short,short,short,short,short,short,long,long,long,long,short,short,neutral,neutral,long,long,long,long,long,long,long,long,long,long,long,long,long,long,long,long,long,long,short,long,short,short,short,short,short,long,long,long,long,long
2244,2023-02-08 12:00:00,OANDA:GBPUSD,1.21056,1.21056,1.20854,1.20924,13309.0,Interval.in_2_hour,34862400.0,long,long,long,long,long,long,long,short,long,long,long,long,long,short,short,short,short,short,short,short,neutral,neutral,long,short,neutral,neutral,neutral,long,long,long,long,long,long,long,long,long,long,long,long,long,long,long,long,long,long,short,short,short,short,short,short,short,short,short,long,long,long
2245,2023-02-08 10:00:00,OANDA:GBPUSD,1.20994,1.21098,1.20772,1.21056,20228.0,Interval.in_2_hour,34855200.0,long,long,long,long,long,long,long,long,short,short,long,short,long,long,short,short,short,short,short,short,neutral,neutral,long,short,long,neutral,neutral,long,long,long,long,long,long,long,long,long,long,long,long,long,long,long,long,long,long,short,short,short,short,short,short,short,short,short,short,short,long
2246,2023-02-08 08:00:00,OANDA:GBPUSD,1.20535,1.2105,1.20386,1.20994,13722.0,Interval.in_2_hour,34848000.0,long,long,long,long,long,long,long,long,long,short,long,long,long,long,long,short,short,short,short,short,neutral,neutral,long,short,neutral,neutral,neutral,long,long,long,long,long,long,long,long,long,long,long,long,long,long,long,long,long,long,long,short,short,short,short,short,short,short,short,short,short,short
2247,2023-02-08 06:00:00,OANDA:GBPUSD,1.20552,1.20567,1.20454,1.20535,7415.0,Interval.in_2_hour,34840800.0,long,long,long,long,long,long,long,long,long,long,long,long,long,long,long,long,long,short,short,short,neutral,neutral,long,short,neutral,neutral,neutral,long,long,short,long,long,long,long,long,long,long,long,long,long,long,long,long,long,long,long,long,long,long,long,long,long,long,long,long,long,long
2248,2023-02-08 04:00:00,OANDA:GBPUSD,1.20473,1.20572,1.20404,1.20552,10477.0,Interval.in_2_hour,34833600.0,long,long,long,long,long,long,long,long,long,long,long,long,long,long,long,long,long,long,short,short,neutral,neutral,long,short,neutral,neutral,neutral,long,short,long,long,long,long,long,long,long,long,long,long,long,long,long,long,long,long,short,long,long,long,long,long,long,long,long,long,long,long
2249,2023-02-08 02:00:00,OANDA:GBPUSD,1.20542,1.2062,1.20428,1.20473,11075.0,Interval.in_2_hour,34826400.0,long,long,long,long,long,long,long,long,long,long,long,long,long,long,long,long,long,long,short,short,neutral,neutral,long,short,neutral,neutral,neutral,short,long,long,long,long,long,long,long,long,long,long,long,long,long,long,long,long,long,long,long,long,long,long,long,long,long,long,long,long,long
2250,2023-02-08 00:00:00,OANDA:GBPUSD,1.20485,1.20552,1.2039,1.20542,6869.0,Interval.in_2_hour,34819200.0,long,long,long,long,long,long,long,long,long,long,long,long,long,long,long,long,long,long,short,short,neutral,neutral,long,short,long,neutral,neutral,long,long,long,long,long,long,long,long,long,long,long,long,long,long,long,long,long,short,short,long,short,long,long,long,long,long,long,long,long,long
2251,2023-02-07 22:00:00,OANDA:GBPUSD,1.20338,1.20506,1.20215,1.20485,10487.0,Interval.in_2_hour,34812000.0,long,long,long,long,long,long,long,long,long,long,long,long,long,long,long,long,long,long,short,short,neutral,neutral,long,short,neutral,neutral,neutral,long,long,long,long,long,short,short,long,long,long,long,long,long,short,short,short,short,short,long,short,long,long,long,long,long,long,long,long,long,long
2252,2023-02-07 20:00:00,OANDA:GBPUSD,1.20844,1.20905,1.19874,1.20338,39882.0,Interval.in_2_hour,34804800.0,long,long,long,long,long,long,long,long,long,long,long,long,long,long,long,long,long,long,short,short,neutral,neutral,long,short,neutral,neutral,neutral,long,long,long,long,long,long,long,long,long,long,long,long,long,long,long,short,short,long,long,long,long,long,long,long,long,long,long,long,long,long
2253,2023-02-07 18:00:00,OANDA:GBPUSD,1.20109,1.20954,1.1997,1.20844,27955.0,Interval.in_2_hour,34797600.0,short,short,short,short,short,long,long,long,long,long,long,long,long,long,long,long,long,long,short,short,long,long,long,short,long,neutral,neutral,long,long,long,short,short,long,long,long,long,long,long,short,long,long,short,short,short,long,short,short,short,short,short,short,long,long,long,short,short,short
2254,2023-02-07 16:00:00,OANDA:GBPUSD,1.19796,1.20119,1.19676,1.20109,22926.0,Interval.in_2_hour,34790400.0,long,long,long,long,long,long,long,long,long,long,long,long,long,long,long,long,long,long,short,long,short,short,long,short,neutral,neutral,neutral,short,short,short,short,short,short,short,short,short,short,short,short,short,short,short,short,short,short,long,long,long,long,long,long,long,long,long,long,long,long
2255,2023-02-07 14:00:00,OANDA:GBPUSD,1.1985,1.19991,1.19612,1.19796,19080.0,Interval.in_2_hour,34783200.0,long,long,long,long,long,long,long,long,long,long,long,long,long,long,long,long,long,long,short,long,neutral,neutral,long,short,short,short,short,short,short,short,short,short,short,short,short,short,short,short,short,short,short,short,short,short,short,long,long,long,long,long,long,long,long,long,long,long,long
2256,2023-02-07 12:00:00,OANDA:GBPUSD,1.20051,1.20116,1.19728,1.1985,17548.0,Interval.in_2_hour,34776000.0,long,long,long,long,long,long,long,long,long,long,long,long,long,long,long,long,long,long,short,long,neutral,neutral,long,short,short,short,neutral,short,short,short,short,short,short,short,short,short,short,short,short,short,short,short,short,short,short,short,long,long,long,long,long,long,long,long,long,long,long
2257,2023-02-07 10:00:00,OANDA:GBPUSD,1.20228,1.20404,1.19865,1.20051,22486.0,Interval.in_2_hour,34768800.0,long,long,long,long,long,long,long,long,long,long,long,long,long,long,long,long,long,long,short,long,short,short,long,short,short,neutral,neutral,short,short,short,short,short,long,short,short,short,short,short,short,short,short,short,short,short,short,short,short,long,long,long,long,long,long,long,long,long,long
2258,2023-02-07 08:00:00,OANDA:GBPUSD,1.2049,1.20576,1.2019,1.20228,14174.0,Interval.in_2_hour,34761600.0,long,long,long,long,long,long,long,long,long,long,long,long,long,long,long,long,long,long,short,long,neutral,neutral,long,short,neutral,neutral,neutral,short,long,long,long,long,long,short,short,short,short,short,short,short,short,short,short,short,short,short,short,short,short,long,long,long,long,long,long,long,long
2259,2023-02-07 06:00:00,OANDA:GBPUSD,1.20464,1.20504,1.20353,1.2049,9048.0,Interval.in_2_hour,34754400.0,long,long,long,long,long,long,long,long,long,long,long,long,long,long,long,long,long,long,short,long,long,long,long,short,neutral,neutral,neutral,long,long,long,long,long,short,long,long,short,short,short,long,short,short,short,short,short,short,short,short,short,short,short,long,short,short,long,short,long,long
2260,2023-02-07 04:00:00,OANDA:GBPUSD,1.20524,1.20554,1.20436,1.20464,10927.0,Interval.in_2_hour,34747200.0,long,long,long,long,long,long,long,long,long,long,long,long,long,long,long,long,long,long,short,long,neutral,neutral,long,short,neutral,neutral,neutral,long,long,long,long,short,long,long,short,short,long,long,long,short,short,short,short,short,short,long,short,short,short,short,short,long,short,long,long,long,long
2261,2023-02-07 02:00:00,OANDA:GBPUSD,1.20262,1.20556,1.20246,1.20524,10589.0,Interval.in_2_hour,34740000.0,long,long,long,long,long,long,long,long,long,long,long,long,long,long,long,long,long,long,short,long,neutral,neutral,long,short,long,neutral,neutral,long,long,long,short,short,short,short,short,short,short,short,short,short,short,short,short,short,short,short,short,short,short,short,short,short,long,short,short,long,short
2262,2023-02-07 00:00:00,OANDA:GBPUSD,1.20215,1.20295,1.20162,1.20262,2840.0,Interval.in_2_hour,34732800.0,long,long,long,long,long,long,long,long,long,long,long,long,long,long,long,long,long,long,short,long,neutral,neutral,long,short,neutral,neutral,neutral,long,short,short,short,short,short,short,short,short,short,short,short,short,short,short,short,short,short,long,long,long,short,short,short,short,short,long,long,long,long
2263,2023-02-06 22:00:00,OANDA:GBPUSD,1.20239,1.20311,1.20172,1.20215,11117.0,Interval.in_2_hour,34725600.0,long,long,long,long,long,long,long,long,long,long,long,long,long,long,long,long,long,long,short,long,neutral,neutral,long,short,neutral,neutral,neutral,short,short,short,short,short,short,short,short,short,short,short,short,short,short,short,short,short,short,long,long,long,long,long,short,short,short,short,long,long,long
2264,2023-02-06 20:00:00,OANDA:GBPUSD,1.20122,1.2039,1.20082,1.20239,11497.0,Interval.in_2_hour,34718400.0,long,long,long,long,long,long,long,long,long,long,long,long,long,long,long,long,long,long,short,long,short,short,long,short,neutral,neutral,neutral,short,short,short,short,short,short,short,short,short,short,short,short,short,short,short,short,short,short,short,long,long,long,long,short,short,short,short,short,long,long
2265,2023-02-06 18:00:00,OANDA:GBPUSD,1.20128,1.2028,1.20057,1.20122,16780.0,Interval.in_2_hour,34711200.0,long,long,long,long,long,long,long,long,long,long,long,long,long,long,long,long,long,long,short,long,neutral,neutral,long,short,short,short,neutral,short,short,short,short,short,short,short,short,short,short,short,short,short,short,short,short,short,short,long,long,long,long,long,long,long,short,short,short,short,long
2266,2023-02-06 16:00:00,OANDA:GBPUSD,1.20492,1.20754,1.20068,1.20128,23682.0,Interval.in_2_hour,34704000.0,long,long,long,long,long,long,long,long,long,long,long,long,long,long,long,long,long,long,short,long,neutral,neutral,long,short,short,neutral,neutral,short,short,short,short,short,short,short,short,short,short,short,short,short,short,short,short,short,short,short,long,long,long,long,long,long,long,short,short,short,short
2267,2023-02-06 14:00:00,OANDA:GBPUSD,1.20506,1.20776,1.20428,1.20492,16924.0,Interval.in_2_hour,34696800.0,short,long,short,short,long,short,long,long,long,long,long,long,long,long,long,long,long,long,short,long,neutral,neutral,long,short,neutral,neutral,neutral,short,short,long,long,long,short,short,short,short,short,short,short,short,short,short,short,short,short,short,short,short,short,short,long,short,short,short,short,short,short
2268,2023-02-06 12:00:00,OANDA:GBPUSD,1.20368,1.2056,1.20216,1.20506,16796.0,Interval.in_2_hour,34689600.0,short,short,long,short,short,long,short,long,long,long,long,long,long,long,long,long,long,long,long,long,neutral,neutral,long,short,neutral,neutral,neutral,short,short,long,short,short,short,short,short,short,short,short,short,short,short,short,short,short,short,short,short,short,short,short,short,long,short,short,short,short,short
2269,2023-02-06 10:00:00,OANDA:GBPUSD,1.20534,1.20702,1.20347,1.20368,19807.0,Interval.in_2_hour,34682400.0,short,short,short,long,short,long,long,long,long,long,long,long,long,long,long,long,long,long,long,long,long,neutral,long,short,short,neutral,neutral,short,long,short,short,short,short,short,short,short,short,short,short,short,short,short,short,short,short,long,long,short,short,short,short,short,long,long,long,short,short
2270,2023-02-06 08:00:00,OANDA:GBPUSD,1.2068,1.20692,1.20517,1.20534,10611.0,Interval.in_2_hour,34675200.0,short,short,short,short,long,short,short,long,short,long,long,long,long,long,long,long,long,long,long,long,neutral,neutral,long,short,neutral,neutral,neutral,long,long,long,short,short,short,short,short,short,short,short,short,short,short,short,short,short,short,short,short,short,short,short,short,short,short,short,short,short,short
2271,2023-02-06 06:00:00,OANDA:GBPUSD,1.20532,1.2068,1.20516,1.2068,9216.0,Interval.in_2_hour,34668000.0,short,short,short,short,short,long,short,short,short,short,short,short,long,long,long,long,long,long,long,long,neutral,neutral,long,short,long,neutral,neutral,long,long,short,short,short,short,short,short,short,short,short,short,short,short,short,short,short,short,short,short,short,short,short,short,short,short,short,short,short,short
2272,2023-02-06 04:00:00,OANDA:GBPUSD,1.20425,1.20636,1.20383,1.20532,11326.0,Interval.in_2_hour,34660800.0,short,short,short,short,short,short,long,short,short,long,short,long,long,long,long,long,long,long,long,long,neutral,neutral,long,short,neutral,neutral,neutral,short,short,short,short,short,short,short,short,short,short,short,short,short,short,short,short,short,short,long,long,short,short,short,short,short,short,short,short,short,short
2273,2023-02-06 02:00:00,OANDA:GBPUSD,1.20433,1.20506,1.2031,1.20425,13606.0,Interval.in_2_hour,34653600.0,long,long,short,short,short,short,short,long,short,long,long,long,long,long,long,long,long,long,long,long,neutral,neutral,long,short,short,short,short,short,short,short,short,short,short,short,short,short,short,short,short,short,short,short,short,short,short,long,long,long,short,long,long,short,short,short,short,short,long
2274,2023-02-06 00:00:00,OANDA:GBPUSD,1.2054,1.20574,1.20343,1.20433,6687.0,Interval.in_2_hour,34646400.0,long,long,long,short,short,short,short,short,long,short,long,long,long,long,long,long,long,long,long,long,neutral,neutral,long,short,short,short,short,short,short,short,short,short,short,short,short,short,short,short,short,short,short,short,short,short,short,short,long,long,long,short,long,long,short,short,short,short,short
2275,2023-02-03 22:00:00,OANDA:GBPUSD,1.20554,1.20572,1.20476,1.2054,10100.0,Interval.in_2_hour,34466400.0,short,short,short,short,short,short,short,short,short,long,short,short,long,short,long,short,long,long,long,long,neutral,neutral,long,short,short,short,short,short,short,short,short,short,short,short,short,short,short,short,short,short,short,short,short,short,short,short,short,short,long,short,short,short,short,short,short,short,short
2276,2023-02-03 20:00:00,OANDA:GBPUSD,1.20748,1.20758,1.2053,1.20554,14933.0,Interval.in_2_hour,34459200.0,short,short,short,short,short,short,short,short,short,short,long,short,short,short,short,short,short,long,long,long,neutral,neutral,long,short,short,short,short,short,short,short,short,short,short,short,short,short,short,short,short,short,short,short,short,short,short,short,short,short,short,long,short,short,short,short,short,short,short
2277,2023-02-03 18:00:00,OANDA:GBPUSD,1.21047,1.2116,1.20659,1.20748,22515.0,Interval.in_2_hour,34452000.0,short,short,short,short,short,short,short,short,short,short,short,long,short,short,short,short,short,short,long,long,neutral,neutral,long,short,short,short,neutral,short,short,short,short,short,short,short,short,short,short,short,short,short,short,short,short,short,short,short,short,short,short,short,short,short,short,short,short,short,short
2278,2023-02-03 16:00:00,OANDA:GBPUSD,1.21278,1.21482,1.20624,1.21047,43092.0,Interval.in_2_hour,34444800.0,short,short,short,short,short,short,short,short,short,short,short,short,short,short,short,short,short,short,long,long,neutral,neutral,long,short,short,neutral,neutral,short,short,short,short,short,short,short,short,short,short,short,short,short,short,short,short,short,short,short,short,short,short,short,short,short,short,short,short,short,short
2279,2023-02-03 14:00:00,OANDA:GBPUSD,1.22596,1.22637,1.21011,1.21278,28484.0,Interval.in_2_hour,34437600.0,short,short,short,short,short,short,short,short,short,short,short,short,short,short,short,short,short,short,long,long,long,neutral,long,short,neutral,neutral,neutral,short,short,short,short,short,short,short,short,short,short,short,short,short,short,short,short,short,short,short,short,short,short,short,short,short,short,short,short,short,short
2280,2023-02-03 12:00:00,OANDA:GBPUSD,1.22462,1.22656,1.22288,1.22596,15917.0,Interval.in_2_hour,34430400.0,short,short,short,short,short,short,short,short,short,short,short,short,short,short,short,short,short,short,long,long,neutral,neutral,long,short,long,neutral,neutral,long,long,long,long,long,long,short,short,short,short,short,short,short,short,short,short,short,short,short,short,short,short,short,short,short,short,short,short,short,short
2281,2023-02-03 10:00:00,OANDA:GBPUSD,1.21988,1.22523,1.21832,1.22462,20871.0,Interval.in_2_hour,34423200.0,short,short,short,short,short,short,short,short,short,short,short,short,short,short,short,short,short,short,long,long,short,neutral,long,short,neutral,neutral,neutral,long,long,short,short,short,short,short,short,short,short,short,short,short,short,short,short,short,short,long,short,short,short,short,short,short,short,short,short,short,short
2282,2023-02-03 08:00:00,OANDA:GBPUSD,1.22137,1.22241,1.21844,1.21988,15528.0,Interval.in_2_hour,34416000.0,short,short,short,short,short,short,short,short,short,short,short,short,short,short,short,short,short,short,long,long,short,neutral,long,short,neutral,neutral,neutral,short,short,short,short,short,short,short,short,short,short,short,short,short,short,short,short,short,short,long,long,short,short,short,short,short,short,short,short,short,short
2283,2023-02-03 06:00:00,OANDA:GBPUSD,1.22128,1.22201,1.22068,1.22137,8945.0,Interval.in_2_hour,34408800.0,short,short,short,short,short,short,short,short,short,short,short,short,short,short,short,short,short,short,long,long,neutral,neutral,long,short,neutral,neutral,neutral,short,short,short,short,short,short,short,short,short,short,short,short,short,short,short,short,short,short,short,long,long,short,short,short,short,short,short,short,short,short
2284,2023-02-03 04:00:00,OANDA:GBPUSD,1.22182,1.22198,1.22023,1.22128,10111.0,Interval.in_2_hour,34401600.0,short,short,short,short,short,short,short,short,short,short,short,short,short,short,short,short,short,short,long,long,neutral,neutral,long,short,short,short,short,short,short,short,short,short,short,short,short,short,short,short,short,short,short,short,short,short,short,long,short,long,long,short,short,short,short,short,short,short,short
2285,2023-02-03 02:00:00,OANDA:GBPUSD,1.2221,1.2221,1.22052,1.22182,13036.0,Interval.in_2_hour,34394400.0,short,short,short,short,short,short,short,short,short,short,short,short,short,short,short,short,short,short,long,long,neutral,neutral,long,short,short,short,short,short,short,short,short,short,short,short,short,short,short,short,short,short,short,short,short,short,short,short,short,short,long,long,short,short,short,short,short,short,short
2286,2023-02-03 00:00:00,OANDA:GBPUSD,1.22241,1.22308,1.22198,1.2221,3478.0,Interval.in_2_hour,34387200.0,short,short,short,short,short,short,short,short,short,short,short,short,short,short,short,short,short,short,long,long,neutral,neutral,long,short,short,short,short,short,short,short,short,short,short,short,short,short,short,short,short,short,short,short,short,short,short,short,short,short,short,long,long,short,short,short,short,short,short
2287,2023-02-02 22:00:00,OANDA:GBPUSD,1.22322,1.22425,1.22225,1.22241,19371.0,Interval.in_2_hour,34380000.0,short,short,short,short,short,short,short,short,short,short,short,short,short,short,short,short,short,short,long,long,neutral,neutral,long,short,short,short,short,short,short,short,short,short,short,short,short,short,short,short,short,short,short,short,short,short,short,short,short,short,short,short,long,long,short,short,short,short,short
2288,2023-02-02 20:00:00,OANDA:GBPUSD,1.22438,1.22551,1.22293,1.22322,20063.0,Interval.in_2_hour,34372800.0,short,short,short,short,short,short,short,short,short,short,short,short,short,short,short,short,short,short,long,long,neutral,neutral,long,short,short,short,short,short,short,short,short,short,short,short,short,short,short,short,short,short,short,short,short,short,short,short,short,short,short,short,short,long,long,short,short,short,short
2289,2023-02-02 18:00:00,OANDA:GBPUSD,1.22928,1.23006,1.22316,1.22438,22627.0,Interval.in_2_hour,34365600.0,short,short,short,short,short,short,short,short,short,short,short,short,short,short,short,short,short,short,long,long,neutral,neutral,long,short,short,short,short,short,short,short,short,short,short,short,short,short,short,short,short,short,short,short,short,short,short,short,short,short,short,short,short,short,long,long,short,short,short
2290,2023-02-02 16:00:00,OANDA:GBPUSD,1.23014,1.23263,1.22392,1.22928,37544.0,Interval.in_2_hour,34358400.0,short,short,short,short,short,short,short,short,short,short,short,short,short,short,short,short,short,short,long,long,neutral,neutral,long,short,short,short,short,short,short,short,short,short,short,short,short,short,short,short,short,short,short,short,short,short,short,short,short,short,short,short,short,short,short,short,short,short,short
2291,2023-02-02 14:00:00,OANDA:GBPUSD,1.23333,1.23922,1.22648,1.23014,37081.0,Interval.in_2_hour,34351200.0,short,short,short,short,short,short,short,short,short,short,short,short,short,short,short,short,short,short,long,long,short,neutral,long,short,short,short,short,short,short,short,short,short,short,short,long,short,short,short,short,long,long,long,long,long,short,short,short,short,short,short,short,short,short,short,short,short,short
2292,2023-02-02 12:00:00,OANDA:GBPUSD,1.23446,1.23466,1.23104,1.23333,16618.0,Interval.in_2_hour,34344000.0,short,short,short,short,short,short,short,short,short,short,short,short,short,short,short,short,short,short,long,long,neutral,neutral,long,short,short,short,neutral,short,short,short,short,short,long,long,long,long,long,long,long,long,long,long,long,long,long,short,short,short,short,short,short,short,short,short,short,short,short
2293,2023-02-02 10:00:00,OANDA:GBPUSD,1.23732,1.23936,1.23311,1.23446,20127.0,Interval.in_2_hour,34336800.0,short,short,short,short,short,short,short,short,short,short,short,short,short,short,short,short,short,short,long,long,neutral,neutral,long,short,short,neutral,neutral,short,short,short,short,long,long,long,long,long,long,long,long,long,long,long,long,long,long,short,short,short,short,short,short,short,short,short,short,short,short
2294,2023-02-02 08:00:00,OANDA:GBPUSD,1.23907,1.23972,1.2372,1.23732,13806.0,Interval.in_2_hour,34329600.0,short,short,short,short,short,short,short,short,short,short,short,short,short,short,short,short,short,short,long,long,neutral,neutral,long,short,neutral,neutral,neutral,short,long,long,long,long,long,long,long,long,long,long,long,long,long,long,long,long,long,short,short,short,short,short,short,short,short,short,short,short,short
2295,2023-02-02 06:00:00,OANDA:GBPUSD,1.23856,1.2396,1.23838,1.23907,8516.0,Interval.in_2_hour,34322400.0,short,short,short,short,short,short,short,short,short,short,short,short,short,short,short,short,short,short,long,long,neutral,neutral,long,short,long,neutral,neutral,long,long,long,long,long,long,long,long,long,long,long,long,long,long,long,long,long,long,short,short,short,short,short,short,short,short,short,short,short,short
2296,2023-02-02 04:00:00,OANDA:GBPUSD,1.23783,1.2393,1.23766,1.23856,10200.0,Interval.in_2_hour,34315200.0,short,short,short,short,short,short,short,short,short,short,short,short,short,short,short,short,short,short,long,long,neutral,neutral,long,short,neutral,neutral,neutral,long,long,long,long,long,long,long,long,long,long,long,long,long,long,long,long,long,long,long,short,short,short,short,short,short,short,short,short,short,short
2297,2023-02-02 02:00:00,OANDA:GBPUSD,1.23876,1.24007,1.23707,1.23783,15017.0,Interval.in_2_hour,34308000.0,short,short,short,short,short,short,short,short,short,short,short,short,short,short,short,short,short,short,long,long,neutral,neutral,long,short,neutral,neutral,neutral,long,long,long,long,long,long,long,long,long,long,long,long,long,long,long,long,long,long,long,long,short,short,short,short,short,short,short,short,short,short
2298,2023-02-02 00:00:00,OANDA:GBPUSD,1.23722,1.24018,1.23714,1.23876,6981.0,Interval.in_2_hour,34300800.0,short,short,short,short,short,short,short,short,short,short,short,short,short,short,short,short,short,short,long,short,neutral,neutral,long,short,long,long,neutral,long,long,long,long,long,long,long,long,long,long,long,long,long,long,long,long,long,long,short,short,long,short,short,short,short,short,short,short,short,short
2299,2023-02-01 22:00:00,OANDA:GBPUSD,1.23689,1.23944,1.23516,1.23722,25856.0,Interval.in_2_hour,34293600.0,short,short,short,short,short,short,short,short,short,short,short,short,short,short,short,short,short,short,long,long,neutral,neutral,long,short,long,neutral,neutral,long,long,long,long,long,long,long,long,long,long,long,long,long,long,long,long,long,long,long,long,long,long,long,short,short,short,short,short,short,short
2300,2023-02-01 20:00:00,OANDA:GBPUSD,1.23024,1.2386,1.22722,1.23689,36466.0,Interval.in_2_hour,34286400.0,short,short,short,short,short,short,short,short,short,short,short,short,short,short,short,short,short,short,long,long,neutral,neutral,long,short,neutral,neutral,neutral,long,long,long,long,long,long,long,long,long,long,long,long,long,long,short,short,short,short,long,long,long,long,long,long,short,short,short,short,short,short
2301,2023-02-01 18:00:00,OANDA:GBPUSD,1.23254,1.23277,1.22944,1.23024,15593.0,Interval.in_2_hour,34279200.0,short,short,short,short,short,short,short,short,short,short,short,short,short,short,short,short,short,short,long,long,neutral,neutral,long,short,short,neutral,neutral,short,short,short,short,long,long,short,short,short,short,long,short,short,short,short,short,short,short,long,long,long,long,long,long,long,long,long,short,short,short
2302,2023-02-01 16:00:00,OANDA:GBPUSD,1.23398,1.23472,1.2317,1.23254,25753.0,Interval.in_2_hour,34272000.0,short,short,short,short,short,short,short,short,short,short,short,short,short,short,short,short,short,short,long,long,neutral,neutral,long,short,neutral,neutral,neutral,long,long,long,long,long,long,long,long,long,long,long,long,short,short,short,short,short,short,short,long,long,long,long,long,long,long,long,long,short,short
2303,2023-02-01 14:00:00,OANDA:GBPUSD,1.2327,1.23446,1.23162,1.23398,15987.0,Interval.in_2_hour,34264800.0,short,short,short,short,short,short,short,short,short,short,short,short,short,short,short,short,short,short,long,long,long,long,long,short,long,neutral,neutral,long,long,long,long,long,long,long,long,long,long,long,short,short,short,short,short,short,short,short,short,long,long,long,long,long,long,long,long,short,short
2304,2023-02-01 12:00:00,OANDA:GBPUSD,1.23168,1.23344,1.23125,1.2327,12142.0,Interval.in_2_hour,34257600.0,short,short,short,short,short,short,short,short,short,short,short,short,short,short,short,short,short,short,long,long,neutral,neutral,long,short,neutral,neutral,neutral,long,long,long,long,long,short,long,long,short,short,short,short,short,short,short,short,short,short,long,short,short,long,long,long,long,long,long,long,long,long
2305,2023-02-01 10:00:00,OANDA:GBPUSD,1.23196,1.23255,1.23112,1.23168,15742.0,Interval.in_2_hour,34250400.0,long,short,short,short,short,short,short,short,short,short,short,short,short,short,short,short,short,short,long,long,neutral,neutral,long,short,neutral,neutral,neutral,long,long,long,short,short,long,long,short,short,short,short,short,short,short,short,short,short,short,long,long,long,short,long,long,long,long,long,long,long,long
2306,2023-02-01 08:00:00,OANDA:GBPUSD,1.2315,1.23285,1.2309,1.23196,12135.0,Interval.in_2_hour,34243200.0,long,long,short,short,short,short,short,short,short,short,short,short,short,short,short,short,short,short,long,long,neutral,neutral,long,short,long,long,long,long,long,short,short,long,long,short,short,short,short,short,short,short,short,short,short,short,short,short,long,long,long,short,long,long,long,long,long,long,long
2307,2023-02-01 06:00:00,OANDA:GBPUSD,1.23136,1.23196,1.23122,1.2315,7347.0,Interval.in_2_hour,34236000.0,long,long,long,short,short,short,short,short,short,short,short,short,short,short,short,short,short,short,long,long,neutral,neutral,long,short,long,long,neutral,long,short,short,short,long,short,short,short,short,short,short,short,short,short,short,short,short,short,long,long,long,long,long,short,long,long,long,long,long,long
2308,2023-02-01 04:00:00,OANDA:GBPUSD,1.23106,1.23163,1.23038,1.23136,7504.0,Interval.in_2_hour,34228800.0,long,long,long,long,short,short,short,short,short,short,short,short,short,short,short,short,short,short,long,long,neutral,neutral,long,short,long,neutral,neutral,short,short,short,short,short,short,short,short,short,short,short,short,short,short,short,short,short,short,long,long,long,long,long,long,short,long,long,long,long,long
2309,2023-02-01 02:00:00,OANDA:GBPUSD,1.23082,1.23139,1.23034,1.23106,9696.0,Interval.in_2_hour,34221600.0,long,long,long,long,long,short,short,short,short,short,short,short,short,short,short,short,short,short,long,long,neutral,neutral,long,short,neutral,neutral,neutral,short,short,short,short,short,short,short,short,short,short,short,short,short,short,short,short,short,short,long,long,long,long,long,long,long,short,long,long,long,long
2310,2023-02-01 00:00:00,OANDA:GBPUSD,1.23198,1.23271,1.23082,1.23082,5008.0,Interval.in_2_hour,34214400.0,long,long,long,long,long,long,short,short,short,short,short,short,short,short,short,short,short,short,long,long,neutral,neutral,long,short,short,short,neutral,short,long,short,short,short,short,short,short,short,short,short,short,short,short,short,short,short,short,long,long,long,long,long,long,long,long,short,long,long,long
2311,2023-01-31 22:00:00,OANDA:GBPUSD,1.23238,1.23294,1.23139,1.23198,9825.0,Interval.in_2_hour,34207200.0,long,long,long,long,long,long,long,short,short,short,short,short,short,short,short,short,short,short,long,long,neutral,neutral,long,short,short,neutral,neutral,long,short,short,short,short,short,short,short,short,short,short,short,short,short,short,short,short,short,short,short,short,short,short,short,long,long,long,short,long,long
2312,2023-01-31 20:00:00,OANDA:GBPUSD,1.2326,1.23377,1.23216,1.23238,7613.0,Interval.in_2_hour,34200000.0,long,long,long,long,long,long,long,long,short,short,short,short,short,short,short,short,short,short,long,long,short,short,long,short,neutral,neutral,neutral,long,short,short,short,short,short,short,short,short,short,short,short,short,short,short,short,short,short,short,short,short,short,short,short,short,long,long,long,short,long
2313,2023-01-31 18:00:00,OANDA:GBPUSD,1.23046,1.2328,1.23041,1.2326,16892.0,Interval.in_2_hour,34192800.0,long,long,long,long,long,long,long,long,long,short,short,short,short,short,short,short,short,short,long,long,neutral,neutral,long,short,neutral,neutral,neutral,short,short,short,short,short,short,short,short,short,short,short,short,short,short,short,short,short,short,short,short,short,short,short,short,short,short,long,long,short,short
2314,2023-01-31 16:00:00,OANDA:GBPUSD,1.23217,1.23284,1.22844,1.23046,29784.0,Interval.in_2_hour,34185600.0,short,long,long,long,long,long,long,long,long,long,short,short,short,short,short,short,short,short,long,long,neutral,neutral,long,short,short,short,short,short,short,short,short,short,short,short,short,short,short,short,short,short,short,short,short,short,short,long,long,long,long,long,long,long,long,long,long,long,long
2315,2023-01-31 14:00:00,OANDA:GBPUSD,1.23256,1.23304,1.22956,1.23217,22260.0,Interval.in_2_hour,34178400.0,long,short,long,long,long,long,long,long,long,long,long,short,short,short,short,short,short,short,long,long,short,short,long,short,short,short,neutral,short,short,short,short,short,short,short,short,short,short,short,short,short,short,short,short,short,short,short,long,long,short,short,short,short,short,short,short,long,long
2316,2023-01-31 12:00:00,OANDA:GBPUSD,1.23258,1.23264,1.23078,1.23256,14144.0,Interval.in_2_hour,34171200.0,long,short,short,long,long,long,long,long,long,long,long,long,short,short,short,short,short,short,long,long,neutral,neutral,long,short,short,neutral,neutral,short,short,short,short,short,short,short,short,short,short,short,short,short,short,short,short,short,short,short,short,long,short,short,short,short,short,short,short,short,long
2317,2023-01-31 10:00:00,OANDA:GBPUSD,1.23492,1.23544,1.23082,1.23258,19575.0,Interval.in_2_hour,34164000.0,long,long,short,short,long,long,long,long,long,long,long,long,long,short,short,short,short,short,long,long,long,neutral,long,short,neutral,neutral,neutral,short,short,short,short,short,short,short,short,short,short,short,short,short,short,short,short,short,short,short,short,short,long,short,short,short,short,short,short,short,short
2318,2023-01-31 08:00:00,OANDA:GBPUSD,1.23386,1.23628,1.23353,1.23492,12839.0,Interval.in_2_hour,34156800.0,short,short,short,short,short,long,long,long,long,long,long,long,short,short,short,short,short,short,long,long,short,short,long,short,neutral,neutral,neutral,short,short,short,short,short,short,short,short,short,short,short,short,short,short,short,short,short,short,short,short,short,short,short,short,short,short,short,short,short,short
2319,2023-01-31 06:00:00,OANDA:GBPUSD,1.23436,1.23462,1.23311,1.23386,9632.0,Interval.in_2_hour,34149600.0,short,short,short,long,short,short,long,long,long,long,long,long,long,long,short,short,short,short,long,long,neutral,neutral,long,short,short,neutral,neutral,short,short,short,short,short,short,short,short,short,short,short,short,short,short,short,short,short,short,long,short,short,short,short,short,short,short,short,short,short,short
2320,2023-01-31 04:00:00,OANDA:GBPUSD,1.23667,1.2367,1.23432,1.23436,10698.0,Interval.in_2_hour,34142400.0,short,short,short,short,short,short,short,long,long,long,long,long,long,long,long,short,short,short,long,long,long,neutral,long,short,neutral,neutral,neutral,long,long,short,short,short,short,short,short,short,short,short,short,short,short,short,short,short,short,short,long,short,short,short,short,short,short,short,short,short,short
2321,2023-01-31 02:00:00,OANDA:GBPUSD,1.23501,1.23714,1.23492,1.23667,13057.0,Interval.in_2_hour,34135200.0,short,short,short,short,short,short,short,short,long,long,long,long,long,long,long,short,short,short,long,long,short,short,long,short,neutral,neutral,neutral,long,short,short,short,short,short,short,short,short,short,short,short,short,short,short,short,short,short,short,short,short,short,short,short,short,short,short,short,short,short
2322,2023-01-31 00:00:00,OANDA:GBPUSD,1.2352,1.2356,1.23468,1.23501,3892.0,Interval.in_2_hour,34128000.0,short,short,short,short,short,short,short,short,short,long,long,long,long,long,long,long,short,short,long,long,neutral,neutral,long,short,neutral,neutral,neutral,short,short,short,short,short,short,short,short,short,short,short,short,short,short,short,short,short,short,long,short,short,short,short,short,short,short,short,short,short,short
2323,2023-01-30 22:00:00,OANDA:GBPUSD,1.23461,1.23577,1.2342,1.2352,9911.0,Interval.in_2_hour,34120800.0,short,short,short,short,short,short,short,short,short,short,long,long,long,long,long,long,long,short,long,long,neutral,neutral,long,short,neutral,neutral,neutral,short,short,short,short,short,short,short,short,short,short,short,short,short,short,short,short,short,short,short,long,short,short,short,short,short,short,short,short,short,short
2324,2023-01-30 20:00:00,OANDA:GBPUSD,1.2363,1.23639,1.23369,1.23461,11839.0,Interval.in_2_hour,34113600.0,short,short,short,short,short,short,short,short,short,short,short,long,long,long,long,long,long,long,long,long,neutral,neutral,long,short,short,neutral,neutral,short,short,short,short,short,short,short,short,short,short,short,short,short,short,short,short,short,short,long,long,long,short,short,long,short,short,short,short,short,short
2325,2023-01-30 18:00:00,OANDA:GBPUSD,1.23802,1.23837,1.236,1.2363,16406.0,Interval.in_2_hour,34106400.0,short,short,short,short,short,short,short,short,short,short,short,short,long,long,long,long,long,long,long,long,neutral,neutral,long,short,neutral,neutral,neutral,short,short,short,short,short,short,short,short,short,short,long,long,long,short,short,short,short,short,short,short,short,long,short,short,short,short,short,short,short,short
2326,2023-01-30 16:00:00,OANDA:GBPUSD,1.23748,1.23949,1.23665,1.23802,24307.0,Interval.in_2_hour,34099200.0,short,short,short,short,short,short,short,short,short,short,short,short,short,short,short,long,short,long,long,long,neutral,neutral,long,short,neutral,neutral,neutral,short,short,short,short,short,short,short,short,long,long,long,long,long,short,short,short,short,short,short,short,short,short,short,short,short,short,short,short,short,short
2327,2023-01-30 14:00:00,OANDA:GBPUSD,1.23846,1.23984,1.2373,1.23748,16716.0,Interval.in_2_hour,34092000.0,short,short,short,short,short,short,short,short,short,short,short,short,short,short,short,short,long,long,long,long,neutral,neutral,long,short,short,neutral,neutral,short,short,short,short,short,short,short,long,long,long,long,long,long,short,short,short,short,short,long,short,short,short,short,short,short,short,short,short,short,short
2328,2023-01-30 12:00:00,OANDA:GBPUSD,1.23928,1.24174,1.23786,1.23846,15284.0,Interval.in_2_hour,34084800.0,short,short,short,short,short,short,short,short,short,short,short,short,short,short,short,short,short,long,long,long,neutral,neutral,long,short,neutral,neutral,neutral,short,short,short,short,short,short,long,long,long,long,long,long,long,short,short,short,short,short,short,short,short,short,short,short,short,short,short,short,short,short
2329,2023-01-30 10:00:00,OANDA:GBPUSD,1.23797,1.24001,1.23684,1.23928,20675.0,Interval.in_2_hour,34077600.0,short,short,short,short,short,short,short,short,short,short,short,short,short,short,short,short,short,short,long,long,short,short,long,short,neutral,neutral,neutral,short,short,short,short,short,long,long,long,long,long,long,long,short,short,short,short,short,long,short,short,short,short,short,short,short,short,short,short,short,short
2330,2023-01-30 08:00:00,OANDA:GBPUSD,1.23964,1.23984,1.23718,1.23797,13808.0,Interval.in_2_hour,34070400.0,short,short,short,short,short,short,short,short,short,short,short,short,short,short,short,short,short,short,long,long,long,neutral,long,short,neutral,neutral,neutral,short,short,short,short,long,long,long,long,long,long,long,short,short,short,short,short,long,long,long,long,short,long,short,short,short,short,short,short,short,short
2331,2023-01-30 06:00:00,OANDA:GBPUSD,1.23909,1.24058,1.23905,1.23964,15813.0,Interval.in_2_hour,34063200.0,short,short,short,short,short,short,short,short,short,short,short,short,short,short,short,short,short,short,long,long,neutral,neutral,long,short,neutral,neutral,neutral,short,long,long,long,long,long,long,long,long,long,short,short,short,short,long,long,long,long,short,short,short,short,short,short,short,short,short,short,short,short
2332,2023-01-30 04:00:00,OANDA:GBPUSD,1.23923,1.23946,1.23834,1.23909,12552.0,Interval.in_2_hour,34056000.0,short,short,short,short,short,short,short,short,short,short,short,short,short,short,short,short,short,short,long,long,neutral,neutral,long,short,short,neutral,neutral,short,short,long,long,long,long,long,long,long,short,short,short,short,short,long,long,short,long,long,short,long,short,short,short,short,short,short,short,short,short
2333,2023-01-30 02:00:00,OANDA:GBPUSD,1.24008,1.24048,1.23809,1.23923,12337.0,Interval.in_2_hour,34048800.0,short,short,short,short,short,short,short,short,short,short,short,short,short,short,short,short,short,short,long,long,long,long,long,short,neutral,neutral,neutral,long,long,long,long,long,long,long,long,long,short,short,short,long,long,long,long,long,short,short,long,short,long,short,short,short,short,short,short,short,short
2334,2023-01-30 00:00:00,OANDA:GBPUSD,1.23918,1.24014,1.23773,1.24008,3583.0,Interval.in_2_hour,34041600.0,short,short,short,short,short,short,short,short,short,short,short,short,short,short,short,short,short,short,long,long,neutral,neutral,long,short,neutral,neutral,neutral,long,long,long,long,long,long,long,long,short,short,short,long,long,long,long,long,short,short,short,short,short,short,short,short,short,short,short,short,short,short
2335,2023-01-27 22:00:00,OANDA:GBPUSD,1.23929,1.23997,1.23869,1.23918,8333.0,Interval.in_2_hour,33861600.0,short,short,short,short,short,short,short,short,short,short,short,short,short,short,short,short,short,short,long,long,neutral,neutral,long,short,neutral,neutral,neutral,long,long,long,long,long,long,short,short,short,short,long,long,long,long,long,short,short,short,long,long,short,long,short,long,short,short,short,short,short,short
2336,2023-01-27 20:00:00,OANDA:GBPUSD,1.23918,1.23976,1.23814,1.23929,11908.0,Interval.in_2_hour,33854400.0,short,short,short,short,short,short,short,short,short,short,short,short,short,short,short,short,short,short,long,long,neutral,neutral,long,short,long,neutral,neutral,long,long,long,long,long,short,short,short,short,long,long,long,long,long,short,short,short,short,short,long,short,short,long,short,short,short,short,short,short,short
2337,2023-01-27 18:00:00,OANDA:GBPUSD,1.23584,1.23982,1.23569,1.23918,18228.0,Interval.in_2_hour,33847200.0,short,short,short,short,short,short,short,short,short,short,short,short,short,short,short,short,short,short,long,long,neutral,neutral,long,short,neutral,neutral,neutral,long,long,short,short,short,short,short,short,short,long,long,short,short,short,short,short,short,short,long,long,long,long,short,long,short,long,short,short,short,short
2338,2023-01-27 16:00:00,OANDA:GBPUSD,1.23686,1.23978,1.23452,1.23584,29890.0,Interval.in_2_hour,33840000.0,long,short,short,short,long,short,short,short,short,short,short,short,short,short,short,short,short,short,long,long,neutral,neutral,long,short,short,short,short,short,short,short,short,short,short,short,short,short,short,short,short,short,short,short,short,short,short,long,long,long,long,long,long,long,long,long,long,long,long
2339,2023-01-27 14:00:00,OANDA:GBPUSD,1.23702,1.23914,1.23556,1.23686,16319.0,Interval.in_2_hour,33832800.0,long,short,short,short,short,short,short,short,short,short,short,short,short,short,short,short,short,short,long,long,neutral,neutral,long,short,short,short,short,short,short,short,short,short,short,short,long,short,short,short,short,short,short,short,short,short,short,short,long,long,long,long,long,long,long,long,long,long,long
2340,2023-01-27 12:00:00,OANDA:GBPUSD,1.23707,1.23847,1.236,1.23702,12891.0,Interval.in_2_hour,33825600.0,long,long,short,short,short,short,short,short,short,short,short,short,short,short,short,short,short,short,long,long,neutral,neutral,long,short,short,short,short,short,short,short,short,short,short,long,short,short,short,short,short,short,short,short,short,short,short,short,short,long,long,long,long,long,long,long,long,long,long
2341,2023-01-27 10:00:00,OANDA:GBPUSD,1.23758,1.23899,1.23596,1.23707,16189.0,Interval.in_2_hour,33818400.0,long,long,long,short,short,short,short,short,short,short,short,short,short,short,short,short,short,short,long,long,short,short,long,short,short,short,short,short,short,short,short,short,long,short,short,short,short,short,short,short,short,short,short,short,long,short,short,short,long,long,long,long,long,long,long,long,long
2342,2023-01-27 08:00:00,OANDA:GBPUSD,1.23816,1.2383,1.23636,1.23758,10817.0,Interval.in_2_hour,33811200.0,long,long,short,long,short,short,short,short,short,short,short,short,short,short,short,short,short,short,long,long,neutral,neutral,long,short,short,short,short,short,short,short,short,long,long,short,short,short,short,short,short,short,short,short,short,long,long,short,short,short,short,long,long,long,long,long,long,long,long
2343,2023-01-27 06:00:00,OANDA:GBPUSD,1.23877,1.23877,1.23771,1.23816,6223.0,Interval.in_2_hour,33804000.0,short,long,long,short,short,short,short,short,short,short,short,short,short,short,short,short,short,short,long,long,neutral,neutral,long,short,short,short,neutral,short,short,short,long,long,short,short,short,short,short,short,short,short,short,short,long,long,long,short,short,short,short,short,long,long,long,long,long,long,long
2344,2023-01-27 04:00:00,OANDA:GBPUSD,1.24038,1.24044,1.23874,1.23877,7502.0,Interval.in_2_hour,33796800.0,long,short,long,short,short,short,short,short,short,short,short,short,short,short,short,short,short,short,long,long,neutral,neutral,long,short,short,neutral,neutral,short,long,long,long,long,long,short,short,short,short,short,short,short,long,long,long,long,long,short,short,short,short,short,short,long,long,long,long,long,long
2345,2023-01-27 02:00:00,OANDA:GBPUSD,1.24142,1.24188,1.23992,1.24038,12485.0,Interval.in_2_hour,33789600.0,short,short,short,short,short,short,short,short,short,short,short,short,short,short,short,short,short,short,long,long,neutral,neutral,long,short,neutral,neutral,neutral,long,long,long,long,long,long,long,long,long,short,long,long,long,long,long,long,long,long,short,short,short,short,short,short,short,short,short,short,short,short
2346,2023-01-27 00:00:00,OANDA:GBPUSD,1.24122,1.24191,1.23981,1.24142,3964.0,Interval.in_2_hour,33782400.0,short,short,short,short,short,short,short,short,short,short,short,short,short,short,short,short,short,short,long,long,long,long,long,short,long,long,long,long,long,long,long,long,long,long,long,long,long,long,long,long,long,long,long,long,long,short,short,short,short,short,short,short,short,short,short,short,short
2347,2023-01-26 22:00:00,OANDA:GBPUSD,1.24083,1.2416,1.24053,1.24122,8290.0,Interval.in_2_hour,33775200.0,short,short,short,short,short,short,short,short,short,short,short,short,short,short,short,short,short,short,long,long,neutral,neutral,long,short,long,long,neutral,long,long,long,long,long,long,long,long,long,long,long,long,long,long,long,long,long,long,long,short,short,short,short,short,short,short,short,short,short,short
2348,2023-01-26 20:00:00,OANDA:GBPUSD,1.23752,1.24086,1.23744,1.24083,13023.0,Interval.in_2_hour,33768000.0,short,short,short,short,short,short,short,short,short,short,short,short,short,short,short,short,short,short,long,long,neutral,neutral,long,short,long,neutral,neutral,short,long,short,short,short,short,short,short,short,long,long,long,long,long,long,long,long,long,long,long,short,short,short,short,short,short,short,short,short,short
2349,2023-01-26 18:00:00,OANDA:GBPUSD,1.23556,1.2382,1.23449,1.23752,21506.0,Interval.in_2_hour,33760800.0,long,long,long,long,long,long,long,long,long,short,long,short,short,short,short,short,short,short,long,long,short,short,long,short,neutral,neutral,neutral,short,short,short,short,short,short,short,short,short,short,long,long,long,long,long,long,long,long,long,long,long,long,long,long,long,short,short,short,short,long
2350,2023-01-26 16:00:00,OANDA:GBPUSD,1.23928,1.24197,1.23452,1.23556,31296.0,Interval.in_2_hour,33753600.0,long,long,long,long,long,long,long,long,long,long,long,long,long,short,short,short,long,short,long,long,neutral,neutral,long,short,neutral,neutral,neutral,short,short,short,short,short,short,short,short,long,long,long,long,long,long,long,long,long,long,long,long,long,long,long,long,long,long,long,long,long,long
2351,2023-01-26 14:00:00,OANDA:GBPUSD,1.23916,1.24042,1.23606,1.23928,21581.0,Interval.in_2_hour,33746400.0,short,short,long,short,long,short,short,long,short,long,short,short,short,short,short,short,short,short,long,long,neutral,neutral,long,short,long,neutral,neutral,short,short,short,short,short,short,long,long,long,long,long,long,long,long,long,long,long,long,short,short,long,long,long,long,short,short,short,short,short,short
2352,2023-01-26 12:00:00,OANDA:GBPUSD,1.23846,1.24072,1.23822,1.23916,12185.0,Interval.in_2_hour,33739200.0,short,short,long,long,long,long,long,short,long,short,long,short,short,short,short,short,short,short,long,long,short,short,long,short,neutral,neutral,neutral,short,short,short,short,short,short,long,long,long,long,long,long,long,long,long,long,long,long,long,short,short,long,long,long,long,short,short,short,short,short
2353,2023-01-26 10:00:00,OANDA:GBPUSD,1.24088,1.24307,1.2374,1.23846,20349.0,Interval.in_2_hour,33732000.0,short,short,short,long,long,long,long,long,long,long,short,long,long,short,short,short,short,short,long,long,neutral,neutral,long,short,neutral,neutral,neutral,short,short,short,short,long,long,long,long,long,long,long,long,long,long,long,long,long,long,long,long,short,short,long,long,long,long,long,short,short,short
2354,2023-01-26 08:00:00,OANDA:GBPUSD,1.24008,1.24119,1.2385,1.24088,13775.0,Interval.in_2_hour,33724800.0,short,short,short,short,short,short,short,short,short,short,short,short,short,short,short,short,short,short,long,long,long,long,long,short,long,neutral,neutral,short,short,long,long,long,long,long,long,long,long,long,long,long,long,long,long,long,long,short,short,short,short,short,short,long,long,short,short,short,short
2355,2023-01-26 06:00:00,OANDA:GBPUSD,1.23948,1.24032,1.23896,1.24008,7366.0,Interval.in_2_hour,33717600.0,short,short,short,short,short,short,short,short,long,short,short,short,short,short,short,short,short,short,long,long,neutral,neutral,long,short,neutral,neutral,neutral,short,short,long,long,long,long,long,long,long,long,long,long,long,long,long,long,long,long,long,short,short,short,short,short,long,long,long,long,short,short
2356,2023-01-26 04:00:00,OANDA:GBPUSD,1.24098,1.24108,1.23934,1.23948,9204.0,Interval.in_2_hour,33710400.0,short,short,short,short,short,short,short,short,short,long,short,short,long,short,short,short,short,short,long,long,neutral,neutral,long,short,short,neutral,neutral,long,long,long,long,long,long,long,long,long,long,long,long,long,long,long,long,long,long,long,long,short,short,short,short,short,long,long,long,long,short
2357,2023-01-26 02:00:00,OANDA:GBPUSD,1.24102,1.24174,1.23952,1.24098,11003.0,Interval.in_2_hour,33703200.0,short,short,short,short,short,short,short,short,short,short,short,short,short,short,short,short,short,short,long,long,neutral,neutral,long,short,neutral,neutral,neutral,long,long,long,long,long,long,long,long,long,long,long,long,long,long,long,long,long,long,short,short,short,short,short,short,short,short,short,long,long,short
2358,2023-01-26 00:00:00,OANDA:GBPUSD,1.24004,1.24188,1.23944,1.24102,5523.0,Interval.in_2_hour,33696000.0,short,short,short,short,short,short,short,short,short,short,short,short,short,short,short,short,short,short,long,short,neutral,neutral,long,short,long,long,long,long,long,long,long,long,long,long,long,long,long,long,long,long,long,long,long,long,long,short,short,short,short,short,short,short,short,short,short,long,long
2359,2023-01-25 22:00:00,OANDA:GBPUSD,1.2399,1.24045,1.23894,1.24004,10525.0,Interval.in_2_hour,33688800.0,long,long,short,short,short,short,short,short,short,short,short,short,long,short,short,short,short,short,long,short,neutral,neutral,long,short,long,long,long,long,long,long,long,long,long,long,long,long,long,long,long,long,long,long,long,long,long,long,long,short,long,long,short,short,short,short,short,long,long
2360,2023-01-25 20:00:00,OANDA:GBPUSD,1.23822,1.23998,1.23808,1.2399,13093.0,Interval.in_2_hour,33681600.0,long,long,long,short,short,short,short,short,short,short,short,short,short,long,short,short,short,short,long,short,neutral,neutral,long,short,long,long,long,long,long,long,long,long,long,long,long,long,long,long,long,long,long,long,short,long,long,long,long,long,short,long,long,short,short,short,short,short,long
2361,2023-01-25 18:00:00,OANDA:GBPUSD,1.2358,1.2384,1.23332,1.23822,19999.0,Interval.in_2_hour,33674400.0,long,long,long,long,long,short,short,short,short,short,short,long,long,long,long,long,long,long,long,long,neutral,neutral,long,short,long,long,neutral,long,long,long,long,long,long,long,long,long,long,long,long,long,long,short,short,short,short,long,long,long,long,long,long,long,long,long,long,short,short
2362,2023-01-25 16:00:00,OANDA:GBPUSD,1.23155,1.23998,1.23104,1.2358,28876.0,Interval.in_2_hour,33667200.0,long,long,long,long,long,long,long,long,long,long,long,long,long,long,long,long,long,long,long,long,neutral,neutral,long,short,long,neutral,neutral,long,long,long,long,long,long,short,long,long,long,long,long,short,short,short,short,short,short,long,long,long,long,long,long,long,long,long,long,long,short
2363,2023-01-25 14:00:00,OANDA:GBPUSD,1.23066,1.23368,1.23056,1.23155,17002.0,Interval.in_2_hour,33660000.0,long,long,long,long,long,long,long,long,long,long,long,long,long,long,long,long,long,long,long,long,neutral,neutral,long,short,neutral,neutral,neutral,short,short,short,short,short,short,short,short,long,long,short,short,short,short,short,short,short,short,long,long,long,long,long,long,long,long,long,long,long,long
2364,2023-01-25 12:00:00,OANDA:GBPUSD,1.23104,1.23134,1.22832,1.23066,13588.0,Interval.in_2_hour,33652800.0,long,long,long,long,long,long,long,long,long,long,long,long,long,long,long,long,long,long,long,long,neutral,neutral,long,short,short,short,short,short,short,short,short,short,short,short,long,long,short,short,short,short,short,short,short,short,short,long,long,long,long,long,long,long,long,long,long,long,long
2365,2023-01-25 10:00:00,OANDA:GBPUSD,1.23176,1.23314,1.2305,1.23104,17524.0,Interval.in_2_hour,33645600.0,long,long,long,long,long,long,long,long,long,long,long,long,long,long,long,long,long,long,long,long,neutral,neutral,long,short,short,short,neutral,short,short,short,short,short,short,long,long,short,short,short,short,short,short,short,short,short,short,short,long,long,long,long,long,long,long,long,long,long,long
2366,2023-01-25 08:00:00,OANDA:GBPUSD,1.23226,1.23394,1.23042,1.23176,13618.0,Interval.in_2_hour,33638400.0,long,long,long,long,long,long,long,long,long,long,long,long,long,long,long,long,long,long,long,long,neutral,neutral,long,short,short,neutral,neutral,short,short,short,short,short,long,long,short,short,short,short,short,short,short,short,short,short,short,short,short,short,long,long,long,long,long,long,long,long,long
2367,2023-01-25 06:00:00,OANDA:GBPUSD,1.23262,1.23338,1.23166,1.23226,8507.0,Interval.in_2_hour,33631200.0,long,long,long,long,long,long,long,long,long,long,long,long,long,long,long,long,long,long,long,long,neutral,neutral,long,short,neutral,neutral,neutral,short,short,short,long,long,long,long,short,short,short,short,short,short,short,short,short,short,short,short,short,short,short,long,long,long,long,long,long,long,long
2368,2023-01-25 04:00:00,OANDA:GBPUSD,1.23262,1.23372,1.23162,1.23262,9138.0,Interval.in_2_hour,33624000.0,long,long,long,long,long,long,long,long,long,long,long,long,long,long,long,long,long,long,long,long,neutral,neutral,long,short,neutral,neutral,neutral,short,short,long,long,long,long,short,short,short,short,short,short,short,short,short,short,short,short,short,short,short,short,short,long,long,long,long,long,long,long
2369,2023-01-25 02:00:00,OANDA:GBPUSD,1.23318,1.23319,1.23118,1.23262,12336.0,Interval.in_2_hour,33616800.0,long,long,long,long,long,long,long,long,long,long,long,long,long,long,long,long,long,long,long,long,neutral,neutral,long,short,short,neutral,neutral,short,long,long,long,long,short,short,short,short,short,short,short,short,short,short,short,short,short,long,short,short,short,short,short,long,long,long,long,long,long
2370,2023-01-25 00:00:00,OANDA:GBPUSD,1.234,1.234,1.23261,1.23318,10125.0,Interval.in_2_hour,33609600.0,long,long,long,long,long,long,long,long,long,long,long,long,long,long,long,long,long,long,long,long,neutral,neutral,long,short,neutral,neutral,neutral,long,long,long,long,short,short,short,short,short,short,short,short,short,short,short,short,short,short,short,short,short,short,short,short,short,long,long,long,long,long
2371,2023-01-24 22:00:00,OANDA:GBPUSD,1.2337,1.23424,1.23278,1.234,12995.0,Interval.in_2_hour,33602400.0,long,long,long,long,long,long,long,long,long,long,long,long,long,long,long,long,long,long,long,long,neutral,neutral,long,short,long,long,long,long,long,long,short,short,short,short,short,short,short,short,short,short,short,short,short,short,short,short,short,short,short,short,short,short,short,long,long,long,long
2372,2023-01-24 20:00:00,OANDA:GBPUSD,1.23262,1.23407,1.23224,1.2337,12187.0,Interval.in_2_hour,33595200.0,long,long,long,long,long,long,long,long,long,long,long,long,long,long,long,long,long,long,long,long,neutral,neutral,long,short,long,long,neutral,long,long,short,short,short,short,short,short,short,short,short,short,short,short,short,short,short,short,long,short,short,short,short,short,short,short,short,long,long,long
2373,2023-01-24 18:00:00,OANDA:GBPUSD,1.2315,1.23402,1.23098,1.23262,20544.0,Interval.in_2_hour,33588000.0,long,long,long,long,long,long,long,long,long,long,long,long,long,long,long,long,long,long,long,long,short,short,long,short,long,neutral,neutral,short,short,short,short,short,short,short,short,short,short,short,short,short,short,short,short,short,short,long,long,long,long,long,short,short,short,short,short,long,long
2374,2023-01-24 16:00:00,OANDA:GBPUSD,1.22925,1.23214,1.22632,1.2315,31410.0,Interval.in_2_hour,33580800.0,long,long,long,long,long,long,long,long,long,long,long,long,long,long,long,long,long,long,long,long,neutral,neutral,long,short,neutral,neutral,neutral,short,short,short,short,short,short,short,short,short,short,short,short,short,short,short,short,short,short,long,long,long,long,long,long,long,long,short,short,long,long
2375,2023-01-24 14:00:00,OANDA:GBPUSD,1.23143,1.23194,1.22816,1.22925,18453.0,Interval.in_2_hour,33573600.0,long,long,long,long,long,long,long,long,long,long,long,long,long,long,long,long,long,long,long,long,neutral,neutral,long,short,short,short,neutral,short,short,short,short,short,short,short,short,short,short,short,short,short,short,short,short,short,short,long,long,long,long,long,long,long,long,long,long,long,long
2376,2023-01-24 12:00:00,OANDA:GBPUSD,1.23311,1.2336,1.23016,1.23143,16181.0,Interval.in_2_hour,33566400.0,long,long,long,long,long,long,long,long,long,long,long,long,long,long,long,long,long,long,long,long,neutral,neutral,long,short,short,neutral,neutral,short,short,short,short,short,short,short,short,short,short,short,short,short,short,short,short,short,short,short,long,long,long,long,long,long,long,long,long,short,short
2377,2023-01-24 10:00:00,OANDA:GBPUSD,1.24048,1.24138,1.23082,1.23311,20029.0,Interval.in_2_hour,33559200.0,short,short,long,long,long,long,long,long,long,long,long,long,long,long,long,long,long,long,long,short,neutral,neutral,long,short,neutral,neutral,neutral,short,short,short,short,long,short,long,long,short,short,short,short,short,short,short,short,short,short,short,short,short,short,long,long,long,short,short,short,short,short
2378,2023-01-24 08:00:00,OANDA:GBPUSD,1.23868,1.24128,1.23844,1.24048,10800.0,Interval.in_2_hour,33552000.0,short,short,short,short,short,short,short,long,long,short,short,long,short,short,short,short,short,long,long,short,neutral,neutral,long,short,long,neutral,neutral,long,long,long,long,long,long,long,long,short,short,short,short,short,short,short,long,long,long,short,short,short,short,short,short,short,short,short,short,short,short
2379,2023-01-24 06:00:00,OANDA:GBPUSD,1.23814,1.23942,1.23751,1.23868,6716.0,Interval.in_2_hour,33544800.0,short,short,short,short,short,short,long,long,long,long,long,long,long,short,long,long,short,short,long,short,neutral,neutral,long,short,neutral,neutral,neutral,long,long,long,long,long,long,long,short,short,short,short,short,short,short,short,long,long,long,long,short,short,short,short,short,short,short,short,short,short,short
2380,2023-01-24 04:00:00,OANDA:GBPUSD,1.23884,1.23915,1.238,1.23814,9392.0,Interval.in_2_hour,33537600.0,short,short,short,short,short,short,long,long,long,long,long,long,long,long,long,long,long,short,long,short,neutral,neutral,long,short,neutral,neutral,neutral,long,long,long,long,long,long,short,short,short,short,short,short,short,short,long,long,long,long,long,long,short,short,short,short,short,short,short,short,short,short
2381,2023-01-24 02:00:00,OANDA:GBPUSD,1.23792,1.2391,1.23737,1.23884,10279.0,Interval.in_2_hour,33530400.0,short,short,short,short,short,short,short,short,long,long,long,long,long,long,long,short,long,long,long,short,neutral,neutral,long,short,long,long,neutral,long,long,long,long,long,short,short,short,short,short,short,short,short,long,long,long,long,long,short,short,long,short,short,short,short,short,short,short,short,short
2382,2023-01-24 00:00:00,OANDA:GBPUSD,1.23783,1.23854,1.23752,1.23792,6245.0,Interval.in_2_hour,33523200.0,short,short,short,short,short,short,short,short,long,long,long,long,long,long,long,long,long,long,long,short,neutral,neutral,long,short,long,neutral,neutral,long,long,long,short,short,short,short,short,short,short,short,short,long,long,long,long,long,long,long,long,long,long,short,short,short,short,short,short,short,short
2383,2023-01-23 22:00:00,OANDA:GBPUSD,1.23656,1.23803,1.23638,1.23783,12823.0,Interval.in_2_hour,33516000.0,short,short,short,short,short,short,short,short,short,long,long,long,long,long,long,long,long,long,long,short,neutral,neutral,long,short,neutral,neutral,neutral,long,long,short,short,short,short,short,short,short,short,short,short,long,long,long,long,long,short,long,long,long,long,long,short,short,short,short,short,short,short
2384,2023-01-23 20:00:00,OANDA:GBPUSD,1.23688,1.23882,1.2356,1.23656,13726.0,Interval.in_2_hour,33508800.0,short,short,short,short,short,short,short,short,short,short,long,long,long,long,long,long,long,long,long,short,neutral,neutral,long,short,short,neutral,neutral,long,short,short,short,short,short,short,short,short,short,short,long,long,long,long,short,short,short,long,long,long,long,long,long,short,short,short,short,short,short
2385,2023-01-23 18:00:00,OANDA:GBPUSD,1.2371,1.23878,1.23612,1.23688,16947.0,Interval.in_2_hour,33501600.0,short,short,short,short,short,short,short,short,short,short,short,long,long,long,long,long,long,long,long,short,neutral,neutral,long,short,neutral,neutral,neutral,short,short,short,short,short,short,short,short,short,short,long,long,long,long,short,short,short,short,short,long,long,long,long,long,long,short,short,short,short,short
2386,2023-01-23 16:00:00,OANDA:GBPUSD,1.2346,1.23773,1.23236,1.2371,25521.0,Interval.in_2_hour,33494400.0,short,short,short,short,short,short,short,short,short,short,short,short,long,long,long,long,long,long,long,short,short,short,long,short,neutral,neutral,neutral,short,short,short,short,short,short,short,short,short,long,long,long,long,short,short,short,short,short,short,short,long,long,long,long,long,long,short,short,short,short
2387,2023-01-23 14:00:00,OANDA:GBPUSD,1.23541,1.23729,1.23352,1.2346,19110.0,Interval.in_2_hour,33487200.0,short,short,short,short,short,short,short,short,short,short,short,short,long,long,long,long,long,long,long,short,neutral,neutral,long,short,short,short,neutral,short,short,short,short,short,short,short,short,short,long,long,short,short,short,short,short,short,short,long,long,long,long,long,long,long,long,long,short,short,short
2388,2023-01-23 12:00:00,OANDA:GBPUSD,1.24067,1.24092,1.23506,1.23541,16734.0,Interval.in_2_hour,33480000.0,short,short,short,short,short,short,short,short,short,short,short,short,short,long,long,long,long,long,long,short,neutral,neutral,long,short,short,neutral,neutral,short,short,short,short,short,short,long,long,long,long,long,long,long,short,short,short,short,short,short,long,long,long,long,long,long,long,long,long,short,short
2389,2023-01-23 10:00:00,OANDA:GBPUSD,1.24174,1.24242,1.2401,1.24067,17884.0,Interval.in_2_hour,33472800.0,short,short,short,short,short,short,short,short,short,short,short,short,short,short,short,short,short,short,long,short,neutral,neutral,long,short,neutral,neutral,neutral,short,short,long,long,long,long,long,long,long,long,long,long,long,long,long,long,long,long,short,short,short,short,short,short,short,short,short,short,short,short
2390,2023-01-23 08:00:00,OANDA:GBPUSD,1.24138,1.2432,1.23944,1.24174,16279.0,Interval.in_2_hour,33465600.0,short,short,short,short,short,short,short,short,short,short,short,short,short,short,short,short,short,short,long,short,short,short,long,short,neutral,neutral,neutral,short,long,long,long,long,long,long,long,long,long,long,long,long,long,long,long,long,long,short,short,short,short,short,short,short,short,short,short,short,short
2391,2023-01-23 06:00:00,OANDA:GBPUSD,1.2433,1.24331,1.24137,1.24138,8186.0,Interval.in_2_hour,33458400.0,short,short,short,short,short,short,short,short,short,short,short,short,short,short,short,short,short,short,long,short,long,neutral,long,short,neutral,neutral,neutral,long,long,long,long,long,long,long,long,long,long,long,long,long,long,long,long,long,long,long,short,short,short,short,short,short,short,short,short,short,short
2392,2023-01-23 04:00:00,OANDA:GBPUSD,1.24263,1.24482,1.24226,1.2433,8905.0,Interval.in_2_hour,33451200.0,short,short,short,short,short,short,short,short,short,short,short,short,short,short,short,short,short,short,long,short,neutral,neutral,long,short,long,long,long,long,long,long,long,long,long,long,long,long,long,long,long,long,long,long,long,long,long,short,short,short,short,short,short,short,short,short,short,short,short
2393,2023-01-23 02:00:00,OANDA:GBPUSD,1.24063,1.24346,1.24038,1.24263,13977.0,Interval.in_2_hour,33444000.0,short,short,short,short,short,short,short,short,short,short,short,short,short,short,short,short,short,short,long,short,neutral,neutral,long,short,long,long,long,long,long,long,long,long,long,long,long,long,long,long,long,long,long,long,long,long,long,long,short,short,short,short,short,short,short,short,short,short,short
2394,2023-01-23 00:00:00,OANDA:GBPUSD,1.23981,1.24148,1.23981,1.24063,3883.0,Interval.in_2_hour,33436800.0,short,short,short,short,short,short,short,short,short,short,short,short,short,short,short,short,short,short,long,short,neutral,neutral,long,short,long,long,long,long,long,long,long,long,long,long,long,long,long,long,long,long,long,long,long,long,long,long,long,long,long,long,short,short,short,short,short,short,short
2395,2023-01-20 22:00:00,OANDA:GBPUSD,1.23964,1.24046,1.23909,1.23981,10266.0,Interval.in_2_hour,33256800.0,short,short,short,short,long,short,short,short,short,short,short,short,short,short,short,short,short,short,long,short,neutral,neutral,long,short,long,long,long,long,long,long,long,long,long,long,long,long,long,long,long,long,long,long,long,long,long,long,long,long,long,long,long,short,short,short,short,short,short
2396,2023-01-20 20:00:00,OANDA:GBPUSD,1.23868,1.24016,1.23734,1.23964,16547.0,Interval.in_2_hour,33249600.0,short,short,short,short,short,long,short,short,short,short,short,short,short,short,short,short,short,short,long,short,neutral,neutral,long,short,long,long,neutral,long,long,long,long,long,long,long,short,short,long,long,long,long,long,long,long,long,long,long,long,long,long,long,long,long,short,short,short,short,short
2397,2023-01-20 18:00:00,OANDA:GBPUSD,1.237,1.23922,1.23664,1.23868,18843.0,Interval.in_2_hour,33242400.0,short,short,short,long,short,long,long,short,short,short,short,short,short,short,short,short,short,short,long,short,neutral,neutral,long,short,long,neutral,neutral,long,long,long,short,short,short,short,short,short,long,long,long,long,long,long,long,long,long,long,long,long,long,long,long,long,long,short,short,short,short
2398,2023-01-20 16:00:00,OANDA:GBPUSD,1.23414,1.23958,1.23364,1.237,27862.0,Interval.in_2_hour,33235200.0,short,short,long,long,long,long,long,long,short,short,short,short,short,short,short,short,short,short,long,short,neutral,neutral,long,short,neutral,neutral,neutral,long,short,short,short,short,short,short,short,short,long,long,long,long,long,long,long,long,long,long,long,long,long,long,long,long,long,long,short,short,long
2399,2023-01-20 14:00:00,OANDA:GBPUSD,1.23526,1.23611,1.23354,1.23414,19978.0,Interval.in_2_hour,33228000.0,long,long,long,long,long,long,long,long,long,short,short,short,short,short,short,short,short,short,long,short,neutral,neutral,long,short,neutral,neutral,neutral,short,short,short,short,short,short,short,short,short,short,long,long,long,long,long,long,long,long,long,long,long,long,long,long,long,long,long,long,long,long
2400,2023-01-20 12:00:00,OANDA:GBPUSD,1.23412,1.23714,1.23366,1.23526,16188.0,Interval.in_2_hour,33220800.0,short,long,long,long,long,long,long,long,long,long,short,short,short,short,short,short,short,short,long,short,neutral,neutral,long,short,neutral,neutral,neutral,short,short,short,short,short,short,short,short,short,long,long,long,long,long,long,long,long,long,short,long,long,long,long,long,long,long,long,long,long,long
2401,2023-01-20 10:00:00,OANDA:GBPUSD,1.2364,1.23814,1.23384,1.23412,20713.0,Interval.in_2_hour,33213600.0,long,long,long,long,long,long,long,long,long,long,long,short,short,short,short,short,short,short,long,short,neutral,neutral,long,short,short,short,short,short,short,short,short,short,short,short,long,long,long,long,long,long,long,long,long,long,short,long,long,long,long,long,long,long,long,long,long,long,long
2402,2023-01-20 08:00:00,OANDA:GBPUSD,1.23791,1.23828,1.23518,1.2364,14916.0,Interval.in_2_hour,33206400.0,long,short,short,long,long,long,long,long,long,long,long,long,short,short,short,short,short,short,long,short,neutral,neutral,long,short,short,short,short,short,short,short,short,long,long,long,long,long,long,long,long,long,long,long,long,long,short,short,short,short,long,long,long,long,long,long,long,long,long
2403,2023-01-20 06:00:00,OANDA:GBPUSD,1.2381,1.23819,1.2365,1.23791,12405.0,Interval.in_2_hour,33199200.0,long,long,short,short,short,short,short,short,long,long,long,long,long,short,short,short,short,short,long,short,long,neutral,long,short,short,short,short,short,short,short,long,long,long,long,long,long,long,long,long,long,long,long,long,short,short,short,short,short,short,short,long,long,long,long,long,long,long
2404,2023-01-20 04:00:00,OANDA:GBPUSD,1.23851,1.23938,1.23791,1.2381,9564.0,Interval.in_2_hour,33192000.0,long,long,long,short,short,short,short,short,short,short,long,long,long,long,short,short,short,short,long,short,neutral,neutral,long,short,short,short,neutral,short,long,long,long,long,long,long,long,long,long,long,long,long,long,long,short,short,long,short,short,short,short,short,short,long,long,long,long,long,long
2405,2023-01-20 02:00:00,OANDA:GBPUSD,1.23922,1.23975,1.2377,1.23851,11808.0,Interval.in_2_hour,33184800.0,long,long,long,long,short,short,short,short,short,short,short,long,short,long,long,short,short,short,long,short,long,neutral,long,short,short,neutral,neutral,long,long,long,long,long,long,long,long,long,long,long,long,long,long,short,long,long,long,short,short,short,short,short,short,short,long,long,long,long,long
2406,2023-01-20 00:00:00,OANDA:GBPUSD,1.2394,1.23982,1.2387,1.23922,4272.0,Interval.in_2_hour,33177600.0,long,long,long,long,long,short,short,short,short,short,short,short,short,short,short,long,short,short,long,short,neutral,neutral,long,short,neutral,neutral,neutral,long,long,long,long,long,long,long,long,long,long,long,long,long,short,long,long,long,long,short,short,short,short,short,short,short,short,short,long,long,long
2407,2023-01-19 22:00:00,OANDA:GBPUSD,1.23919,1.23974,1.23866,1.2394,11269.0,Interval.in_2_hour,33170400.0,long,long,long,long,long,long,short,short,short,short,short,short,short,short,short,short,long,short,long,short,neutral,neutral,long,short,long,long,long,long,long,long,long,long,long,long,long,long,long,long,long,short,long,long,long,long,long,short,short,short,short,short,short,short,short,short,short,long,long
2408,2023-01-19 20:00:00,OANDA:GBPUSD,1.23726,1.23944,1.2366,1.23919,17946.0,Interval.in_2_hour,33163200.0,long,long,long,long,long,long,long,short,short,short,short,short,short,short,short,short,short,long,long,short,neutral,neutral,long,short,long,long,neutral,long,long,long,long,long,long,long,long,long,long,long,short,short,long,long,long,long,long,long,long,short,short,short,short,short,short,short,short,short,long
2409,2023-01-19 18:00:00,OANDA:GBPUSD,1.2359,1.23778,1.23527,1.23726,19741.0,Interval.in_2_hour,33156000.0,long,long,long,long,long,long,long,long,short,short,short,short,short,long,long,long,long,long,long,short,long,long,long,short,long,neutral,neutral,long,long,long,long,long,long,long,long,long,short,short,short,long,long,long,long,long,long,long,long,long,long,long,long,short,short,short,short,short,long
2410,2023-01-19 16:00:00,OANDA:GBPUSD,1.23492,1.23658,1.23364,1.2359,31281.0,Interval.in_2_hour,33148800.0,long,long,long,long,long,long,long,long,long,short,short,long,long,long,long,long,long,long,long,short,neutral,neutral,long,short,neutral,neutral,neutral,long,long,long,long,long,long,long,long,short,short,short,short,long,long,long,long,long,long,long,long,long,long,long,long,long,long,short,short,short,long
2411,2023-01-19 14:00:00,OANDA:GBPUSD,1.2353,1.23565,1.23153,1.23492,26475.0,Interval.in_2_hour,33141600.0,long,long,long,long,long,long,long,long,long,long,long,short,long,long,long,long,long,long,long,short,neutral,neutral,long,short,neutral,neutral,neutral,long,long,long,long,long,long,long,short,short,short,short,long,long,long,long,long,long,long,long,long,long,long,long,long,long,long,long,short,long,short
2412,2023-01-19 12:00:00,OANDA:GBPUSD,1.2337,1.23594,1.23196,1.2353,20820.0,Interval.in_2_hour,33134400.0,short,long,long,long,long,long,long,long,long,long,long,long,short,long,long,long,long,long,long,short,neutral,neutral,long,short,long,long,neutral,long,long,long,short,long,long,short,short,short,short,long,long,long,long,long,long,long,long,short,long,long,long,long,long,long,long,long,long,short,short
2413,2023-01-19 10:00:00,OANDA:GBPUSD,1.23342,1.23497,1.23246,1.2337,22427.0,Interval.in_2_hour,33127200.0,long,long,long,long,long,long,long,long,long,long,long,long,long,long,long,long,long,long,long,short,neutral,neutral,long,short,long,neutral,neutral,long,short,short,short,short,short,short,short,short,short,long,long,long,long,long,long,long,long,long,long,long,long,long,long,long,long,long,long,long,long
2414,2023-01-19 08:00:00,OANDA:GBPUSD,1.23312,1.23453,1.23132,1.23342,18041.0,Interval.in_2_hour,33120000.0,long,long,long,long,long,long,long,long,long,long,long,long,long,long,long,long,long,long,long,short,neutral,neutral,long,short,neutral,neutral,neutral,short,short,short,short,short,short,short,short,short,long,long,long,long,long,long,long,long,long,long,long,long,long,long,long,long,long,long,long,long,long
2415,2023-01-19 06:00:00,OANDA:GBPUSD,1.2334,1.2339,1.23278,1.23312,13362.0,Interval.in_2_hour,33112800.0,long,long,long,long,long,long,long,long,long,long,long,long,long,long,long,long,long,long,long,short,neutral,neutral,long,short,short,short,neutral,short,short,short,short,short,short,short,short,long,long,long,long,long,long,long,long,long,long,long,long,long,long,long,long,long,long,long,long,long,long
2416,2023-01-19 04:00:00,OANDA:GBPUSD,1.23366,1.23453,1.23198,1.2334,11650.0,Interval.in_2_hour,33105600.0,long,long,long,long,long,long,long,long,long,long,long,long,long,long,long,long,long,long,long,short,neutral,neutral,long,short,short,neutral,neutral,short,short,short,short,short,short,short,long,long,long,long,long,long,long,long,long,long,long,short,long,long,long,long,long,long,long,long,long,long,long
2417,2023-01-19 02:00:00,OANDA:GBPUSD,1.23466,1.23502,1.23187,1.23366,17043.0,Interval.in_2_hour,33098400.0,long,long,long,long,long,long,long,long,long,long,long,long,long,long,long,long,long,long,long,short,neutral,neutral,long,short,neutral,neutral,neutral,short,short,short,short,short,long,long,long,long,long,long,long,long,long,long,long,long,long,short,short,short,long,long,long,long,long,long,long,long,long
2418,2023-01-19 00:00:00,OANDA:GBPUSD,1.23444,1.23531,1.23419,1.23466,6732.0,Interval.in_2_hour,33091200.0,long,long,long,long,short,long,short,long,long,long,long,long,long,long,long,long,long,long,long,short,neutral,neutral,long,short,long,neutral,neutral,short,short,short,short,long,long,long,long,long,long,long,long,long,long,long,long,long,long,short,short,short,short,short,long,long,long,long,long,long,long
2419,2023-01-18 22:00:00,OANDA:GBPUSD,1.23414,1.23464,1.23326,1.23444,14487.0,Interval.in_2_hour,33084000.0,long,long,long,long,long,short,long,short,long,long,long,long,long,long,long,long,long,long,long,short,neutral,neutral,long,short,neutral,neutral,neutral,short,short,short,long,long,long,long,long,long,long,long,long,long,long,long,long,long,long,long,short,short,short,short,short,long,long,long,long,long,long
2420,2023-01-18 20:00:00,OANDA:GBPUSD,1.23456,1.23484,1.23274,1.23414,18807.0,Interval.in_2_hour,33076800.0,long,long,long,long,long,long,short,long,long,long,long,long,long,long,long,long,long,long,long,short,neutral,neutral,long,short,short,short,neutral,short,short,long,long,long,long,long,long,long,long,long,long,long,long,long,long,long,long,long,long,short,short,short,short,short,long,long,long,long,long
2421,2023-01-18 18:00:00,OANDA:GBPUSD,1.23942,1.23942,1.23311,1.23456,26362.0,Interval.in_2_hour,33069600.0,long,long,long,long,long,long,long,short,long,short,long,long,long,long,long,long,long,long,short,short,long,neutral,long,short,short,neutral,neutral,long,long,long,long,long,long,long,long,long,long,long,long,long,long,long,long,long,long,short,short,long,short,short,short,short,short,long,long,long,long
2422,2023-01-18 16:00:00,OANDA:GBPUSD,1.23952,1.2436,1.23842,1.23942,39991.0,Interval.in_2_hour,33062400.0,short,short,short,short,short,short,short,short,short,short,short,short,short,long,long,long,long,long,short,short,neutral,neutral,long,short,neutral,neutral,neutral,long,long,long,long,long,long,long,long,long,long,long,long,long,long,long,long,long,long,short,short,short,short,short,short,short,short,short,short,short,short
2423,2023-01-18 14:00:00,OANDA:GBPUSD,1.23724,1.24219,1.23528,1.23952,28882.0,Interval.in_2_hour,33055200.0,short,short,short,short,short,short,short,short,short,short,short,short,short,short,long,long,long,long,short,short,neutral,neutral,long,short,long,long,long,long,long,long,long,long,long,long,long,long,long,long,long,long,long,long,long,long,long,short,short,short,short,short,short,short,short,short,short,short,short
2424,2023-01-18 12:00:00,OANDA:GBPUSD,1.23588,1.23886,1.23377,1.23724,22664.0,Interval.in_2_hour,33048000.0,short,short,long,long,long,long,long,long,long,short,short,short,short,short,long,long,long,long,short,short,neutral,neutral,long,short,long,long,long,long,long,long,long,long,long,long,long,long,long,long,long,long,long,long,long,long,long,long,long,short,short,short,short,short,short,short,short,short,short
2425,2023-01-18 10:00:00,OANDA:GBPUSD,1.23154,1.23638,1.23106,1.23588,27640.0,Interval.in_2_hour,33040800.0,short,short,long,long,long,long,long,long,long,long,long,short,short,short,long,long,long,long,short,short,neutral,neutral,long,short,long,long,neutral,long,long,long,long,long,long,long,long,long,long,long,long,long,long,long,long,long,long,long,long,long,short,short,short,short,short,short,short,short,short
2426,2023-01-18 08:00:00,OANDA:GBPUSD,1.22824,1.23361,1.22818,1.23154,24568.0,Interval.in_2_hour,33033600.0,long,long,long,long,long,long,long,long,long,long,long,long,long,long,long,long,long,long,long,short,neutral,neutral,long,short,long,neutral,neutral,long,long,long,long,long,long,long,long,long,long,long,long,long,long,long,long,long,long,long,long,long,long,long,long,long,long,long,long,long,long
2427,2023-01-18 06:00:00,OANDA:GBPUSD,1.22687,1.22881,1.22628,1.22824,15357.0,Interval.in_2_hour,33026400.0,long,long,long,long,long,long,long,long,long,long,long,long,long,long,long,long,long,long,long,short,neutral,neutral,long,short,neutral,neutral,neutral,short,short,long,long,long,long,long,long,long,long,long,long,long,long,long,long,long,long,long,long,long,long,long,long,long,long,long,long,long,long
2428,2023-01-18 04:00:00,OANDA:GBPUSD,1.22848,1.22904,1.22544,1.22687,25013.0,Interval.in_2_hour,33019200.0,long,long,long,long,long,long,long,long,long,long,long,long,long,long,long,long,long,long,long,short,neutral,neutral,long,short,neutral,neutral,neutral,short,long,long,long,long,long,long,long,long,long,long,long,long,long,long,long,long,long,long,long,long,long,long,long,long,long,long,long,long,long
2429,2023-01-18 02:00:00,OANDA:GBPUSD,1.22836,1.22851,1.22688,1.22848,14841.0,Interval.in_2_hour,33012000.0,long,long,long,long,long,long,long,long,long,long,long,long,long,long,long,long,long,long,long,short,neutral,neutral,long,short,neutral,neutral,neutral,long,long,long,long,long,long,long,long,long,long,long,long,long,long,long,long,long,long,short,short,long,long,long,long,long,long,long,long,long,long
2430,2023-01-18 00:00:00,OANDA:GBPUSD,1.22883,1.22904,1.22798,1.22836,3348.0,Interval.in_2_hour,33004800.0,long,long,long,long,long,long,long,long,long,long,long,long,long,long,long,long,long,long,long,short,neutral,neutral,long,short,neutral,neutral,neutral,long,long,long,long,long,long,long,long,long,long,long,long,long,long,long,long,long,long,long,short,short,long,long,long,long,long,long,long,long,long
2431,2023-01-17 22:00:00,OANDA:GBPUSD,1.22747,1.22919,1.2273,1.22883,12486.0,Interval.in_2_hour,32997600.0,long,long,long,long,long,long,long,long,long,long,long,long,long,long,long,long,long,long,long,short,neutral,neutral,long,short,long,neutral,neutral,long,long,long,long,long,long,long,long,long,long,long,long,long,long,long,long,long,long,short,short,short,short,long,long,long,long,long,long,long,long
2432,2023-01-17 20:00:00,OANDA:GBPUSD,1.22624,1.2286,1.22586,1.22747,14209.0,Interval.in_2_hour,32990400.0,long,long,long,long,long,long,long,long,long,long,long,long,long,long,long,long,long,long,long,short,neutral,neutral,long,short,neutral,neutral,neutral,long,long,long,long,long,long,long,long,long,long,long,long,long,long,long,long,long,short,long,long,long,short,long,long,long,long,long,long,long,long
2433,2023-01-17 18:00:00,OANDA:GBPUSD,1.22789,1.22862,1.22464,1.22624,22111.0,Interval.in_2_hour,32983200.0,long,long,long,long,long,long,long,long,long,long,long,long,long,long,long,long,long,long,long,short,long,long,long,short,neutral,neutral,neutral,long,long,long,long,long,long,long,long,long,long,long,long,long,long,long,long,long,long,long,long,long,long,long,long,long,long,long,long,long,long
2434,2023-01-17 16:00:00,OANDA:GBPUSD,1.22522,1.23008,1.2249,1.22789,37927.0,Interval.in_2_hour,32976000.0,long,long,long,long,long,long,long,long,long,long,long,long,long,long,long,long,long,long,long,short,neutral,neutral,long,short,neutral,neutral,neutral,long,long,long,long,long,long,long,long,long,long,long,long,long,long,short,short,long,long,short,short,long,long,long,short,long,long,long,long,long,long
2435,2023-01-17 14:00:00,OANDA:GBPUSD,1.22547,1.22728,1.22336,1.22522,25466.0,Interval.in_2_hour,32968800.0,long,long,long,long,long,long,long,long,long,long,long,long,long,long,long,long,long,long,long,short,neutral,neutral,long,short,neutral,neutral,neutral,long,long,long,long,long,long,long,long,long,long,long,long,long,short,short,long,long,long,long,long,long,long,long,long,long,long,long,long,long,long
2436,2023-01-17 12:00:00,OANDA:GBPUSD,1.22084,1.22594,1.2192,1.22547,21042.0,Interval.in_2_hour,32961600.0,long,long,long,long,long,long,long,long,long,long,long,long,long,long,long,long,long,long,long,short,neutral,neutral,long,short,neutral,neutral,neutral,long,long,long,long,long,long,long,long,long,long,long,short,short,short,short,long,long,long,short,long,long,long,long,long,long,long,long,long,long,long
2437,2023-01-17 10:00:00,OANDA:GBPUSD,1.2215,1.22303,1.22064,1.22084,23889.0,Interval.in_2_hour,32954400.0,long,long,long,long,long,long,long,long,long,long,long,long,long,long,long,long,long,long,long,short,neutral,neutral,long,short,neutral,neutral,neutral,long,long,long,long,long,long,long,long,long,short,short,short,short,short,short,short,short,short,long,long,long,long,long,long,long,long,long,long,long,long
2438,2023-01-17 08:00:00,OANDA:GBPUSD,1.22013,1.22198,1.21694,1.2215,19848.0,Interval.in_2_hour,32947200.0,long,long,long,long,long,long,long,long,long,long,long,long,long,long,long,long,long,long,long,short,neutral,neutral,long,short,long,long,neutral,long,long,long,long,long,long,long,long,short,short,short,short,short,short,short,short,short,long,short,long,long,long,long,long,long,long,long,long,long,long
2439,2023-01-17 06:00:00,OANDA:GBPUSD,1.21911,1.22026,1.21867,1.22013,12168.0,Interval.in_2_hour,32940000.0,long,long,long,long,long,long,long,long,long,long,long,long,long,long,long,long,long,long,long,short,neutral,neutral,long,short,long,neutral,neutral,short,long,long,short,short,short,short,short,short,short,short,short,short,short,short,short,long,long,long,long,long,long,long,long,long,long,long,long,long,long
2440,2023-01-17 04:00:00,OANDA:GBPUSD,1.21878,1.22065,1.21724,1.21911,15038.0,Interval.in_2_hour,32932800.0,long,long,long,long,long,long,long,long,long,long,long,long,long,long,long,long,long,long,long,short,short,short,long,short,neutral,neutral,neutral,short,short,short,short,short,short,short,short,short,short,short,short,short,short,short,short,long,short,long,long,long,long,long,long,long,long,long,long,long,long
2441,2023-01-17 02:00:00,OANDA:GBPUSD,1.22085,1.2213,1.21788,1.21878,16118.0,Interval.in_2_hour,32925600.0,long,long,long,long,long,long,long,long,long,long,long,long,long,long,long,long,long,long,long,short,neutral,neutral,long,short,neutral,neutral,neutral,long,long,short,short,short,short,short,short,short,short,short,short,short,short,long,long,short,short,long,long,long,long,long,long,long,long,long,long,long,long
2442,2023-01-17 00:00:00,OANDA:GBPUSD,1.21968,1.22085,1.21951,1.22085,7205.0,Interval.in_2_hour,32918400.0,long,long,long,long,long,long,long,long,long,long,long,long,long,long,long,long,long,long,long,long,neutral,neutral,long,short,long,long,neutral,long,long,long,long,short,short,short,short,short,short,short,short,short,long,long,long,short,long,short,short,short,long,short,long,long,long,long,long,long,long
2443,2023-01-16 22:00:00,OANDA:GBPUSD,1.21948,1.2199,1.2192,1.21968,4239.0,Interval.in_2_hour,32911200.0,long,long,long,long,long,long,long,long,long,long,long,long,long,long,long,long,long,long,long,long,neutral,neutral,long,short,long,neutral,neutral,short,short,short,short,short,short,short,short,short,short,short,short,long,long,short,short,short,long,long,short,short,long,long,long,long,long,long,long,long,long
2444,2023-01-16 20:00:00,OANDA:GBPUSD,1.21908,1.21976,1.2183,1.21948,5252.0,Interval.in_2_hour,32904000.0,long,long,long,long,long,long,long,long,long,long,long,long,long,long,long,long,long,long,long,long,neutral,neutral,long,short,neutral,neutral,neutral,short,short,short,short,short,short,short,short,short,short,short,long,long,short,short,short,long,short,long,long,short,short,long,long,long,long,long,long,long,long
2445,2023-01-16 18:00:00,OANDA:GBPUSD,1.2205,1.22114,1.21892,1.21908,10969.0,Interval.in_2_hour,32896800.0,long,long,long,long,long,long,long,long,long,long,long,long,long,long,long,long,long,long,long,long,neutral,neutral,long,short,neutral,neutral,neutral,short,short,short,short,short,short,short,short,short,short,long,long,short,short,long,long,short,short,long,long,long,short,long,long,long,long,long,long,long,long
2446,2023-01-16 16:00:00,OANDA:GBPUSD,1.2193,1.22113,1.21893,1.2205,17031.0,Interval.in_2_hour,32889600.0,long,long,long,long,long,long,long,long,long,long,long,long,long,long,long,long,long,long,long,long,short,short,long,short,neutral,neutral,neutral,short,short,short,short,short,short,short,short,short,long,long,short,short,long,long,short,short,short,short,short,short,long,short,short,short,long,long,long,long,long
2447,2023-01-16 14:00:00,OANDA:GBPUSD,1.22043,1.22058,1.21805,1.2193,16119.0,Interval.in_2_hour,32882400.0,long,long,long,long,long,long,long,long,long,long,long,long,long,long,long,long,long,long,long,long,neutral,neutral,long,short,neutral,neutral,neutral,short,short,short,short,short,short,short,short,long,long,short,short,long,long,short,short,short,short,long,short,long,long,long,short,short,long,long,long,long,long
2448,2023-01-16 12:00:00,OANDA:GBPUSD,1.22007,1.22258,1.21996,1.22043,15857.0,Interval.in_2_hour,32875200.0,long,long,long,long,long,long,long,long,long,long,long,long,long,long,long,long,long,long,long,long,neutral,neutral,long,short,neutral,neutral,neutral,short,short,short,short,short,short,short,long,long,long,short,long,long,short,short,short,short,short,short,long,short,short,short,long,short,short,short,long,long,long
2449,2023-01-16 10:00:00,OANDA:GBPUSD,1.22313,1.22313,1.21716,1.22007,22671.0,Interval.in_2_hour,32868000.0,long,long,long,long,long,long,long,long,long,long,long,long,long,long,long,long,long,long,long,long,neutral,neutral,long,short,short,short,short,short,short,short,short,short,long,long,long,long,short,long,long,long,short,long,short,short,long,long,short,long,short,short,short,long,short,short,long,long,long
2450,2023-01-16 08:00:00,OANDA:GBPUSD,1.22634,1.22642,1.2222,1.22313,15705.0,Interval.in_2_hour,32860800.0,short,long,long,long,long,long,long,long,long,long,long,long,long,long,long,long,long,long,long,long,neutral,neutral,long,short,short,short,neutral,short,long,long,long,long,long,long,long,long,long,long,long,long,long,long,long,long,long,short,short,short,short,short,short,short,short,short,short,short,short
2451,2023-01-16 06:00:00,OANDA:GBPUSD,1.22694,1.22734,1.22554,1.22634,11764.0,Interval.in_2_hour,32853600.0,short,short,short,short,long,short,long,long,long,long,long,long,long,long,long,long,long,long,long,long,long,long,long,short,short,neutral,neutral,long,long,long,long,long,long,long,long,long,long,long,long,long,long,long,long,long,long,short,short,short,short,short,short,short,short,short,short,short,short
2452,2023-01-16 04:00:00,OANDA:GBPUSD,1.22712,1.22892,1.22666,1.22694,14986.0,Interval.in_2_hour,32846400.0,short,short,short,short,short,long,short,long,long,long,long,short,long,long,long,long,long,long,long,long,neutral,neutral,long,short,neutral,neutral,neutral,long,long,long,long,long,long,long,long,long,long,long,long,long,long,long,long,long,long,short,short,short,short,short,short,short,short,short,short,short,short
2453,2023-01-16 02:00:00,OANDA:GBPUSD,1.22238,1.2277,1.22217,1.22712,14762.0,Interval.in_2_hour,32839200.0,short,short,short,short,short,short,long,short,long,long,long,long,short,long,long,long,long,long,long,short,neutral,neutral,long,short,neutral,neutral,neutral,long,long,long,long,long,long,long,long,long,long,long,long,long,long,long,long,long,long,short,short,short,short,short,short,short,short,short,short,short,short
2454,2023-01-16 00:00:00,OANDA:GBPUSD,1.22241,1.22342,1.2212,1.22238,8000.0,Interval.in_2_hour,32832000.0,short,short,short,short,short,long,long,long,long,long,long,long,long,long,long,long,long,long,long,long,neutral,neutral,long,short,short,neutral,neutral,long,long,long,long,long,long,long,long,long,long,long,short,long,long,long,long,long,long,long,long,long,long,short,short,short,short,short,short,short,short
2455,2023-01-13 22:00:00,OANDA:GBPUSD,1.22286,1.22398,1.22241,1.22241,11065.0,Interval.in_2_hour,32652000.0,short,short,short,short,short,short,long,long,long,long,long,long,long,long,long,long,long,long,long,long,neutral,neutral,long,short,neutral,neutral,neutral,long,long,long,long,long,long,long,long,long,long,long,long,long,long,long,long,long,long,short,long,long,long,long,short,short,short,short,short,short,short
2456,2023-01-13 20:00:00,OANDA:GBPUSD,1.22092,1.2235,1.22039,1.22286,13946.0,Interval.in_2_hour,32644800.0,short,short,short,short,short,short,short,long,long,long,long,long,long,long,long,long,long,long,long,short,neutral,neutral,long,short,neutral,neutral,neutral,long,long,short,long,long,long,long,long,long,short,long,long,long,long,long,long,long,long,short,short,long,long,long,long,short,short,short,short,short,short
2457,2023-01-13 18:00:00,OANDA:GBPUSD,1.22156,1.22174,1.21823,1.22092,21415.0,Interval.in_2_hour,32637600.0,short,short,short,short,short,short,long,short,long,long,long,long,long,long,long,long,long,long,long,short,long,long,long,short,neutral,neutral,neutral,long,short,long,long,long,short,short,short,short,long,long,long,long,long,long,long,long,long,long,long,long,long,long,long,long,short,short,short,short,short
2458,2023-01-13 16:00:00,OANDA:GBPUSD,1.21674,1.22222,1.21504,1.22156,32809.0,Interval.in_2_hour,32630400.0,short,short,short,short,short,short,short,short,short,long,long,long,long,long,long,long,long,long,long,short,short,short,long,short,neutral,neutral,neutral,short,short,long,short,short,short,short,short,short,short,short,long,long,long,long,long,long,long,short,long,long,long,long,long,long,long,short,short,short,short
2459,2023-01-13 14:00:00,OANDA:GBPUSD,1.21734,1.21876,1.21588,1.21674,22184.0,Interval.in_2_hour,32623200.0,long,long,long,long,long,long,long,long,long,long,long,long,long,long,long,long,long,long,long,short,neutral,neutral,long,short,short,neutral,neutral,short,short,short,short,short,short,short,short,short,short,long,long,long,long,long,long,long,long,long,long,long,long,long,long,long,long,long,long,long,long
2460,2023-01-13 12:00:00,OANDA:GBPUSD,1.22282,1.22412,1.21708,1.21734,18270.0,Interval.in_2_hour,32616000.0,long,long,long,long,long,long,long,long,long,long,long,long,long,long,long,long,long,long,long,short,neutral,neutral,long,short,neutral,neutral,neutral,long,short,short,short,short,short,long,long,long,long,long,long,long,long,long,long,long,long,short,long,long,long,long,long,long,long,long,long,long,long
2461,2023-01-13 10:00:00,OANDA:GBPUSD,1.2213,1.22488,1.21979,1.22282,25689.0,Interval.in_2_hour,32608800.0,short,short,short,short,short,short,short,short,short,short,short,short,long,long,long,long,long,long,long,short,long,long,long,short,long,neutral,neutral,long,long,long,long,short,long,long,long,long,long,long,long,long,long,long,long,long,long,short,short,short,short,long,short,short,long,long,long,long,short
2462,2023-01-13 08:00:00,OANDA:GBPUSD,1.21814,1.22134,1.21812,1.2213,18453.0,Interval.in_2_hour,32601600.0,short,short,short,short,short,short,short,short,short,short,short,long,short,long,long,long,long,long,long,short,short,short,long,short,neutral,neutral,neutral,short,short,short,short,long,long,short,long,long,long,long,long,long,long,long,long,long,long,long,short,short,long,short,long,long,long,long,long,long,long
2463,2023-01-13 06:00:00,OANDA:GBPUSD,1.21986,1.21994,1.21758,1.21814,9158.0,Interval.in_2_hour,32594400.0,long,long,long,long,long,long,long,long,long,long,long,long,long,long,long,long,long,long,long,short,neutral,neutral,long,short,short,neutral,neutral,short,short,short,short,short,short,long,long,long,long,long,long,long,long,long,long,long,long,long,long,short,short,long,long,long,long,long,long,long,long
2464,2023-01-13 04:00:00,OANDA:GBPUSD,1.22189,1.22193,1.21898,1.21986,15094.0,Interval.in_2_hour,32587200.0,long,long,long,long,short,long,short,short,short,long,short,short,long,long,long,long,long,long,long,short,neutral,neutral,long,short,neutral,neutral,neutral,short,short,long,long,long,long,long,long,long,long,long,long,long,long,long,long,long,long,short,long,long,short,short,long,long,long,long,long,long,long
2465,2023-01-13 02:00:00,OANDA:GBPUSD,1.22168,1.2233,1.22028,1.22189,18515.0,Interval.in_2_hour,32580000.0,long,long,long,short,short,short,short,short,short,short,short,short,short,short,short,short,long,long,long,short,neutral,neutral,long,short,long,neutral,neutral,short,long,long,long,long,long,long,long,long,long,long,long,long,long,long,long,long,long,short,short,short,long,short,short,short,short,long,long,long,long
2466,2023-01-13 00:00:00,OANDA:GBPUSD,1.22136,1.22238,1.22057,1.22168,5406.0,Interval.in_2_hour,32572800.0,long,long,long,long,short,short,short,short,short,short,short,short,short,short,short,short,short,long,long,short,neutral,neutral,long,short,neutral,neutral,neutral,long,long,long,long,long,long,long,long,long,long,long,long,long,long,long,long,long,long,long,short,short,short,long,short,short,short,short,long,long,long
2467,2023-01-12 22:00:00,OANDA:GBPUSD,1.2223,1.22232,1.22086,1.22136,14389.0,Interval.in_2_hour,32565600.0,long,long,long,long,long,short,short,short,short,short,short,short,short,short,short,short,long,short,long,short,neutral,neutral,long,short,short,neutral,neutral,long,long,long,long,long,long,long,long,long,long,long,long,long,long,long,long,long,long,long,long,short,short,short,long,short,short,long,short,long,long
2468,2023-01-12 20:00:00,OANDA:GBPUSD,1.22286,1.2247,1.22056,1.2223,23205.0,Interval.in_2_hour,32558400.0,long,long,long,long,long,long,short,short,short,short,short,short,short,short,short,short,short,short,long,short,neutral,neutral,long,short,neutral,neutral,neutral,long,long,long,long,long,long,long,long,long,long,long,long,long,long,long,long,long,long,short,short,short,short,short,short,long,short,short,short,short,long
2469,2023-01-12 18:00:00,OANDA:GBPUSD,1.21556,1.22303,1.21466,1.22286,29026.0,Interval.in_2_hour,32551200.0,long,short,short,long,long,long,long,short,short,short,short,short,short,short,short,short,short,short,long,short,neutral,neutral,long,short,neutral,neutral,neutral,long,long,long,long,long,long,long,long,long,long,long,long,long,long,long,long,long,long,short,short,short,short,short,short,short,short,short,short,short,short
2470,2023-01-12 16:00:00,OANDA:GBPUSD,1.22362,1.224,1.20888,1.21556,50584.0,Interval.in_2_hour,32544000.0,long,long,long,long,long,long,long,long,long,long,long,long,long,long,long,long,long,long,long,short,long,neutral,long,short,neutral,neutral,neutral,long,long,long,long,long,long,long,long,long,long,long,long,long,long,long,long,long,long,long,long,long,long,long,long,long,long,long,long,long,long
2471,2023-01-12 14:00:00,OANDA:GBPUSD,1.21614,1.22426,1.20913,1.22362,36531.0,Interval.in_2_hour,32536800.0,short,short,short,short,short,long,long,long,short,short,short,short,short,short,short,short,short,short,long,short,neutral,neutral,long,short,neutral,neutral,neutral,long,long,long,long,long,long,long,long,long,long,long,long,long,long,long,long,long,long,short,short,short,short,short,short,short,short,short,short,short,short
2472,2023-01-12 12:00:00,OANDA:GBPUSD,1.21771,1.21908,1.21508,1.21614,16850.0,Interval.in_2_hour,32529600.0,long,long,long,long,long,long,long,long,long,long,long,long,long,long,long,long,long,long,long,long,long,long,long,short,neutral,neutral,neutral,long,long,long,long,long,long,long,long,long,long,long,long,long,long,long,long,long,long,long,short,long,long,long,long,long,long,long,long,long,long
2473,2023-01-12 10:00:00,OANDA:GBPUSD,1.21486,1.21822,1.21352,1.21771,20011.0,Interval.in_2_hour,32522400.0,short,short,long,long,long,long,long,long,long,long,long,long,long,long,long,long,long,long,long,long,neutral,neutral,long,short,neutral,neutral,neutral,long,long,long,long,long,long,long,long,long,long,long,long,long,long,long,long,long,long,short,long,short,long,long,long,long,long,long,long,long,long
2474,2023-01-12 08:00:00,OANDA:GBPUSD,1.21558,1.21576,1.21336,1.21486,14748.0,Interval.in_2_hour,32515200.0,long,long,long,long,long,long,long,long,long,long,long,long,long,long,long,long,long,long,long,long,long,long,long,short,short,neutral,neutral,short,short,short,long,long,long,long,long,long,short,short,neutral,long,long,short,short,long,long,long,long,long,long,long,long,long,long,long,long,long,long
2475,2023-01-12 06:00:00,OANDA:GBPUSD,1.21651,1.21709,1.2153,1.21558,8861.0,Interval.in_2_hour,32508000.0,long,long,long,long,long,long,long,long,long,long,long,long,long,long,long,long,long,long,long,long,neutral,neutral,long,short,neutral,neutral,neutral,long,long,long,long,long,long,long,long,short,short,long,long,long,long,long,long,long,long,short,long,long,long,short,long,long,long,long,long,long,long
2476,2023-01-12 04:00:00,OANDA:GBPUSD,1.21588,1.21673,1.21528,1.21651,11822.0,Interval.in_2_hour,32500800.0,long,long,long,long,long,long,long,long,long,long,long,long,long,long,long,long,long,long,long,long,neutral,neutral,long,short,long,long,neutral,long,long,long,long,long,long,long,short,long,long,long,long,long,long,long,long,long,short,short,short,long,short,long,short,long,long,long,long,long,long
2477,2023-01-12 02:00:00,OANDA:GBPUSD,1.21581,1.21658,1.21501,1.21588,15789.0,Interval.in_2_hour,32493600.0,long,long,long,long,long,long,long,long,long,long,long,long,long,long,long,long,long,long,long,long,long,long,long,short,long,neutral,neutral,long,long,long,long,long,long,short,short,long,long,long,long,long,long,long,long,short,short,long,short,short,long,long,long,short,long,long,long,long,long
2478,2023-01-12 00:00:00,OANDA:GBPUSD,1.21502,1.21626,1.21431,1.21581,8882.0,Interval.in_2_hour,32486400.0,long,long,long,long,long,long,long,long,long,long,long,long,long,long,long,long,long,long,long,long,long,long,long,short,neutral,neutral,neutral,long,long,long,long,long,short,short,long,long,long,short,short,long,long,long,short,short,short,long,long,short,short,long,long,long,short,long,long,long,long
2479,2023-01-11 22:00:00,OANDA:GBPUSD,1.21548,1.21554,1.21442,1.21502,13088.0,Interval.in_2_hour,32479200.0,long,long,long,long,long,long,long,long,long,long,long,long,long,long,long,long,long,long,long,long,neutral,neutral,long,short,neutral,neutral,neutral,long,long,long,long,short,short,long,long,long,short,short,long,long,long,short,short,short,short,long,long,long,long,short,long,long,long,long,long,long,long
2480,2023-01-11 20:00:00,OANDA:GBPUSD,1.21211,1.21566,1.21138,1.21548,16852.0,Interval.in_2_hour,32472000.0,long,long,long,long,long,long,long,long,long,long,long,long,long,long,long,long,long,long,long,long,neutral,neutral,long,short,neutral,neutral,neutral,long,long,short,short,short,short,short,short,short,short,short,short,short,short,short,short,short,short,short,long,long,long,long,short,long,long,long,long,long,long
2481,2023-01-11 18:00:00,OANDA:GBPUSD,1.21264,1.21404,1.21137,1.21211,15522.0,Interval.in_2_hour,32464800.0,long,long,long,long,long,long,long,long,long,long,long,long,long,long,long,long,long,long,long,long,neutral,neutral,long,short,neutral,neutral,neutral,short,short,short,short,short,short,short,short,short,short,short,short,short,short,short,short,short,short,long,long,long,long,long,long,long,long,long,long,long,long
2482,2023-01-11 16:00:00,OANDA:GBPUSD,1.2106,1.21536,1.21004,1.21264,26359.0,Interval.in_2_hour,32457600.0,long,long,long,long,long,long,long,long,long,long,long,long,long,long,long,long,long,long,long,long,short,short,long,short,neutral,neutral,neutral,short,short,short,short,short,short,short,short,short,short,short,short,short,short,short,short,short,short,short,long,long,long,long,long,long,long,long,long,long,long
2483,2023-01-11 14:00:00,OANDA:GBPUSD,1.21304,1.21312,1.21034,1.2106,17621.0,Interval.in_2_hour,32450400.0,long,long,long,long,long,long,long,long,long,long,long,long,long,long,long,long,long,long,long,long,neutral,neutral,long,short,short,short,short,short,short,short,short,short,short,short,short,short,short,short,short,short,short,short,short,short,short,long,long,long,long,long,long,long,long,long,long,long,long
2484,2023-01-11 12:00:00,OANDA:GBPUSD,1.21325,1.21412,1.21175,1.21304,16140.0,Interval.in_2_hour,32443200.0,long,long,long,long,long,long,long,long,long,long,long,long,long,long,long,long,long,long,long,long,neutral,neutral,long,short,short,short,neutral,short,short,short,short,short,short,short,short,short,short,short,short,short,short,short,short,short,short,short,short,short,long,long,long,long,long,long,long,long,long
2485,2023-01-11 10:00:00,OANDA:GBPUSD,1.2157,1.21624,1.2126,1.21325,19369.0,Interval.in_2_hour,32436000.0,long,long,long,long,long,long,long,long,long,long,long,long,long,long,long,long,long,long,long,long,neutral,neutral,long,short,short,neutral,neutral,short,short,short,short,short,short,long,short,short,short,short,short,short,short,short,short,short,short,short,short,short,short,long,long,long,long,long,long,long,long
2486,2023-01-11 08:00:00,OANDA:GBPUSD,1.21684,1.21786,1.2154,1.2157,14984.0,Interval.in_2_hour,32428800.0,long,long,long,short,long,long,long,long,long,long,long,long,long,long,long,long,long,long,long,long,neutral,neutral,long,short,neutral,neutral,neutral,long,long,long,long,long,long,long,short,short,long,short,short,short,short,short,short,short,short,short,short,short,short,short,short,short,long,long,long,short,short
2487,2023-01-11 06:00:00,OANDA:GBPUSD,1.2154,1.21742,1.21523,1.21684,11148.0,Interval.in_2_hour,32421600.0,short,long,short,long,short,long,long,long,long,long,long,long,long,long,long,short,long,long,long,long,neutral,neutral,long,short,long,neutral,neutral,long,long,long,long,long,long,short,short,short,short,short,short,short,short,short,short,short,long,short,short,short,short,short,short,short,short,short,short,short,short
2488,2023-01-11 04:00:00,OANDA:GBPUSD,1.21504,1.21603,1.21462,1.2154,12934.0,Interval.in_2_hour,32414400.0,long,short,long,long,long,long,long,long,long,long,long,long,long,long,long,long,long,long,long,long,neutral,neutral,long,short,neutral,neutral,neutral,short,short,long,long,long,short,short,short,short,short,short,short,short,short,short,short,short,long,long,long,short,short,short,short,short,long,short,long,long,long
2489,2023-01-11 02:00:00,OANDA:GBPUSD,1.21537,1.21644,1.21416,1.21504,14698.0,Interval.in_2_hour,32407200.0,long,long,short,long,long,long,long,long,long,long,long,long,long,long,long,long,long,long,long,long,neutral,neutral,long,short,neutral,neutral,neutral,short,long,long,long,short,short,short,short,short,short,short,short,short,short,short,short,long,long,long,long,long,short,short,short,short,short,long,short,long,long
2490,2023-01-11 00:00:00,OANDA:GBPUSD,1.21498,1.21585,1.21463,1.21537,3168.0,Interval.in_2_hour,32400000.0,long,long,long,short,long,long,long,long,long,long,long,long,long,long,long,long,long,long,long,long,neutral,neutral,long,short,neutral,neutral,neutral,long,long,long,short,short,short,short,short,short,short,short,short,short,short,short,long,long,long,short,long,long,long,short,short,short,short,short,long,short,long
2491,2023-01-10 22:00:00,OANDA:GBPUSD,1.2164,1.21642,1.21483,1.21498,8405.0,Interval.in_2_hour,32392800.0,long,long,long,long,short,long,long,long,long,long,long,long,long,long,long,long,long,long,long,long,neutral,neutral,long,short,neutral,neutral,neutral,long,long,short,short,short,short,short,short,short,short,short,short,short,long,long,long,long,long,long,long,long,long,long,short,short,short,short,short,long,long
2492,2023-01-10 20:00:00,OANDA:GBPUSD,1.21487,1.21678,1.2142,1.2164,13293.0,Interval.in_2_hour,32385600.0,short,short,short,long,short,short,long,short,long,short,long,long,long,long,long,long,long,long,long,long,neutral,neutral,long,short,long,long,neutral,long,short,short,short,short,short,short,short,short,short,short,short,long,long,long,long,long,long,short,short,short,short,long,short,short,short,short,short,short,short
2493,2023-01-10 18:00:00,OANDA:GBPUSD,1.21482,1.2181,1.21448,1.21487,20837.0,Interval.in_2_hour,32378400.0,long,long,long,long,long,long,short,long,long,long,long,long,long,long,long,long,long,long,long,long,neutral,neutral,long,short,long,neutral,neutral,short,short,short,short,short,short,short,short,short,short,short,short,short,short,long,long,long,long,long,long,long,long,long,long,long,short,short,short,short,short
2494,2023-01-10 16:00:00,OANDA:GBPUSD,1.21375,1.21812,1.21354,1.21482,35984.0,Interval.in_2_hour,32371200.0,short,long,long,long,long,long,long,long,long,long,long,long,long,long,long,long,long,long,long,long,neutral,neutral,long,short,neutral,neutral,neutral,short,short,short,short,short,short,short,short,short,short,short,short,short,short,long,long,long,long,long,long,long,long,long,long,long,long,short,short,short,short
2495,2023-01-10 14:00:00,OANDA:GBPUSD,1.21548,1.2155,1.211,1.21375,17468.0,Interval.in_2_hour,32364000.0,short,short,long,long,long,long,long,long,long,long,long,long,long,long,long,long,long,long,long,long,neutral,neutral,long,short,short,neutral,neutral,short,short,short,short,short,short,short,short,short,short,short,short,long,long,long,long,long,long,long,long,long,long,long,long,long,long,long,short,short,short
2496,2023-01-10 12:00:00,OANDA:GBPUSD,1.21836,1.21842,1.21494,1.21548,16598.0,Interval.in_2_hour,32356800.0,short,short,short,long,short,long,long,long,long,short,long,long,long,long,long,long,long,long,long,long,long,long,long,short,neutral,neutral,neutral,short,short,short,short,short,short,short,short,long,long,long,long,long,long,long,long,long,long,short,short,short,long,short,short,short,short,long,long,short,short
2497,2023-01-10 10:00:00,OANDA:GBPUSD,1.21499,1.2185,1.21494,1.21836,22228.0,Interval.in_2_hour,32349600.0,short,short,short,short,short,short,short,short,short,short,short,short,short,long,short,long,long,long,long,long,short,neutral,long,short,neutral,neutral,neutral,short,short,short,short,short,short,short,long,long,long,long,long,long,long,long,long,long,long,short,short,short,short,short,short,short,short,short,short,short,short
2498,2023-01-10 08:00:00,OANDA:GBPUSD,1.21753,1.21773,1.21397,1.21499,20118.0,Interval.in_2_hour,32342400.0,short,short,short,short,short,long,long,long,long,long,long,short,long,long,long,long,long,long,long,long,neutral,neutral,long,short,neutral,neutral,neutral,short,short,short,short,short,short,long,long,long,long,long,long,long,long,long,long,long,long,long,long,short,short,short,long,short,long,long,long,long,long
2499,2023-01-10 06:00:00,OANDA:GBPUSD,1.21684,1.21778,1.21578,1.21753,13357.0,Interval.in_2_hour,32335200.0,short,short,short,short,short,short,short,short,short,short,short,short,short,long,short,long,short,long,long,long,neutral,neutral,long,short,neutral,neutral,neutral,short,short,short,short,short,long,long,long,long,long,long,long,long,long,long,long,long,long,short,long,short,short,short,short,short,short,short,short,short,short
2500,2023-01-10 04:00:00,OANDA:GBPUSD,1.218,1.21866,1.2157,1.21684,17265.0,Interval.in_2_hour,32328000.0,long,short,short,short,short,short,short,short,short,short,short,short,short,short,long,short,long,short,long,long,long,neutral,long,short,short,short,short,short,short,short,short,long,long,long,long,long,long,long,long,long,long,long,long,long,long,long,short,long,short,short,short,short,short,short,short,short,short
2501,2023-01-10 02:00:00,OANDA:GBPUSD,1.2184,1.21983,1.21636,1.218,15155.0,Interval.in_2_hour,32320800.0,short,short,short,short,short,short,short,short,short,short,short,short,short,short,short,short,short,long,long,short,neutral,neutral,long,short,short,short,neutral,short,short,long,long,long,long,long,long,long,long,long,long,long,long,long,long,long,long,short,short,short,long,short,short,short,short,short,short,short,short
2502,2023-01-10 00:00:00,OANDA:GBPUSD,1.21852,1.21892,1.21799,1.2184,5004.0,Interval.in_2_hour,32313600.0,short,short,short,short,short,short,short,short,short,short,short,short,short,short,short,short,short,short,long,short,neutral,neutral,long,short,short,neutral,neutral,short,long,long,long,long,long,long,long,long,long,long,long,long,long,long,long,long,long,short,short,short,short,short,short,short,short,short,short,short,short
2503,2023-01-09 22:00:00,OANDA:GBPUSD,1.22037,1.22038,1.21778,1.21852,14248.0,Interval.in_2_hour,32306400.0,short,short,short,short,short,short,short,short,short,short,short,short,short,short,short,short,short,short,long,short,neutral,neutral,long,short,neutral,neutral,neutral,long,long,long,long,long,long,long,long,long,long,long,long,long,long,long,long,long,long,short,short,short,short,short,short,short,short,short,short,short,short
2504,2023-01-09 20:00:00,OANDA:GBPUSD,1.21947,1.22048,1.21762,1.22037,14753.0,Interval.in_2_hour,32299200.0,short,short,short,short,short,short,short,short,short,short,short,short,short,short,short,short,short,short,long,short,neutral,neutral,long,short,long,long,long,long,long,long,long,long,long,long,long,long,long,long,long,long,long,long,long,long,long,short,short,short,short,short,short,short,short,short,short,short,short
2505,2023-01-09 18:00:00,OANDA:GBPUSD,1.21912,1.2209,1.21742,1.21947,17806.0,Interval.in_2_hour,32292000.0,short,short,short,short,short,short,short,short,short,short,short,short,short,short,short,short,short,short,long,short,neutral,neutral,long,short,long,long,neutral,long,long,long,long,long,long,long,long,long,long,long,long,long,long,long,long,long,long,long,short,short,short,short,short,short,short,short,short,short,short
2506,2023-01-09 16:00:00,OANDA:GBPUSD,1.21682,1.221,1.21606,1.21912,26168.0,Interval.in_2_hour,32284800.0,short,short,short,short,short,short,short,short,short,short,short,short,short,short,short,short,short,short,long,short,neutral,neutral,long,short,long,neutral,neutral,long,long,long,long,long,long,long,long,long,long,long,long,long,long,long,long,long,long,long,long,short,short,short,short,short,short,short,short,short,short
2507,2023-01-09 14:00:00,OANDA:GBPUSD,1.21442,1.21886,1.21307,1.21682,20483.0,Interval.in_2_hour,32277600.0,short,short,short,short,short,short,short,long,short,short,short,short,short,short,short,short,short,short,long,short,neutral,neutral,long,short,neutral,neutral,neutral,long,long,long,long,long,long,long,long,long,long,long,long,long,long,long,long,long,long,long,long,long,long,long,long,long,long,short,long,short,short
2508,2023-01-09 12:00:00,OANDA:GBPUSD,1.2159,1.216,1.2112,1.21442,18683.0,Interval.in_2_hour,32270400.0,short,long,long,long,long,long,long,long,long,long,short,short,short,short,short,long,long,long,long,short,neutral,neutral,long,short,neutral,neutral,neutral,long,long,long,long,long,long,long,long,long,long,long,long,long,long,long,long,long,long,long,long,long,long,long,long,long,long,long,long,long,long
2509,2023-01-09 10:00:00,OANDA:GBPUSD,1.21399,1.21743,1.21356,1.2159,25097.0,Interval.in_2_hour,32263200.0,short,short,short,short,long,short,short,short,short,long,short,short,short,short,short,short,short,short,long,short,neutral,neutral,long,short,neutral,neutral,neutral,long,long,long,long,long,long,long,long,long,long,long,long,long,long,long,long,long,long,short,long,long,long,long,long,long,long,long,long,short,long
2510,2023-01-09 08:00:00,OANDA:GBPUSD,1.21466,1.21672,1.21256,1.21399,17617.0,Interval.in_2_hour,32256000.0,long,long,short,long,long,long,long,long,long,long,long,long,short,short,short,short,short,long,short,short,neutral,neutral,long,short,neutral,neutral,neutral,long,long,long,long,long,long,long,long,long,long,long,long,long,long,long,long,long,long,long,long,long,long,long,long,long,long,long,long,long,long
2511,2023-01-09 06:00:00,OANDA:GBPUSD,1.2123,1.21584,1.2122,1.21466,9940.0,Interval.in_2_hour,32248800.0,long,long,long,short,long,long,long,long,long,long,long,long,long,short,short,short,short,short,short,short,neutral,neutral,long,short,long,neutral,neutral,long,long,long,long,long,long,long,long,long,long,long,long,long,long,long,long,long,long,short,long,short,long,long,long,long,long,long,long,long,long
2512,2023-01-09 04:00:00,OANDA:GBPUSD,1.21137,1.21368,1.21121,1.2123,13837.0,Interval.in_2_hour,32241600.0,long,long,long,long,long,long,long,long,long,long,long,long,long,long,long,long,short,long,short,short,neutral,neutral,long,short,neutral,neutral,neutral,long,long,long,long,long,long,long,long,long,long,long,long,long,long,long,long,long,long,long,long,long,long,long,long,long,long,long,long,long,long
2513,2023-01-09 02:00:00,OANDA:GBPUSD,1.21202,1.21288,1.20936,1.21137,14996.0,Interval.in_2_hour,32234400.0,long,long,long,long,long,long,long,long,long,long,long,long,long,long,long,long,long,short,short,short,long,long,long,short,neutral,neutral,neutral,long,long,long,long,long,long,long,long,long,long,long,long,long,long,long,long,long,long,long,long,long,long,long,long,long,long,long,long,long,long
2514,2023-01-09 00:00:00,OANDA:GBPUSD,1.20926,1.21209,1.20859,1.21202,5472.0,Interval.in_2_hour,32227200.0,long,long,long,long,long,long,long,long,long,long,long,long,long,long,long,long,long,long,short,short,neutral,neutral,long,short,neutral,neutral,neutral,long,long,long,long,long,long,long,long,long,long,long,long,long,long,long,long,long,long,short,long,long,long,long,long,long,long,long,long,long,long
2515,2023-01-06 22:00:00,OANDA:GBPUSD,1.20967,1.20981,1.20883,1.20926,10386.0,Interval.in_2_hour,32047200.0,long,long,long,long,long,long,long,long,long,long,long,long,long,long,long,long,long,long,short,short,neutral,neutral,long,short,neutral,neutral,neutral,long,long,long,long,long,long,long,long,long,long,long,long,long,long,long,long,long,long,long,long,long,long,long,long,long,long,long,long,long,long
2516,2023-01-06 20:00:00,OANDA:GBPUSD,1.20846,1.20995,1.20708,1.20967,13775.0,Interval.in_2_hour,32040000.0,long,long,long,long,long,long,long,long,long,long,long,long,long,long,long,long,long,long,short,short,neutral,neutral,long,short,long,long,long,long,long,long,long,long,long,long,long,long,long,long,long,long,long,long,long,long,long,short,long,long,long,long,long,long,long,long,long,long,long
2517,2023-01-06 18:00:00,OANDA:GBPUSD,1.20464,1.2085,1.20353,1.20846,22783.0,Interval.in_2_hour,32032800.0,long,long,long,long,long,long,long,long,long,long,long,long,long,long,long,long,long,long,short,short,neutral,neutral,long,short,long,long,neutral,long,long,long,long,long,long,long,long,long,long,long,long,long,long,long,long,long,long,long,long,long,long,long,long,long,long,long,long,long,long
2518,2023-01-06 16:00:00,OANDA:GBPUSD,1.19261,1.20542,1.18786,1.20464,45476.0,Interval.in_2_hour,32025600.0,long,long,long,long,long,long,long,long,long,long,long,long,long,long,long,long,long,long,short,short,neutral,neutral,long,short,long,neutral,neutral,long,long,long,long,long,long,long,long,long,long,long,short,short,short,short,short,short,short,long,long,long,long,long,long,long,long,long,long,long,long
2519,2023-01-06 14:00:00,OANDA:GBPUSD,1.18477,1.19299,1.18453,1.19261,29011.0,Interval.in_2_hour,32018400.0,long,long,long,long,long,long,long,long,long,long,long,long,long,long,long,long,long,long,long,long,short,neutral,long,short,neutral,neutral,neutral,short,short,short,short,short,short,short,short,short,short,short,short,short,short,short,short,short,short,long,long,long,long,long,long,long,long,long,long,long,long
2520,2023-01-06 12:00:00,OANDA:GBPUSD,1.18581,1.18686,1.18413,1.18477,17856.0,Interval.in_2_hour,32011200.0,long,long,long,long,long,long,long,long,long,long,long,long,long,long,long,long,long,long,long,long,neutral,neutral,long,short,short,short,short,short,short,short,short,short,short,short,short,short,short,short,short,short,short,short,short,short,short,long,long,long,long,long,long,long,long,long,long,long,long
2521,2023-01-06 10:00:00,OANDA:GBPUSD,1.18907,1.19174,1.1854,1.18581,22920.0,Interval.in_2_hour,32004000.0,long,long,long,long,long,long,long,long,long,long,long,long,long,long,long,long,long,long,long,long,neutral,neutral,long,short,short,short,neutral,short,short,short,short,short,short,short,short,short,short,short,short,short,short,short,short,short,short,short,long,long,long,long,long,long,long,long,long,long,long
2522,2023-01-06 08:00:00,OANDA:GBPUSD,1.1904,1.19264,1.18859,1.18907,16705.0,Interval.in_2_hour,31996800.0,long,long,long,long,long,long,long,long,long,long,long,long,long,long,long,long,long,long,long,long,short,short,long,short,short,neutral,neutral,short,short,short,short,long,short,short,short,short,short,short,short,short,short,short,short,short,short,short,short,long,long,long,long,long,long,long,long,long,long
2523,2023-01-06 06:00:00,OANDA:GBPUSD,1.19286,1.19346,1.1899,1.1904,12170.0,Interval.in_2_hour,31989600.0,long,long,long,long,long,long,long,long,long,long,long,long,long,long,long,long,long,long,long,long,long,neutral,long,short,neutral,neutral,neutral,long,long,long,long,long,short,short,short,short,short,short,short,short,short,short,short,short,short,short,short,short,long,long,long,long,long,long,long,long,long
2524,2023-01-06 04:00:00,OANDA:GBPUSD,1.19186,1.19358,1.19183,1.19286,13552.0,Interval.in_2_hour,31982400.0,long,long,long,long,long,long,long,long,long,long,long,long,long,long,long,long,long,long,long,long,neutral,neutral,long,short,long,neutral,neutral,long,long,long,long,short,short,short,short,short,short,short,short,short,short,short,short,short,short,short,short,short,short,short,long,long,long,long,long,long,long
2525,2023-01-06 02:00:00,OANDA:GBPUSD,1.19091,1.19294,1.19078,1.19186,27627.0,Interval.in_2_hour,31975200.0,long,long,long,long,long,long,long,long,long,long,long,long,long,long,long,long,long,long,long,long,neutral,neutral,long,short,neutral,neutral,neutral,long,long,long,short,short,short,short,short,short,short,short,short,short,short,short,short,short,short,long,short,short,short,short,long,long,long,long,long,long,long
2526,2023-01-06 00:00:00,OANDA:GBPUSD,1.19098,1.1915,1.19013,1.19091,8430.0,Interval.in_2_hour,31968000.0,long,long,long,long,long,long,long,long,long,long,long,long,long,long,long,long,long,long,long,long,neutral,neutral,long,short,short,neutral,neutral,long,long,short,short,short,short,short,short,short,short,short,short,short,short,short,short,short,short,long,long,short,short,short,short,long,long,long,long,long,long
2527,2023-01-05 22:00:00,OANDA:GBPUSD,1.19176,1.19192,1.19062,1.19098,11573.0,Interval.in_2_hour,31960800.0,long,long,long,long,long,long,long,long,long,long,long,long,long,long,long,long,long,long,long,long,neutral,neutral,long,short,neutral,neutral,neutral,long,short,short,short,short,short,short,short,short,short,short,short,short,short,short,short,short,short,short,long,long,short,short,short,short,long,long,long,long,long
2528,2023-01-05 20:00:00,OANDA:GBPUSD,1.19073,1.19356,1.18973,1.19176,19317.0,Interval.in_2_hour,31953600.0,long,long,long,long,long,long,long,long,long,long,long,long,long,long,long,long,long,long,long,long,short,short,long,short,long,neutral,neutral,short,short,short,short,short,short,short,short,short,short,short,short,short,short,short,short,short,short,short,short,long,long,short,short,short,short,long,long,long,long
2529,2023-01-05 18:00:00,OANDA:GBPUSD,1.18814,1.19199,1.18786,1.19073,20907.0,Interval.in_2_hour,31946400.0,long,long,long,long,long,long,long,long,long,long,long,long,long,long,long,long,long,long,long,long,neutral,neutral,long,short,neutral,neutral,neutral,short,short,short,short,short,short,short,short,short,short,short,short,short,short,short,short,short,short,long,long,long,long,long,short,short,short,short,long,long,long
2530,2023-01-05 16:00:00,OANDA:GBPUSD,1.19199,1.19286,1.18736,1.18814,35305.0,Interval.in_2_hour,31939200.0,long,long,long,long,long,long,long,long,long,long,long,long,long,long,long,long,long,long,long,long,neutral,neutral,long,short,short,short,neutral,short,short,short,short,short,short,short,short,short,short,short,short,short,short,short,short,short,short,long,long,long,long,long,long,long,long,short,short,long,long
2531,2023-01-05 14:00:00,OANDA:GBPUSD,1.20226,1.20357,1.19174,1.19199,27252.0,Interval.in_2_hour,31932000.0,long,long,long,long,long,long,long,long,long,long,long,long,long,long,long,long,long,long,long,long,neutral,neutral,long,short,short,neutral,neutral,short,short,short,short,short,short,short,short,short,short,short,short,short,short,short,short,long,short,short,short,short,short,short,short,long,short,short,short,short,long
2532,2023-01-05 12:00:00,OANDA:GBPUSD,1.20304,1.20382,1.20119,1.20226,15982.0,Interval.in_2_hour,31924800.0,short,long,long,long,long,long,long,long,long,long,long,long,long,long,long,long,long,long,long,long,neutral,neutral,long,short,neutral,neutral,neutral,short,short,short,short,short,short,short,short,short,short,short,long,long,long,long,long,long,long,short,short,short,short,short,short,short,short,short,short,short,short
2533,2023-01-05 10:00:00,OANDA:GBPUSD,1.2008,1.20344,1.20003,1.20304,23078.0,Interval.in_2_hour,31917600.0,short,short,long,long,long,long,long,long,long,long,long,long,long,long,long,long,long,long,long,long,short,short,long,short,neutral,neutral,neutral,short,short,short,short,short,short,short,short,short,short,long,long,long,long,long,long,long,long,short,short,short,short,short,short,short,short,short,short,short,short
2534,2023-01-05 08:00:00,OANDA:GBPUSD,1.20376,1.20512,1.20002,1.2008,15035.0,Interval.in_2_hour,31910400.0,short,short,short,long,long,long,long,long,long,long,long,long,long,long,long,long,long,long,long,long,short,short,long,short,neutral,neutral,neutral,short,short,short,short,short,short,short,short,short,long,long,long,long,long,long,long,long,long,long,long,short,short,short,short,short,short,short,short,short,short
2535,2023-01-05 06:00:00,OANDA:GBPUSD,1.20366,1.20418,1.20312,1.20376,11455.0,Interval.in_2_hour,31903200.0,short,short,short,short,long,long,long,long,long,long,long,long,long,long,long,long,long,long,long,long,neutral,neutral,long,short,neutral,neutral,neutral,short,short,short,short,short,short,short,short,long,long,long,long,long,long,long,long,long,long,short,short,short,short,short,short,short,short,short,short,short,short
2536,2023-01-05 04:00:00,OANDA:GBPUSD,1.20632,1.20634,1.20353,1.20366,16207.0,Interval.in_2_hour,31896000.0,short,short,short,short,short,long,long,long,long,long,long,long,long,long,long,long,long,long,long,long,neutral,neutral,long,short,neutral,neutral,neutral,short,short,short,short,short,short,long,long,long,long,long,long,long,long,long,long,long,long,long,short,short,short,short,short,short,short,short,short,short,short
2537,2023-01-05 02:00:00,OANDA:GBPUSD,1.20562,1.20782,1.20504,1.20632,16453.0,Interval.in_2_hour,31888800.0,short,short,short,short,short,short,short,long,long,long,long,long,long,long,long,long,long,long,long,long,neutral,neutral,long,short,long,neutral,neutral,short,long,long,long,long,long,long,long,long,long,long,long,long,long,long,long,long,long,short,short,short,short,short,short,short,short,short,short,short,short
2538,2023-01-05 00:00:00,OANDA:GBPUSD,1.2056,1.2063,1.2054,1.20562,4372.0,Interval.in_2_hour,31881600.0,short,short,short,short,short,short,short,short,long,long,long,long,long,long,long,long,long,long,long,long,neutral,neutral,long,short,neutral,neutral,neutral,long,long,long,short,long,long,long,long,long,long,long,long,long,long,long,long,long,long,long,short,short,short,short,short,short,short,short,short,short,short
2539,2023-01-04 22:00:00,OANDA:GBPUSD,1.20596,1.20674,1.20547,1.2056,13734.0,Interval.in_2_hour,31874400.0,short,short,short,short,short,short,short,short,short,long,long,long,long,long,long,long,long,long,long,long,neutral,neutral,long,short,short,neutral,neutral,long,long,long,long,long,long,long,long,long,long,long,long,long,long,long,long,long,short,long,long,short,short,short,short,short,short,short,short,short,short
2540,2023-01-04 20:00:00,OANDA:GBPUSD,1.20658,1.2073,1.20417,1.20596,24192.0,Interval.in_2_hour,31867200.0,short,short,short,short,short,short,short,short,short,short,long,long,long,long,long,long,long,long,long,long,neutral,neutral,long,short,neutral,neutral,neutral,long,long,long,long,long,long,long,long,long,long,long,long,long,long,long,long,short,short,short,short,long,short,short,short,short,short,short,short,short,short
2541,2023-01-04 18:00:00,OANDA:GBPUSD,1.20448,1.20767,1.20194,1.20658,19975.0,Interval.in_2_hour,31860000.0,short,short,short,short,short,short,short,short,short,short,short,long,long,long,long,long,long,long,long,long,neutral,neutral,long,short,neutral,neutral,neutral,short,long,long,long,long,long,long,long,long,long,long,long,long,long,long,short,short,short,short,short,short,short,short,short,short,short,short,short,short,short
2542,2023-01-04 16:00:00,OANDA:GBPUSD,1.20566,1.20736,1.20141,1.20448,34465.0,Interval.in_2_hour,31852800.0,short,short,short,short,short,short,short,short,short,short,short,long,long,long,long,long,long,long,long,long,long,long,long,short,neutral,neutral,neutral,long,long,long,long,long,long,long,long,long,long,long,long,long,long,short,short,short,short,long,long,long,long,long,short,short,short,short,short,short,short
2543,2023-01-04 14:00:00,OANDA:GBPUSD,1.2055,1.20646,1.20293,1.20566,21076.0,Interval.in_2_hour,31845600.0,short,short,short,short,short,short,short,short,short,short,short,short,short,long,long,long,long,long,long,long,neutral,neutral,long,short,neutral,neutral,neutral,long,long,long,long,long,long,long,long,long,long,long,long,long,short,short,short,long,long,short,long,long,short,short,long,short,short,short,short,short,short
2544,2023-01-04 12:00:00,OANDA:GBPUSD,1.20604,1.20878,1.20382,1.2055,19025.0,Interval.in_2_hour,31838400.0,short,short,short,short,short,short,short,short,short,short,short,short,short,short,long,long,long,long,long,long,neutral,neutral,long,short,neutral,neutral,neutral,long,long,long,long,long,long,long,long,long,long,long,long,short,short,long,long,long,long,long,short,long,long,long,long,long,short,short,short,short,short
2545,2023-01-04 10:00:00,OANDA:GBPUSD,1.20266,1.20862,1.20256,1.20604,27557.0,Interval.in_2_hour,31831200.0,short,short,short,short,short,short,short,short,short,short,short,short,short,short,short,long,long,long,long,short,neutral,neutral,long,short,long,neutral,neutral,long,long,long,long,long,long,long,long,long,long,short,short,short,short,short,short,short,short,short,short,short,long,short,short,short,long,short,short,short,short
2546,2023-01-04 08:00:00,OANDA:GBPUSD,1.19848,1.20408,1.19715,1.20266,19958.0,Interval.in_2_hour,31824000.0,long,short,short,short,short,short,short,short,short,short,short,short,short,short,short,long,long,long,long,long,neutral,neutral,long,short,neutral,neutral,neutral,long,long,long,long,long,long,long,long,long,short,short,short,short,short,short,short,short,short,long,long,long,long,long,long,long,long,long,long,long,short
2547,2023-01-04 06:00:00,OANDA:GBPUSD,1.19894,1.20008,1.1979,1.19848,13891.0,Interval.in_2_hour,31816800.0,long,long,long,short,short,short,short,short,short,short,short,short,short,short,short,short,long,long,long,long,long,long,long,short,short,neutral,neutral,long,long,long,long,short,long,long,long,short,short,short,short,short,short,short,short,short,short,long,long,long,long,long,long,long,long,long,long,long,long
2548,2023-01-04 04:00:00,OANDA:GBPUSD,1.1994,1.20013,1.1984,1.19894,10927.0,Interval.in_2_hour,31809600.0,long,long,long,long,short,short,short,short,short,short,short,short,short,short,short,short,short,long,long,long,neutral,neutral,long,short,neutral,neutral,neutral,long,long,long,short,long,long,long,short,short,short,short,short,short,short,short,short,short,short,short,long,long,long,long,long,long,long,long,long,long,long
2549,2023-01-04 02:00:00,OANDA:GBPUSD,1.19661,1.19968,1.19654,1.1994,15881.0,Interval.in_2_hour,31802400.0,long,long,long,long,long,short,short,short,short,short,short,short,short,short,short,short,short,short,long,long,neutral,neutral,long,short,neutral,neutral,neutral,long,short,short,long,long,long,short,short,short,short,short,short,short,short,short,short,short,short,short,short,long,long,long,long,long,long,long,long,long,long
2550,2023-01-04 00:00:00,OANDA:GBPUSD,1.19676,1.19762,1.19583,1.19661,8488.0,Interval.in_2_hour,31795200.0,long,long,long,long,long,long,short,short,short,short,short,short,short,short,short,short,short,short,long,long,neutral,neutral,long,short,short,neutral,neutral,short,short,long,long,short,short,short,short,short,short,short,short,short,short,short,short,short,short,long,long,long,long,long,long,long,long,long,long,long,long
2551,2023-01-03 22:00:00,OANDA:GBPUSD,1.19841,1.19918,1.19652,1.19676,11158.0,Interval.in_2_hour,31788000.0,long,long,long,long,long,long,long,short,short,short,short,short,short,short,short,short,short,short,long,long,neutral,neutral,long,short,neutral,neutral,neutral,short,long,long,short,short,short,short,short,short,short,short,short,short,short,short,short,short,short,short,long,long,long,long,long,long,long,long,long,long,long
2552,2023-01-03 20:00:00,OANDA:GBPUSD,1.19646,1.19878,1.19624,1.19841,14299.0,Interval.in_2_hour,31780800.0,long,long,long,long,long,long,long,long,short,short,short,short,short,short,short,short,short,short,long,long,short,short,long,short,neutral,neutral,neutral,long,long,short,short,short,short,short,short,short,short,short,short,short,short,short,short,short,short,short,short,long,long,long,long,long,long,long,long,long,long
2553,2023-01-03 18:00:00,OANDA:GBPUSD,1.2009,1.20118,1.19528,1.19646,21997.0,Interval.in_2_hour,31773600.0,long,long,long,long,long,long,long,long,long,short,short,short,short,short,short,short,short,short,long,long,long,long,long,short,neutral,neutral,neutral,long,long,short,short,short,short,short,short,short,short,short,short,short,short,short,short,short,short,long,long,long,long,long,long,long,long,long,long,long,long
2554,2023-01-03 16:00:00,OANDA:GBPUSD,1.19931,1.20576,1.19834,1.2009,30894.0,Interval.in_2_hour,31766400.0,long,long,long,long,long,long,long,short,long,long,short,short,short,short,short,short,short,short,long,long,neutral,neutral,long,short,long,long,neutral,long,short,short,short,short,short,short,short,short,short,short,short,short,short,short,short,short,short,short,short,short,short,short,short,short,long,long,long,long,long
2555,2023-01-03 14:00:00,OANDA:GBPUSD,1.19316,1.20101,1.19242,1.19931,22045.0,Interval.in_2_hour,31759200.0,long,long,long,long,long,long,long,long,long,long,long,short,short,short,short,short,short,short,long,long,short,short,long,short,long,neutral,neutral,short,short,short,short,short,short,short,short,short,short,short,short,short,short,short,short,short,short,long,short,short,short,short,long,short,short,long,long,long,long
2556,2023-01-03 12:00:00,OANDA:GBPUSD,1.1924,1.19456,1.19052,1.19316,20129.0,Interval.in_2_hour,31752000.0,long,long,long,long,long,long,long,long,long,long,long,long,short,short,short,short,short,short,long,long,neutral,neutral,long,short,neutral,neutral,neutral,short,short,short,short,short,short,short,short,short,short,short,short,short,short,short,short,short,short,long,long,long,long,long,long,long,long,long,long,long,long
2557,2023-01-03 10:00:00,OANDA:GBPUSD,1.20286,1.20324,1.19002,1.1924,33484.0,Interval.in_2_hour,31744800.0,long,long,long,long,long,long,long,long,long,long,long,long,long,short,short,short,short,short,long,long,neutral,neutral,long,short,short,short,neutral,short,short,short,short,short,short,short,short,short,short,short,short,short,short,short,short,short,short,long,long,long,long,long,long,long,long,long,long,long,long
2558,2023-01-03 08:00:00,OANDA:GBPUSD,1.20695,1.20794,1.20223,1.20286,19976.0,Interval.in_2_hour,31737600.0,long,long,long,long,long,long,long,long,long,long,long,short,long,short,short,short,short,short,long,long,neutral,neutral,long,short,short,neutral,neutral,short,short,long,long,long,long,short,short,short,short,short,short,short,short,short,short,short,long,short,short,short,short,short,short,short,short,short,short,short,short
2559,2023-01-03 06:00:00,OANDA:GBPUSD,1.20744,1.20848,1.20634,1.20695,12714.0,Interval.in_2_hour,31730400.0,short,short,short,short,short,short,short,short,short,short,short,short,short,short,short,short,short,short,long,long,long,long,long,short,neutral,neutral,neutral,long,long,long,long,long,long,long,long,long,short,short,short,short,short,short,long,long,long,short,short,short,short,short,short,short,short,short,short,short,short
2560,2023-01-03 04:00:00,OANDA:GBPUSD,1.20511,1.2085,1.20498,1.20744,16703.0,Interval.in_2_hour,31723200.0,short,short,short,short,short,short,short,short,short,short,short,short,short,short,short,short,short,short,long,long,short,neutral,long,short,neutral,neutral,neutral,long,long,long,long,long,long,long,short,short,short,short,short,short,short,short,long,long,long,short,short,short,short,short,short,short,short,short,short,short,short
2561,2023-01-03 02:00:00,OANDA:GBPUSD,1.2063,1.2066,1.20352,1.20511,17878.0,Interval.in_2_hour,31716000.0,short,short,short,long,long,long,short,long,long,long,long,long,short,short,short,short,short,short,long,long,neutral,neutral,long,short,neutral,neutral,neutral,long,long,long,long,long,long,short,short,short,short,short,short,short,short,long,long,long,long,long,long,short,short,short,short,short,short,short,short,short,short
2562,2023-01-03 00:00:00,OANDA:GBPUSD,1.20483,1.20764,1.2043,1.2063,6814.0,Interval.in_2_hour,31708800.0,short,short,short,short,short,short,short,short,long,short,short,short,long,short,short,short,short,short,long,long,short,neutral,long,short,long,neutral,neutral,long,long,long,long,long,short,short,short,short,short,short,short,short,long,long,long,long,short,short,long,long,short,short,short,short,short,short,short,short,short
2563,2023-01-02 22:00:00,OANDA:GBPUSD,1.20464,1.2051,1.20461,1.20483,517.0,Interval.in_2_hour,31701600.0,short,short,short,short,short,long,long,long,short,long,long,long,long,long,short,short,short,short,long,long,short,neutral,long,short,neutral,neutral,neutral,short,short,short,short,short,short,short,short,short,short,short,short,long,long,long,short,short,long,long,long,long,long,short,short,short,short,short,short,short,short
2564,2023-01-02 20:00:00,OANDA:GBPUSD,1.20478,1.20483,1.20445,1.20464,1574.0,Interval.in_2_hour,31694400.0,short,short,short,short,short,short,long,long,long,short,long,long,long,long,long,short,short,short,long,long,neutral,neutral,long,short,neutral,neutral,neutral,short,short,short,short,short,short,short,short,short,short,short,long,long,long,short,short,long,short,long,long,long,long,long,short,short,short,short,short,short,short
2565,2023-01-02 18:00:00,OANDA:GBPUSD,1.20444,1.20488,1.20346,1.20478,9952.0,Interval.in_2_hour,31687200.0,short,short,short,short,short,short,short,long,long,long,short,long,long,long,long,long,short,short,long,long,neutral,neutral,long,short,neutral,neutral,neutral,short,short,short,short,short,short,short,short,short,short,long,long,long,short,short,long,short,short,short,long,long,long,long,long,short,short,short,short,short,short
2566,2023-01-02 16:00:00,OANDA:GBPUSD,1.20512,1.20532,1.20432,1.20444,1976.0,Interval.in_2_hour,31680000.0,short,short,short,short,short,short,short,short,long,long,long,long,long,long,long,long,long,short,long,long,neutral,neutral,long,short,short,neutral,neutral,short,short,short,short,short,short,short,short,short,long,long,long,short,short,long,short,short,short,long,long,long,long,long,long,long,short,short,short,short,short
2567,2023-01-02 14:00:00,OANDA:GBPUSD,1.20532,1.2054,1.20509,1.20512,2292.0,Interval.in_2_hour,31672800.0,short,short,short,short,short,short,short,short,short,long,long,long,short,long,long,long,long,long,long,long,neutral,neutral,long,short,neutral,neutral,neutral,short,short,short,short,short,short,short,short,long,long,long,long,short,long,short,short,short,short,short,short,short,short,long,short,long,long,short,short,short,short
2568,2023-01-02 12:00:00,OANDA:GBPUSD,1.20466,1.20548,1.20459,1.20532,7755.0,Interval.in_2_hour,31665600.0,short,short,short,short,short,short,short,short,short,short,long,long,long,short,long,long,long,long,long,long,neutral,neutral,long,short,neutral,neutral,neutral,short,short,short,short,short,short,short,long,long,long,long,short,long,short,short,short,short,short,short,short,short,short,short,long,short,long,long,short,short,short
2569,2023-01-02 10:00:00,OANDA:GBPUSD,1.20626,1.20778,1.20434,1.20466,16167.0,Interval.in_2_hour,31658400.0,short,short,short,short,short,short,short,short,short,short,short,long,long,long,short,long,long,long,long,long,neutral,neutral,long,short,short,short,short,short,short,short,short,short,short,long,long,long,long,short,long,long,short,short,short,short,short,long,long,short,long,short,long,long,long,long,long,short,short
2570,2023-01-02 08:00:00,OANDA:GBPUSD,1.20757,1.20787,1.20602,1.20626,5190.0,Interval.in_2_hour,31651200.0,short,short,short,short,short,short,short,short,short,short,short,short,short,short,short,short,long,short,long,long,neutral,neutral,long,short,short,short,short,short,short,short,short,long,long,long,long,long,long,long,long,long,long,long,short,long,long,short,short,short,short,short,short,short,long,short,long,long,short
2571,2023-01-02 06:00:00,OANDA:GBPUSD,1.20769,1.20805,1.20734,1.20757,161.0,Interval.in_2_hour,31644000.0,short,short,short,short,short,short,short,short,short,short,short,short,short,short,short,short,short,short,long,long,neutral,neutral,long,short,short,short,neutral,short,short,short,long,long,long,long,long,long,long,long,long,long,long,long,long,long,long,short,short,short,short,short,short,short,short,short,short,short,short
2572,2023-01-02 04:00:00,OANDA:GBPUSD,1.20882,1.20882,1.20757,1.20769,81.0,Interval.in_2_hour,31636800.0,short,short,short,short,short,short,short,short,short,short,short,short,short,short,short,short,short,short,long,long,neutral,neutral,long,short,short,neutral,neutral,long,long,long,long,long,long,long,long,long,long,long,long,long,long,long,long,long,long,short,short,short,short,short,short,short,short,short,short,short,short
2573,2023-01-02 02:00:00,OANDA:GBPUSD,1.21013,1.2106,1.20836,1.20882,1263.0,Interval.in_2_hour,31629600.0,short,short,short,short,short,short,short,short,short,short,short,short,short,short,short,short,short,short,long,long,neutral,neutral,long,short,neutral,neutral,neutral,long,long,long,long,long,long,long,long,long,long,long,long,long,long,long,long,long,long,short,short,short,short,short,short,short,short,short,short,short,short
2574,2023-01-02 00:00:00,OANDA:GBPUSD,1.20978,1.21026,1.20677,1.21013,47.0,Interval.in_2_hour,31622400.0,short,short,short,short,short,short,short,short,short,short,short,short,short,short,short,short,short,short,long,long,neutral,neutral,long,short,long,neutral,neutral,long,long,long,long,long,long,long,long,long,long,long,long,long,long,long,long,long,long,short,short,short,short,short,short,short,short,short,short,short,short
2575,2022-12-30 22:00:00,OANDA:GBPUSD,1.20641,1.20998,1.20632,1.20978,13026.0,Interval.in_2_hour,31442400.0,short,short,short,short,short,short,short,short,short,short,short,short,short,short,short,short,short,short,long,long,neutral,neutral,long,short,neutral,neutral,neutral,long,long,long,long,long,long,long,long,long,long,long,long,long,long,long,long,long,long,long,short,short,short,short,short,short,short,short,short,short,short
2576,2022-12-30 20:00:00,OANDA:GBPUSD,1.20984,1.20998,1.20598,1.20641,19112.0,Interval.in_2_hour,31435200.0,short,short,short,long,long,short,short,short,short,short,short,short,short,short,short,short,short,short,long,long,neutral,neutral,long,short,neutral,neutral,neutral,long,long,long,long,long,long,long,long,long,long,long,long,long,long,long,long,long,long,long,long,long,long,long,short,short,short,short,short,short,short
2577,2022-12-30 18:00:00,OANDA:GBPUSD,1.20293,1.21002,1.20254,1.20984,19450.0,Interval.in_2_hour,31428000.0,short,short,short,short,short,short,short,short,short,short,short,short,short,short,short,short,short,short,long,long,neutral,neutral,long,short,neutral,neutral,neutral,long,long,long,long,long,long,long,long,short,long,long,long,long,long,long,long,long,long,short,short,long,short,short,short,short,short,short,short,short,short
2578,2022-12-30 16:00:00,OANDA:GBPUSD,1.20522,1.21076,1.20159,1.20293,33631.0,Interval.in_2_hour,31420800.0,long,long,long,long,long,long,long,short,short,short,short,short,short,short,short,short,short,short,long,long,neutral,neutral,long,short,neutral,neutral,neutral,short,short,short,short,short,short,short,short,short,short,long,short,short,long,long,long,long,long,long,long,long,long,long,long,long,long,long,long,long,long
2579,2022-12-30 14:00:00,OANDA:GBPUSD,1.2039,1.20558,1.201,1.20522,19031.0,Interval.in_2_hour,31413600.0,short,short,short,short,long,short,long,long,short,short,short,short,short,short,short,short,short,short,long,long,neutral,neutral,long,short,long,neutral,neutral,short,long,short,short,short,short,short,short,short,long,long,long,long,long,long,long,long,long,short,long,long,long,long,long,long,long,long,short,long,short
2580,2022-12-30 12:00:00,OANDA:GBPUSD,1.2032,1.20656,1.20298,1.2039,16324.0,Interval.in_2_hour,31406400.0,long,long,long,long,long,long,long,long,long,short,short,short,short,short,short,short,short,short,long,long,neutral,neutral,long,short,neutral,neutral,neutral,short,short,short,short,short,short,short,short,short,short,short,short,short,short,long,long,long,short,long,short,long,long,long,long,long,long,long,long,long,long
2581,2022-12-30 10:00:00,OANDA:GBPUSD,1.20674,1.2075,1.20272,1.2032,18195.0,Interval.in_2_hour,31399200.0,long,long,long,long,long,long,long,long,long,long,short,short,short,short,short,short,short,short,long,long,long,neutral,long,short,neutral,neutral,neutral,short,short,short,short,short,short,short,long,long,long,long,long,long,long,long,long,long,long,long,long,short,long,long,long,long,long,long,long,long,long
2582,2022-12-30 08:00:00,OANDA:GBPUSD,1.20444,1.20718,1.20294,1.20674,12209.0,Interval.in_2_hour,31392000.0,short,short,short,short,short,short,short,short,short,long,long,short,short,short,short,short,short,short,long,long,neutral,neutral,long,short,neutral,neutral,neutral,short,long,short,short,short,long,long,long,long,long,long,long,long,long,long,long,long,short,short,short,short,short,long,short,long,long,long,long,long,short
2583,2022-12-30 06:00:00,OANDA:GBPUSD,1.20461,1.20559,1.20389,1.20444,9899.0,Interval.in_2_hour,31384800.0,long,long,long,long,long,long,long,long,long,long,long,long,short,short,short,short,short,short,long,long,short,short,long,short,short,neutral,neutral,short,short,short,short,short,long,long,long,long,long,long,long,long,long,long,long,short,short,long,short,short,long,short,long,long,long,long,long,long,long
2584,2022-12-30 04:00:00,OANDA:GBPUSD,1.20597,1.20597,1.20414,1.20461,11097.0,Interval.in_2_hour,31377600.0,long,long,long,long,long,short,long,long,long,long,long,long,long,short,short,short,short,short,long,long,neutral,neutral,long,short,neutral,neutral,neutral,short,short,short,long,long,long,long,long,long,long,long,long,long,long,long,short,short,short,short,long,short,short,long,short,long,long,long,long,long,long
2585,2022-12-30 02:00:00,OANDA:GBPUSD,1.20554,1.20671,1.20522,1.20597,13406.0,Interval.in_2_hour,31370400.0,long,long,long,short,short,short,short,short,short,short,long,short,long,long,short,short,short,short,long,long,neutral,neutral,long,short,long,neutral,neutral,short,short,long,long,long,long,long,long,long,long,long,long,long,long,short,short,long,long,short,short,long,short,short,short,short,long,long,long,long,long
2586,2022-12-30 00:00:00,OANDA:GBPUSD,1.20548,1.20612,1.20488,1.20554,2729.0,Interval.in_2_hour,31363200.0,long,long,long,long,short,short,short,short,short,short,short,long,short,long,long,short,short,short,long,long,short,short,long,short,neutral,neutral,neutral,short,long,long,long,long,long,long,long,long,long,long,long,long,short,short,long,long,long,long,short,short,long,short,short,short,short,long,long,long,long
2587,2022-12-29 22:00:00,OANDA:GBPUSD,1.20712,1.20725,1.20542,1.20548,9190.0,Interval.in_2_hour,31356000.0,long,long,long,long,long,short,short,short,short,short,short,short,long,short,long,long,short,short,long,long,neutral,neutral,long,short,neutral,neutral,neutral,long,long,long,long,long,long,long,long,long,long,long,long,long,short,long,long,long,long,long,long,short,short,long,short,short,short,short,long,long,long
2588,2022-12-29 20:00:00,OANDA:GBPUSD,1.20684,1.20742,1.2057,1.20712,11237.0,Interval.in_2_hour,31348800.0,long,long,long,long,long,short,short,short,short,short,short,short,short,short,short,long,short,short,long,long,neutral,neutral,long,short,long,long,long,long,long,long,long,long,long,long,long,long,long,long,long,short,long,long,long,long,long,short,short,short,short,short,short,short,short,short,short,long,short
2589,2022-12-29 18:00:00,OANDA:GBPUSD,1.20544,1.20761,1.20484,1.20684,16281.0,Interval.in_2_hour,31341600.0,short,long,long,long,long,long,short,short,short,short,short,short,short,short,short,short,long,long,long,long,neutral,neutral,long,short,long,long,neutral,long,long,long,long,long,long,long,long,long,long,long,short,long,long,long,long,long,long,long,short,short,short,short,short,short,short,short,short,short,long
2590,2022-12-29 16:00:00,OANDA:GBPUSD,1.20497,1.20788,1.2023,1.20544,27685.0,Interval.in_2_hour,31334400.0,long,long,long,long,long,long,long,long,short,short,short,short,short,short,short,long,short,long,long,long,short,short,long,short,long,neutral,neutral,long,long,long,long,long,long,long,long,long,short,short,short,long,long,long,long,long,long,long,long,long,long,long,short,short,long,short,short,short,short
2591,2022-12-29 14:00:00,OANDA:GBPUSD,1.20296,1.20596,1.20198,1.20497,18305.0,Interval.in_2_hour,31327200.0,short,long,long,long,long,long,long,long,long,short,long,long,short,short,short,short,long,long,long,long,short,short,long,short,neutral,neutral,neutral,long,long,long,long,long,long,long,short,short,short,short,long,long,long,long,long,long,long,long,long,long,long,long,long,short,short,long,short,short,long
2592,2022-12-29 12:00:00,OANDA:GBPUSD,1.20555,1.20558,1.20222,1.20296,14858.0,Interval.in_2_hour,31320000.0,long,short,long,long,long,long,long,long,long,long,long,long,long,long,long,long,long,long,long,long,neutral,neutral,long,short,neutral,neutral,neutral,long,long,long,long,long,long,long,short,short,short,long,long,long,long,long,long,long,long,long,long,long,long,long,long,long,long,long,long,long,long
2593,2022-12-29 10:00:00,OANDA:GBPUSD,1.20346,1.20636,1.20298,1.20555,18143.0,Interval.in_2_hour,31312800.0,short,short,short,long,long,long,long,long,long,long,long,short,short,short,short,short,short,short,long,long,neutral,neutral,long,short,neutral,neutral,neutral,long,long,long,long,long,long,short,short,short,long,long,long,long,long,long,long,long,long,short,short,short,long,long,short,short,long,short,short,long,short
2594,2022-12-29 08:00:00,OANDA:GBPUSD,1.20382,1.20414,1.20146,1.20346,12535.0,Interval.in_2_hour,31305600.0,short,long,long,short,long,long,long,long,long,long,long,long,long,long,long,long,long,long,long,long,neutral,neutral,long,short,neutral,neutral,neutral,long,long,long,long,short,short,short,short,short,long,long,long,long,long,long,long,long,long,long,short,long,long,long,long,long,long,long,long,long,long
2595,2022-12-29 06:00:00,OANDA:GBPUSD,1.20377,1.20432,1.2028,1.20382,11301.0,Interval.in_2_hour,31298400.0,long,short,long,long,short,long,long,long,long,long,long,long,long,long,long,long,long,long,long,long,neutral,neutral,long,short,neutral,neutral,neutral,long,long,long,short,short,short,short,long,long,long,long,long,long,long,long,long,long,long,short,long,short,long,long,long,long,long,long,long,long,long
2596,2022-12-29 04:00:00,OANDA:GBPUSD,1.20408,1.20461,1.20333,1.20377,12317.0,Interval.in_2_hour,31291200.0,long,long,short,long,long,short,long,long,long,long,long,long,long,long,long,long,long,long,long,long,neutral,neutral,long,short,neutral,neutral,neutral,long,long,short,short,short,short,long,long,long,long,long,long,long,long,long,long,long,short,long,short,long,short,long,long,long,long,long,long,long,long
2597,2022-12-29 02:00:00,OANDA:GBPUSD,1.20281,1.20514,1.20281,1.20408,11465.0,Interval.in_2_hour,31284000.0,long,long,long,short,short,long,short,long,long,long,long,long,long,long,long,long,long,long,long,long,neutral,neutral,long,short,long,neutral,neutral,short,short,short,short,short,short,short,long,long,long,long,long,long,long,long,long,short,short,short,short,short,long,short,long,long,long,long,long,long,long
2598,2022-12-29 00:00:00,OANDA:GBPUSD,1.20194,1.2032,1.20149,1.20281,12467.0,Interval.in_2_hour,31276800.0,long,long,long,long,long,long,long,long,long,long,long,long,long,long,long,long,long,long,long,long,neutral,neutral,long,short,neutral,neutral,neutral,short,short,short,short,short,short,long,long,short,short,short,long,long,long,short,short,short,short,long,long,long,long,long,long,long,long,long,long,long,long
2599,2022-12-28 22:00:00,OANDA:GBPUSD,1.20276,1.20277,1.20166,1.20194,9485.0,Interval.in_2_hour,31269600.0,long,long,long,long,long,long,long,long,long,long,long,long,long,long,long,long,long,long,long,long,neutral,neutral,long,short,short,neutral,neutral,short,short,short,short,short,long,long,short,short,short,long,long,long,short,short,short,short,short,long,long,long,long,long,long,long,long,long,long,long,long
2600,2022-12-28 20:00:00,OANDA:GBPUSD,1.20442,1.20544,1.20225,1.20276,13039.0,Interval.in_2_hour,31262400.0,long,long,long,long,long,long,long,long,long,long,long,long,long,long,long,long,long,long,long,long,short,short,long,short,neutral,neutral,neutral,short,short,short,long,long,long,long,long,long,long,long,long,long,short,short,short,short,short,short,long,long,long,long,long,long,long,long,long,long,long
2601,2022-12-28 18:00:00,OANDA:GBPUSD,1.20355,1.20456,1.20224,1.20442,17400.0,Interval.in_2_hour,31255200.0,long,long,long,long,long,long,long,short,short,long,short,long,long,long,long,long,long,long,long,long,neutral,neutral,long,short,neutral,neutral,neutral,short,long,long,long,long,long,long,long,long,long,long,long,short,short,short,short,short,short,short,short,short,short,short,short,short,long,short,long,long,long
2602,2022-12-28 16:00:00,OANDA:GBPUSD,1.20844,1.21258,1.20307,1.20355,24902.0,Interval.in_2_hour,31248000.0,long,long,long,long,long,long,long,long,short,long,long,short,long,long,long,long,long,long,long,long,long,neutral,long,short,neutral,neutral,neutral,long,long,long,long,long,long,long,long,long,long,long,long,short,short,short,short,short,short,long,short,short,short,long,long,long,short,long,short,long,long
2603,2022-12-28 14:00:00,OANDA:GBPUSD,1.20768,1.21002,1.20734,1.20844,18297.0,Interval.in_2_hour,31240800.0,short,short,short,short,short,short,short,short,short,short,short,short,short,long,short,long,long,long,long,long,neutral,neutral,long,short,long,neutral,neutral,long,long,long,long,long,long,long,long,long,long,long,long,short,short,short,short,long,long,short,short,short,short,short,short,short,short,short,short,short,short
2604,2022-12-28 12:00:00,OANDA:GBPUSD,1.20296,1.20904,1.20266,1.20768,16415.0,Interval.in_2_hour,31233600.0,short,short,short,short,short,short,short,short,short,short,short,short,short,short,long,short,long,long,long,long,short,neutral,long,short,neutral,neutral,neutral,long,long,long,long,long,long,long,long,long,long,short,short,short,short,short,short,long,long,long,short,short,short,short,short,short,short,short,short,short,short
2605,2022-12-28 10:00:00,OANDA:GBPUSD,1.2045,1.2054,1.20176,1.20296,16707.0,Interval.in_2_hour,31226400.0,long,long,long,long,long,long,long,long,long,long,long,long,long,long,short,long,long,long,long,long,neutral,neutral,long,short,neutral,neutral,neutral,long,long,long,long,long,long,long,long,short,short,short,short,short,short,short,short,short,short,long,long,long,long,short,short,short,long,long,long,long,long
2606,2022-12-28 08:00:00,OANDA:GBPUSD,1.20255,1.20552,1.20234,1.2045,13650.0,Interval.in_2_hour,31219200.0,long,short,long,long,long,long,long,long,long,long,short,long,short,short,long,short,long,long,long,long,neutral,neutral,long,short,long,neutral,neutral,long,long,long,long,long,long,long,short,short,short,short,short,short,short,short,short,short,short,short,long,long,short,short,short,short,short,short,short,short,short
2607,2022-12-28 06:00:00,OANDA:GBPUSD,1.20057,1.20296,1.20054,1.20255,12530.0,Interval.in_2_hour,31212000.0,long,long,long,long,long,long,long,long,long,long,long,long,long,long,long,long,long,long,long,long,short,short,long,short,neutral,neutral,neutral,short,short,short,short,short,short,short,short,short,short,short,short,short,short,short,short,short,short,long,long,long,long,long,long,long,short,long,long,long,long
2608,2022-12-28 04:00:00,OANDA:GBPUSD,1.20274,1.20278,1.20022,1.20057,13412.0,Interval.in_2_hour,31204800.0,long,long,long,long,long,long,long,long,long,long,long,long,long,long,long,long,long,long,long,long,neutral,neutral,long,short,neutral,neutral,neutral,short,short,short,short,short,short,short,short,short,short,short,short,short,short,short,short,short,short,long,long,long,long,long,long,long,long,long,long,long,long
2609,2022-12-28 02:00:00,OANDA:GBPUSD,1.20265,1.20317,1.20081,1.20274,15810.0,Interval.in_2_hour,31197600.0,long,long,long,long,long,long,long,long,long,long,long,long,long,long,long,long,long,long,long,long,neutral,neutral,long,short,neutral,neutral,neutral,long,long,long,short,short,short,short,short,short,short,short,short,short,short,short,short,short,short,short,short,long,long,long,long,long,long,long,short,long,long
2610,2022-12-28 00:00:00,OANDA:GBPUSD,1.2032,1.20336,1.20235,1.20265,2905.0,Interval.in_2_hour,31190400.0,long,long,long,long,long,long,long,long,long,long,long,long,long,long,long,long,long,long,long,long,neutral,neutral,long,short,neutral,neutral,neutral,long,long,short,short,short,short,short,short,short,short,short,short,short,short,short,short,short,short,long,short,short,long,long,long,long,long,long,long,short,long
2611,2022-12-27 22:00:00,OANDA:GBPUSD,1.20303,1.20328,1.20223,1.2032,7083.0,Interval.in_2_hour,31183200.0,short,long,long,long,long,long,short,long,long,long,long,long,long,long,long,long,long,long,long,long,neutral,neutral,long,short,long,neutral,neutral,long,long,short,short,short,short,short,short,short,short,short,short,short,short,short,short,short,short,short,short,short,short,long,short,long,long,long,long,short,short
2612,2022-12-27 20:00:00,OANDA:GBPUSD,1.20141,1.20366,1.20116,1.20303,11384.0,Interval.in_2_hour,31176000.0,short,short,long,long,long,long,long,short,long,long,long,long,long,long,long,long,long,long,long,long,neutral,neutral,long,short,neutral,neutral,neutral,short,short,short,short,short,short,short,short,short,short,short,short,short,short,short,short,short,short,long,short,short,short,short,long,short,long,long,long,long,short
2613,2022-12-27 18:00:00,OANDA:GBPUSD,1.20214,1.20322,1.20084,1.20141,15877.0,Interval.in_2_hour,31168800.0,long,long,long,long,long,long,long,long,long,long,long,long,long,long,long,long,long,long,long,long,neutral,neutral,long,short,short,short,short,short,short,short,short,short,short,short,short,short,short,short,short,short,short,short,short,short,short,long,long,long,long,short,long,long,long,long,long,long,long
2614,2022-12-27 16:00:00,OANDA:GBPUSD,1.20242,1.20481,1.20025,1.20214,22490.0,Interval.in_2_hour,31161600.0,long,long,short,long,long,long,long,long,long,long,long,long,long,long,long,long,long,long,long,long,short,short,long,short,short,short,short,short,short,short,short,short,short,short,short,short,short,short,short,short,short,short,short,short,short,short,long,long,long,long,short,long,long,long,long,long,long
2615,2022-12-27 14:00:00,OANDA:GBPUSD,1.20378,1.20466,1.20206,1.20242,19441.0,Interval.in_2_hour,31154400.0,long,long,long,short,long,long,long,long,long,long,long,long,long,long,long,long,long,long,long,long,neutral,neutral,long,short,short,short,short,short,short,short,short,short,short,short,short,short,short,short,short,short,short,short,short,short,short,short,short,long,long,long,long,short,long,long,long,long,long
2616,2022-12-27 12:00:00,OANDA:GBPUSD,1.20622,1.20738,1.20311,1.20378,14791.0,Interval.in_2_hour,31147200.0,long,short,long,short,short,short,long,short,long,short,long,short,long,long,long,long,long,long,long,long,neutral,neutral,long,short,short,short,neutral,short,short,short,short,long,long,short,short,short,short,short,short,long,long,long,long,long,long,short,short,short,short,short,short,short,short,short,long,short,long
2617,2022-12-27 10:00:00,OANDA:GBPUSD,1.2092,1.2092,1.20523,1.20622,16593.0,Interval.in_2_hour,31140000.0,long,long,short,short,short,short,short,short,short,short,short,short,short,short,short,long,long,short,long,long,long,neutral,long,short,short,neutral,neutral,short,short,long,long,long,long,long,long,long,long,long,long,long,long,long,long,long,long,short,short,short,short,short,short,short,short,short,short,short,short
2618,2022-12-27 08:00:00,OANDA:GBPUSD,1.20952,1.21126,1.20826,1.2092,13459.0,Interval.in_2_hour,31132800.0,short,short,short,short,short,short,short,short,short,short,short,short,short,short,short,short,short,short,long,long,neutral,neutral,long,short,neutral,neutral,neutral,long,long,long,long,long,long,long,long,long,long,long,long,long,long,long,long,long,long,short,short,short,short,short,short,short,short,short,short,short,short
2619,2022-12-27 06:00:00,OANDA:GBPUSD,1.20824,1.20992,1.20803,1.20952,9574.0,Interval.in_2_hour,31125600.0,short,short,short,short,short,short,short,short,short,short,short,short,short,short,short,short,short,short,long,long,neutral,neutral,long,short,neutral,neutral,neutral,long,long,long,long,long,long,long,long,long,long,long,long,long,long,long,long,long,long,short,short,short,short,short,short,short,short,short,short,short,short
2620,2022-12-27 04:00:00,OANDA:GBPUSD,1.20986,1.21032,1.20793,1.20824,12327.0,Interval.in_2_hour,31118400.0,short,short,short,short,long,short,short,short,short,short,short,short,short,short,short,short,short,short,long,long,neutral,neutral,long,short,neutral,neutral,neutral,long,long,long,long,long,long,long,long,long,long,long,long,long,long,long,long,long,long,long,long,short,short,short,short,short,short,short,short,short,short
2621,2022-12-27 02:00:00,OANDA:GBPUSD,1.20825,1.21004,1.20724,1.20986,13708.0,Interval.in_2_hour,31111200.0,short,short,short,short,short,short,short,short,short,short,short,short,short,short,short,short,short,short,long,long,neutral,neutral,long,short,long,long,neutral,long,long,long,long,long,long,long,long,long,long,long,long,long,long,long,long,long,short,short,short,short,short,short,short,short,short,short,short,short,short
2622,2022-12-27 00:00:00,OANDA:GBPUSD,1.20512,1.20928,1.20512,1.20825,6111.0,Interval.in_2_hour,31104000.0,short,short,short,short,short,short,long,short,short,short,short,short,short,short,short,short,short,short,long,long,neutral,neutral,long,short,long,neutral,neutral,long,long,long,short,long,long,long,long,long,long,long,long,long,long,long,short,short,short,long,short,long,long,short,short,short,short,short,short,short,short
2623,2022-12-23 22:00:00,OANDA:GBPUSD,1.20408,1.2053,1.20352,1.20512,8733.0,Interval.in_2_hour,30837600.0,short,short,short,short,short,short,long,long,short,short,short,short,short,short,short,short,short,long,long,long,neutral,neutral,long,short,neutral,neutral,neutral,short,short,short,short,short,long,short,long,long,long,long,long,long,long,short,short,short,short,long,long,long,long,long,long,short,short,short,short,short,short
2624,2022-12-23 20:00:00,OANDA:GBPUSD,1.20529,1.20549,1.20284,1.20408,10018.0,Interval.in_2_hour,30830400.0,short,short,short,short,short,long,short,long,long,short,long,short,short,short,long,short,short,short,long,long,neutral,neutral,long,short,short,neutral,neutral,short,short,short,short,long,short,long,long,long,long,long,long,long,short,short,short,short,short,long,long,long,long,long,long,long,short,short,short,short,short
2625,2022-12-23 18:00:00,OANDA:GBPUSD,1.20609,1.20697,1.20499,1.20529,20328.0,Interval.in_2_hour,30823200.0,short,short,short,short,short,short,short,short,long,long,short,short,short,short,short,short,short,short,long,long,neutral,neutral,long,short,neutral,neutral,neutral,short,short,long,long,long,long,long,long,long,long,long,long,short,short,short,short,short,short,short,short,long,long,long,long,long,long,short,short,short,short
2626,2022-12-23 16:00:00,OANDA:GBPUSD,1.20447,1.20864,1.20285,1.20609,30575.0,Interval.in_2_hour,30816000.0,short,short,short,short,short,short,short,short,short,long,long,short,short,short,short,short,short,short,long,long,short,short,long,short,neutral,neutral,neutral,short,long,long,long,long,long,long,long,long,long,long,short,short,short,short,short,short,short,short,short,short,long,long,long,long,long,long,short,short,short
2627,2022-12-23 14:00:00,OANDA:GBPUSD,1.20696,1.20786,1.20234,1.20447,23473.0,Interval.in_2_hour,30808800.0,short,short,short,short,short,short,short,short,long,short,long,long,short,short,short,short,short,short,long,long,neutral,neutral,long,short,neutral,neutral,neutral,long,long,long,long,long,long,long,long,long,long,short,short,short,short,short,short,short,short,long,long,short,long,long,long,long,long,long,long,short,short
2628,2022-12-23 12:00:00,OANDA:GBPUSD,1.20664,1.20902,1.20496,1.20696,15267.0,Interval.in_2_hour,30801600.0,short,short,short,short,short,short,short,short,short,short,short,long,long,short,short,short,short,short,long,long,neutral,neutral,long,short,long,long,neutral,long,long,long,long,long,long,long,long,long,short,short,short,short,short,short,short,short,short,short,short,short,short,short,long,long,long,long,long,short,short
2629,2022-12-23 10:00:00,OANDA:GBPUSD,1.20645,1.2075,1.20422,1.20664,20883.0,Interval.in_2_hour,30794400.0,short,short,short,short,short,short,short,short,short,short,short,short,long,long,short,short,short,short,long,long,long,long,long,short,long,neutral,neutral,long,long,long,long,long,long,long,long,short,short,short,short,short,short,short,short,short,short,long,short,short,short,short,short,long,long,long,long,long,short
2630,2022-12-23 08:00:00,OANDA:GBPUSD,1.20356,1.20716,1.2029,1.20645,14951.0,Interval.in_2_hour,30787200.0,short,short,short,short,short,short,short,short,short,short,short,short,short,long,long,short,short,short,long,long,short,short,long,short,neutral,neutral,neutral,long,long,long,long,long,long,long,short,short,short,short,short,short,short,short,short,short,short,long,long,short,short,short,short,short,long,long,long,long,long
2631,2022-12-23 06:00:00,OANDA:GBPUSD,1.20498,1.20581,1.20349,1.20356,9617.0,Interval.in_2_hour,30780000.0,long,long,long,short,short,short,short,short,short,short,short,short,long,short,long,long,short,long,long,long,neutral,neutral,long,short,neutral,neutral,neutral,long,long,long,long,long,long,short,short,short,short,short,short,short,short,short,short,short,short,long,long,long,long,long,long,long,long,long,long,long,long
2632,2022-12-23 04:00:00,OANDA:GBPUSD,1.20448,1.20526,1.20389,1.20498,13524.0,Interval.in_2_hour,30772800.0,long,long,long,short,short,short,short,short,short,short,short,short,short,short,short,long,long,short,long,long,neutral,neutral,long,short,long,neutral,neutral,long,long,long,long,long,short,short,short,short,short,short,short,short,short,short,short,short,short,short,long,long,long,short,long,long,short,long,long,long,long
2633,2022-12-23 02:00:00,OANDA:GBPUSD,1.20382,1.20462,1.20187,1.20448,18103.0,Interval.in_2_hour,30765600.0,long,long,long,long,short,short,short,short,short,short,short,short,short,short,long,short,long,long,long,long,neutral,neutral,long,short,neutral,neutral,neutral,long,long,long,long,short,short,short,short,short,short,short,short,short,short,short,short,short,short,long,short,long,long,long,short,long,long,short,long,long,long
2634,2022-12-23 00:00:00,OANDA:GBPUSD,1.20414,1.20434,1.20319,1.20382,10100.0,Interval.in_2_hour,30758400.0,long,long,long,long,long,short,short,short,short,short,short,short,short,short,short,long,short,long,long,long,neutral,neutral,long,short,neutral,neutral,neutral,long,long,long,short,short,short,short,short,short,short,short,short,short,short,short,short,short,short,long,long,short,long,long,long,long,long,long,long,long,long
2635,2022-12-22 22:00:00,OANDA:GBPUSD,1.20308,1.2047,1.20301,1.20414,13359.0,Interval.in_2_hour,30751200.0,long,long,long,long,long,long,short,short,short,short,short,short,short,short,short,short,long,short,long,long,neutral,neutral,long,short,long,neutral,neutral,long,short,short,short,short,short,short,short,short,short,short,short,short,short,short,short,short,short,short,long,long,short,long,long,long,long,long,long,short,long
2636,2022-12-22 20:00:00,OANDA:GBPUSD,1.20215,1.20332,1.2001,1.20308,17313.0,Interval.in_2_hour,30744000.0,long,long,long,long,long,long,long,long,short,short,short,short,long,short,short,short,short,long,long,long,neutral,neutral,long,short,neutral,neutral,neutral,short,short,short,short,short,short,short,short,short,short,short,short,short,short,short,short,short,short,long,long,long,long,long,long,long,long,long,long,long,long
2637,2022-12-22 18:00:00,OANDA:GBPUSD,1.20275,1.20442,1.20146,1.20215,17504.0,Interval.in_2_hour,30736800.0,long,long,long,long,long,long,long,long,long,long,short,short,long,long,long,long,short,long,long,long,short,neutral,long,short,short,short,short,short,short,short,short,short,short,short,short,short,short,short,short,short,short,short,short,short,short,long,long,long,long,long,long,long,long,long,long,long,long
2638,2022-12-22 16:00:00,OANDA:GBPUSD,1.20308,1.20408,1.19924,1.20275,30312.0,Interval.in_2_hour,30729600.0,long,long,long,long,long,long,long,long,long,long,short,short,short,long,long,short,short,short,long,long,neutral,neutral,long,short,short,short,short,short,short,short,short,short,short,short,short,short,short,short,short,short,short,short,short,short,short,short,long,long,long,long,long,long,long,long,long,long,long
2639,2022-12-22 14:00:00,OANDA:GBPUSD,1.20448,1.2063,1.20222,1.20308,26219.0,Interval.in_2_hour,30722400.0,long,long,long,long,long,long,long,long,long,long,long,short,short,short,short,long,short,short,long,long,neutral,neutral,long,short,short,short,neutral,short,short,short,short,short,short,short,short,short,short,short,short,short,short,short,short,short,short,short,short,long,long,long,long,long,long,long,long,long,long
2640,2022-12-22 12:00:00,OANDA:GBPUSD,1.21,1.21092,1.20414,1.20448,20505.0,Interval.in_2_hour,30715200.0,short,long,long,short,long,long,long,long,long,long,long,short,short,short,short,short,short,short,long,long,short,short,long,short,short,neutral,neutral,short,short,short,short,short,short,short,short,short,short,short,short,short,short,short,short,short,short,short,short,short,short,short,short,long,long,short,long,long,long
2641,2022-12-22 10:00:00,OANDA:GBPUSD,1.21312,1.21476,1.20876,1.21,20660.0,Interval.in_2_hour,30708000.0,short,short,short,short,short,short,short,short,short,short,short,short,short,short,short,short,short,short,long,long,neutral,neutral,long,short,neutral,neutral,neutral,short,long,long,long,long,long,short,short,short,short,short,short,short,short,short,short,short,short,short,short,short,short,short,short,short,short,short,short,short,short
2642,2022-12-22 08:00:00,OANDA:GBPUSD,1.2119,1.21328,1.21012,1.21312,17929.0,Interval.in_2_hour,30700800.0,short,short,short,short,short,short,short,short,short,short,short,short,short,short,short,short,short,short,long,long,long,long,long,short,neutral,neutral,neutral,long,long,long,long,long,short,long,long,short,short,short,short,short,short,short,short,short,short,short,short,short,short,short,short,short,short,short,short,short,short
2643,2022-12-22 06:00:00,OANDA:GBPUSD,1.21338,1.21346,1.21162,1.2119,13736.0,Interval.in_2_hour,30693600.0,short,short,short,short,short,short,short,short,short,short,short,short,short,short,short,short,short,short,long,long,neutral,neutral,long,short,neutral,neutral,neutral,long,long,long,long,long,long,long,short,short,short,short,short,short,short,short,short,short,short,long,short,short,short,short,short,short,short,short,short,short,short
2644,2022-12-22 04:00:00,OANDA:GBPUSD,1.21114,1.21352,1.21085,1.21338,12744.0,Interval.in_2_hour,30686400.0,short,short,short,short,short,short,short,short,short,short,short,short,short,short,short,short,short,short,long,long,neutral,neutral,long,short,long,neutral,neutral,long,long,long,short,long,long,short,short,short,short,short,short,short,short,short,short,short,short,short,short,short,short,short,short,short,short,short,short,short,short
2645,2022-12-22 02:00:00,OANDA:GBPUSD,1.20768,1.21147,1.2076,1.21114,14689.0,Interval.in_2_hour,30679200.0,short,short,short,short,short,short,short,short,short,short,short,short,short,short,short,short,short,short,long,long,neutral,neutral,long,short,neutral,neutral,neutral,long,long,short,short,short,short,short,short,short,short,short,short,short,short,short,short,short,short,long,long,long,short,short,short,short,short,short,short,short,short
2646,2022-12-22 00:00:00,OANDA:GBPUSD,1.20827,1.20846,1.20745,1.20768,6455.0,Interval.in_2_hour,30672000.0,short,short,short,short,short,short,short,short,short,short,short,long,long,long,long,long,short,short,long,long,neutral,neutral,long,short,neutral,neutral,neutral,short,short,short,short,short,short,short,short,short,short,short,short,short,short,short,short,short,short,long,long,long,long,long,short,short,short,short,short,short,short
2647,2022-12-21 22:00:00,OANDA:GBPUSD,1.2082,1.2095,1.20762,1.20827,9961.0,Interval.in_2_hour,30664800.0,short,short,short,short,short,short,short,short,short,short,short,short,short,long,short,long,long,short,long,long,neutral,neutral,long,short,long,neutral,neutral,short,short,short,short,short,short,short,short,short,short,short,short,short,short,short,short,short,short,short,long,long,long,long,long,short,short,short,short,short,short
2648,2022-12-21 20:00:00,OANDA:GBPUSD,1.20688,1.20974,1.20596,1.2082,14991.0,Interval.in_2_hour,30657600.0,short,short,short,short,short,short,short,short,short,short,short,short,short,long,long,long,long,long,long,long,neutral,neutral,long,short,neutral,neutral,neutral,short,short,short,short,short,short,short,short,short,short,short,short,short,short,short,short,short,short,long,short,long,long,long,long,long,short,short,short,short,short
2649,2022-12-21 18:00:00,OANDA:GBPUSD,1.2109,1.2113,1.20554,1.20688,18169.0,Interval.in_2_hour,30650400.0,short,short,short,short,short,short,short,short,long,short,short,short,short,short,long,long,long,long,long,long,neutral,neutral,long,short,short,neutral,neutral,short,short,short,short,short,short,short,short,short,short,short,short,short,short,short,short,short,short,long,long,long,long,long,long,long,long,short,short,short,short
2650,2022-12-21 16:00:00,OANDA:GBPUSD,1.21416,1.21432,1.20886,1.2109,27942.0,Interval.in_2_hour,30643200.0,short,short,short,short,short,short,short,short,short,short,short,short,short,short,short,short,short,short,long,long,neutral,neutral,long,short,neutral,neutral,neutral,short,short,short,short,short,short,short,short,short,short,short,short,short,short,short,short,short,short,short,short,short,short,long,long,long,long,short,short,short,short
2651,2022-12-21 14:00:00,OANDA:GBPUSD,1.2099,1.21642,1.20859,1.21416,20565.0,Interval.in_2_hour,30636000.0,short,short,short,short,short,short,short,short,short,short,short,short,short,short,short,short,short,short,long,long,short,short,long,short,neutral,neutral,neutral,short,short,short,short,short,short,short,short,short,short,short,short,short,short,short,short,short,short,short,short,short,short,short,short,short,short,short,short,short,short
2652,2022-12-21 12:00:00,OANDA:GBPUSD,1.21386,1.2146,1.20935,1.2099,18851.0,Interval.in_2_hour,30628800.0,short,short,short,short,short,short,short,short,short,short,short,short,short,short,short,short,short,short,long,long,neutral,neutral,long,short,short,neutral,neutral,short,short,short,short,short,short,short,short,short,short,short,short,short,short,short,short,short,short,long,long,short,short,short,short,long,long,long,long,long,short
2653,2022-12-21 10:00:00,OANDA:GBPUSD,1.21807,1.21828,1.21283,1.21386,22166.0,Interval.in_2_hour,30621600.0,short,short,short,short,short,short,short,short,short,short,short,short,short,short,short,short,short,short,long,long,long,neutral,long,short,neutral,neutral,neutral,short,short,short,short,long,long,long,long,long,long,long,long,long,long,long,long,short,long,short,long,short,short,short,short,short,short,short,short,short,short
2654,2022-12-21 08:00:00,OANDA:GBPUSD,1.21672,1.21829,1.21502,1.21807,16587.0,Interval.in_2_hour,30614400.0,short,short,short,short,short,short,short,short,short,short,short,short,short,short,short,short,short,short,long,long,neutral,neutral,long,short,neutral,neutral,neutral,short,short,short,long,long,long,long,long,long,long,long,long,long,long,long,long,long,long,short,short,short,short,short,short,short,short,short,short,short,short
2655,2022-12-21 06:00:00,OANDA:GBPUSD,1.21696,1.2173,1.21626,1.21672,13130.0,Interval.in_2_hour,30607200.0,short,short,short,short,short,short,short,short,short,short,short,short,short,short,short,short,short,short,long,long,neutral,neutral,long,short,neutral,neutral,neutral,short,short,long,long,long,long,long,long,long,long,long,long,long,long,long,long,long,short,long,short,short,short,short,short,short,short,short,short,short,short
2656,2022-12-21 04:00:00,OANDA:GBPUSD,1.21674,1.21726,1.2161,1.21696,13922.0,Interval.in_2_hour,30600000.0,short,short,short,short,short,short,short,short,short,short,short,short,short,short,short,short,short,short,long,long,neutral,neutral,long,short,neutral,neutral,neutral,short,long,long,long,long,long,long,long,long,long,long,long,long,long,long,long,short,short,short,long,short,short,short,short,short,short,short,short,short,short
2657,2022-12-21 02:00:00,OANDA:GBPUSD,1.21884,1.21902,1.21635,1.21674,19931.0,Interval.in_2_hour,30592800.0,short,short,short,short,short,short,short,short,short,short,short,short,short,short,short,short,short,short,long,long,long,neutral,long,short,neutral,neutral,neutral,long,long,long,long,long,long,long,long,long,long,long,long,long,long,long,long,short,short,long,short,long,short,short,short,short,short,short,short,short,short
2658,2022-12-21 00:00:00,OANDA:GBPUSD,1.21838,1.21924,1.21783,1.21884,7345.0,Interval.in_2_hour,30585600.0,short,short,short,short,short,short,short,short,short,short,short,short,short,short,short,short,short,short,long,long,neutral,neutral,long,short,long,long,long,long,long,long,long,long,long,long,long,long,long,long,long,long,long,long,short,short,long,short,short,short,short,short,short,short,short,short,short,short,short
2659,2022-12-20 22:00:00,OANDA:GBPUSD,1.21695,1.21882,1.21594,1.21838,12301.0,Interval.in_2_hour,30578400.0,short,short,short,short,short,short,short,short,short,short,short,short,short,short,short,short,short,short,long,long,neutral,neutral,long,short,long,long,neutral,long,long,long,long,long,long,long,long,long,long,long,long,long,long,short,short,short,long,long,short,short,short,short,short,short,short,short,short,short,short
2660,2022-12-20 20:00:00,OANDA:GBPUSD,1.21423,1.21709,1.21336,1.21695,14860.0,Interval.in_2_hour,30571200.0,short,short,short,short,short,short,short,short,short,short,short,short,short,short,short,short,short,short,long,long,neutral,neutral,long,short,long,neutral,neutral,long,neutral,long,long,long,long,long,long,long,short,short,long,short,short,short,short,short,short,long,long,short,long,short,long,short,short,short,short,short,short
2661,2022-12-20 18:00:00,OANDA:GBPUSD,1.21395,1.2154,1.21238,1.21423,24908.0,Interval.in_2_hour,30564000.0,short,short,short,short,short,short,short,short,short,short,short,short,short,short,short,short,short,short,long,long,neutral,neutral,long,short,neutral,neutral,neutral,short,short,long,long,short,short,short,short,short,short,short,short,short,short,short,short,short,short,long,long,long,long,long,long,long,short,short,short,short,short
2662,2022-12-20 16:00:00,OANDA:GBPUSD,1.21474,1.21686,1.21223,1.21395,34505.0,Interval.in_2_hour,30556800.0,short,short,short,short,short,short,short,short,short,short,short,short,short,short,short,short,short,short,long,long,neutral,neutral,long,short,short,neutral,neutral,short,long,long,short,short,short,short,short,short,short,short,short,short,short,short,short,short,short,long,long,long,long,long,long,long,long,short,short,long,short
2663,2022-12-20 14:00:00,OANDA:GBPUSD,1.21616,1.21622,1.2098,1.21474,25623.0,Interval.in_2_hour,30549600.0,short,short,short,short,short,short,short,short,short,short,short,short,short,short,short,short,short,short,long,long,neutral,neutral,long,short,neutral,neutral,neutral,long,long,long,long,long,long,short,short,long,short,short,short,short,short,short,short,long,long,short,short,long,long,long,long,long,long,long,short,short,short
2664,2022-12-20 12:00:00,OANDA:GBPUSD,1.21502,1.2182,1.21348,1.21616,24615.0,Interval.in_2_hour,30542400.0,short,short,short,short,short,short,short,short,short,short,short,short,short,short,short,short,short,short,long,long,neutral,neutral,long,short,long,long,neutral,long,long,long,long,long,short,short,long,short,short,short,short,short,short,short,long,long,short,short,short,short,long,long,long,long,long,long,long,short,short
2665,2022-12-20 10:00:00,OANDA:GBPUSD,1.21456,1.21972,1.21342,1.21502,31924.0,Interval.in_2_hour,30535200.0,short,short,short,short,short,short,short,short,short,short,short,short,short,short,short,short,short,short,long,long,neutral,neutral,long,short,long,neutral,neutral,long,short,short,long,short,short,short,short,short,short,short,short,short,short,long,short,short,short,long,short,short,short,long,long,long,long,long,long,long,short
2666,2022-12-20 08:00:00,OANDA:GBPUSD,1.21163,1.21648,1.21145,1.21456,27943.0,Interval.in_2_hour,30528000.0,short,short,short,short,short,short,short,short,short,short,short,short,short,short,short,short,short,short,long,long,neutral,neutral,long,short,neutral,neutral,neutral,short,short,short,short,short,short,short,short,short,short,short,short,short,short,short,short,short,short,long,long,long,short,short,long,long,long,long,long,long,long
2667,2022-12-20 06:00:00,OANDA:GBPUSD,1.21398,1.2147,1.20856,1.21163,25788.0,Interval.in_2_hour,30520800.0,long,long,short,long,short,short,short,short,short,short,long,long,long,short,short,short,short,short,long,long,neutral,neutral,long,short,short,short,neutral,short,short,short,short,short,short,short,short,short,short,short,short,short,short,short,short,short,short,long,long,long,long,long,long,long,long,long,long,long,long
2668,2022-12-20 04:00:00,OANDA:GBPUSD,1.21532,1.2224,1.2134,1.21398,31416.0,Interval.in_2_hour,30513600.0,long,long,short,short,long,short,short,short,short,short,short,short,short,short,short,short,short,short,long,long,neutral,neutral,long,short,short,neutral,neutral,long,short,short,short,short,short,short,short,short,short,short,short,short,short,short,short,short,short,short,long,long,long,long,short,long,long,long,long,long,long
2669,2022-12-20 02:00:00,OANDA:GBPUSD,1.21546,1.21549,1.21385,1.21532,17986.0,Interval.in_2_hour,30506400.0,long,long,long,short,short,short,short,short,short,short,short,short,short,short,short,short,short,short,long,long,neutral,neutral,long,short,neutral,neutral,neutral,short,short,long,short,short,short,short,short,short,short,long,long,short,short,short,short,short,short,short,short,short,short,long,short,short,short,long,long,long,long
2670,2022-12-20 00:00:00,OANDA:GBPUSD,1.21458,1.21558,1.21452,1.21546,8154.0,Interval.in_2_hour,30499200.0,long,long,long,long,short,short,short,short,short,short,short,short,short,short,short,short,short,short,long,long,neutral,neutral,long,short,long,neutral,neutral,short,long,short,short,short,short,short,short,short,long,short,short,short,short,short,short,short,short,short,short,short,short,short,long,short,short,short,long,long,long
2671,2022-12-19 22:00:00,OANDA:GBPUSD,1.21428,1.21514,1.21404,1.21458,8690.0,Interval.in_2_hour,30492000.0,long,long,long,long,long,short,short,short,short,short,short,short,short,short,short,short,short,short,long,long,neutral,neutral,long,short,neutral,neutral,neutral,short,short,short,short,short,short,short,short,short,short,short,short,short,short,short,short,short,short,long,long,short,short,short,long,long,long,short,short,long,long
2672,2022-12-19 20:00:00,OANDA:GBPUSD,1.2181,1.21818,1.21391,1.21428,13329.0,Interval.in_2_hour,30484800.0,long,long,long,long,long,long,short,short,short,short,short,short,short,short,short,short,short,short,long,long,neutral,neutral,long,short,neutral,neutral,neutral,short,short,short,short,short,short,short,long,long,short,short,short,short,short,long,short,short,short,long,long,long,short,short,long,long,long,long,short,short,long
2673,2022-12-19 18:00:00,OANDA:GBPUSD,1.2131,1.21932,1.21301,1.2181,19123.0,Interval.in_2_hour,30477600.0,short,long,long,short,short,short,short,short,short,short,short,short,short,short,short,short,short,short,long,long,neutral,neutral,long,short,neutral,neutral,neutral,short,short,short,short,short,short,long,long,short,short,short,short,short,short,short,short,short,short,short,short,short,short,short,short,short,short,short,short,short,short
2674,2022-12-19 16:00:00,OANDA:GBPUSD,1.21658,1.21886,1.21208,1.2131,25803.0,Interval.in_2_hour,30470400.0,long,long,long,long,long,long,long,long,long,short,long,short,short,short,short,short,short,long,long,long,neutral,neutral,long,short,short,short,neutral,short,short,short,short,short,long,short,short,short,short,short,short,short,short,short,short,short,short,long,long,long,long,long,long,short,long,long,long,long,long
2675,2022-12-19 14:00:00,OANDA:GBPUSD,1.21864,1.21943,1.21559,1.21658,20826.0,Interval.in_2_hour,30463200.0,short,short,long,long,long,long,long,long,long,short,short,short,short,short,short,short,short,short,long,long,short,short,long,short,short,neutral,neutral,short,neutral,short,short,long,long,long,long,long,short,long,long,short,short,short,short,short,short,short,long,short,short,short,short,short,short,short,short,short,short
2676,2022-12-19 12:00:00,OANDA:GBPUSD,1.22126,1.22243,1.21806,1.21864,22104.0,Interval.in_2_hour,30456000.0,short,short,short,short,short,long,short,short,short,short,short,short,short,short,short,short,short,short,long,long,long,neutral,long,short,neutral,neutral,neutral,long,long,long,long,long,long,long,long,long,long,long,long,short,short,long,long,long,long,short,short,short,short,short,short,short,short,short,short,short,short
2677,2022-12-19 10:00:00,OANDA:GBPUSD,1.21904,1.2242,1.21904,1.22126,23079.0,Interval.in_2_hour,30448800.0,short,short,short,short,short,short,short,short,short,short,short,short,short,short,short,short,short,short,long,long,neutral,neutral,long,short,long,neutral,neutral,long,long,long,long,long,long,long,long,long,long,long,short,short,long,long,long,long,long,short,short,short,short,short,short,short,short,short,short,short,short
2678,2022-12-19 08:00:00,OANDA:GBPUSD,1.21702,1.21944,1.21696,1.21904,17160.0,Interval.in_2_hour,30441600.0,short,short,short,short,short,short,short,short,short,short,short,short,short,short,short,short,short,short,long,long,neutral,neutral,long,short,neutral,neutral,neutral,long,long,long,long,long,long,short,long,long,short,short,short,short,short,short,long,short,short,long,short,short,short,short,short,short,short,short,short,short,short
2679,2022-12-19 06:00:00,OANDA:GBPUSD,1.2182,1.21874,1.21674,1.21702,11604.0,Interval.in_2_hour,30434400.0,short,short,short,short,short,short,short,long,long,short,short,short,long,short,short,short,short,short,long,long,long,neutral,long,short,short,neutral,neutral,long,long,long,long,long,short,long,long,short,short,short,short,short,short,long,short,short,short,long,long,long,short,short,long,short,short,short,short,short,short
2680,2022-12-19 04:00:00,OANDA:GBPUSD,1.21968,1.22025,1.21775,1.2182,12555.0,Interval.in_2_hour,30427200.0,short,short,short,short,short,short,short,short,long,long,short,short,short,short,short,short,short,short,long,long,neutral,neutral,long,short,neutral,neutral,neutral,long,long,long,long,short,long,long,short,short,short,short,long,long,long,long,short,short,short,short,long,long,long,short,short,short,short,short,short,short,short
2681,2022-12-19 02:00:00,OANDA:GBPUSD,1.21593,1.2197,1.21541,1.21968,15663.0,Interval.in_2_hour,30420000.0,short,short,short,short,short,short,short,short,short,short,short,short,short,short,short,short,short,short,long,long,neutral,neutral,long,short,long,neutral,neutral,long,long,long,short,long,long,short,short,short,short,short,short,long,short,short,short,short,short,short,short,short,long,short,short,short,short,short,short,short,short
2682,2022-12-19 00:00:00,OANDA:GBPUSD,1.21354,1.21701,1.21354,1.21593,5912.0,Interval.in_2_hour,30412800.0,short,short,short,short,short,long,short,short,short,long,long,long,long,long,long,long,short,short,long,long,neutral,neutral,long,short,neutral,neutral,neutral,short,short,short,short,short,short,short,short,short,short,short,short,short,short,short,short,short,short,long,long,long,long,long,long,long,short,long,short,short,short
2683,2022-12-16 22:00:00,OANDA:GBPUSD,1.2167,1.21821,1.21339,1.21354,15790.0,Interval.in_2_hour,30232800.0,long,long,long,short,long,long,long,long,long,long,long,long,long,long,long,long,long,long,long,long,neutral,neutral,long,short,short,neutral,neutral,short,short,short,short,short,short,short,short,short,short,short,short,short,short,short,short,short,short,long,long,long,long,long,long,long,long,short,long,long,long
2684,2022-12-16 20:00:00,OANDA:GBPUSD,1.218,1.21899,1.21652,1.2167,16508.0,Interval.in_2_hour,30225600.0,short,short,short,short,short,short,short,short,short,short,short,long,long,long,long,long,long,long,long,long,neutral,neutral,long,short,neutral,neutral,neutral,short,long,long,short,short,short,short,short,short,short,short,short,short,short,short,short,short,short,short,short,long,long,long,long,long,long,short,short,long,short
2685,2022-12-16 18:00:00,OANDA:GBPUSD,1.21544,1.21948,1.21456,1.218,24078.0,Interval.in_2_hour,30218400.0,short,short,short,short,short,short,short,short,short,short,short,short,short,long,long,short,short,short,long,long,neutral,neutral,long,short,neutral,neutral,neutral,short,long,short,short,short,short,short,short,short,short,short,short,short,short,short,short,short,short,short,short,short,long,long,short,long,long,long,short,short,long
2686,2022-12-16 16:00:00,OANDA:GBPUSD,1.21888,1.22228,1.21476,1.21544,35067.0,Interval.in_2_hour,30211200.0,long,short,short,long,short,short,short,short,short,long,short,short,short,long,long,long,long,long,long,long,neutral,neutral,long,short,short,neutral,neutral,long,short,short,short,short,short,short,short,short,short,short,short,short,short,short,short,short,short,long,long,short,long,long,long,long,long,long,long,long,short
2687,2022-12-16 14:00:00,OANDA:GBPUSD,1.21912,1.21985,1.21624,1.21888,21757.0,Interval.in_2_hour,30204000.0,short,short,short,short,short,short,short,short,short,short,short,short,short,short,short,short,short,short,long,long,neutral,neutral,long,short,neutral,neutral,neutral,short,short,short,short,long,long,long,long,short,short,short,short,short,short,short,short,short,short,short,short,short,short,short,long,short,short,long,long,short,short
2688,2022-12-16 12:00:00,OANDA:GBPUSD,1.21448,1.22159,1.21398,1.21912,22577.0,Interval.in_2_hour,30196800.0,short,short,short,short,short,short,short,short,short,short,short,short,short,short,short,short,short,short,long,long,short,short,long,short,neutral,neutral,neutral,short,short,short,short,short,short,short,short,short,short,short,short,short,short,short,short,short,short,short,short,short,short,short,short,long,short,short,short,long,short
2689,2022-12-16 10:00:00,OANDA:GBPUSD,1.2177,1.2195,1.21198,1.21448,30719.0,Interval.in_2_hour,30189600.0,long,long,short,long,short,long,long,long,short,short,long,long,long,long,short,short,long,long,long,long,neutral,neutral,long,short,short,neutral,neutral,short,short,short,short,short,short,short,short,short,short,short,short,short,short,short,short,short,short,long,long,long,long,long,short,long,long,long,long,long,long
2690,2022-12-16 08:00:00,OANDA:GBPUSD,1.22058,1.22232,1.21718,1.2177,19578.0,Interval.in_2_hour,30182400.0,long,long,short,short,long,short,short,short,short,short,short,short,short,short,short,short,short,short,long,long,neutral,neutral,long,short,neutral,neutral,neutral,short,long,long,long,long,short,short,short,short,short,short,short,short,short,short,short,short,short,short,long,long,short,long,short,short,short,long,long,short,long
2691,2022-12-16 06:00:00,OANDA:GBPUSD,1.22052,1.22185,1.21997,1.22058,12519.0,Interval.in_2_hour,30175200.0,short,long,short,short,short,short,short,short,short,short,short,short,short,short,short,short,short,short,long,long,neutral,neutral,long,short,long,long,long,long,long,long,long,short,short,short,short,short,short,short,short,short,short,short,short,short,short,short,short,short,short,short,short,short,short,short,short,short,short
2692,2022-12-16 04:00:00,OANDA:GBPUSD,1.22018,1.22236,1.22015,1.22052,16596.0,Interval.in_2_hour,30168000.0,short,short,long,short,short,short,short,short,short,short,short,short,short,short,short,short,short,short,long,long,neutral,neutral,long,short,long,long,neutral,long,long,long,short,short,short,short,short,short,short,short,short,short,short,short,short,short,short,long,short,short,short,short,short,short,short,short,short,short,short
2693,2022-12-16 02:00:00,OANDA:GBPUSD,1.2191,1.22072,1.21887,1.22018,14171.0,Interval.in_2_hour,30160800.0,short,short,short,long,short,short,short,short,short,short,short,short,short,short,short,short,short,short,long,long,neutral,neutral,long,short,long,neutral,neutral,long,long,short,short,short,short,short,short,short,short,short,short,short,short,short,short,short,short,long,long,short,short,short,short,short,short,short,short,short,short
2694,2022-12-16 00:00:00,OANDA:GBPUSD,1.21791,1.21913,1.2176,1.2191,7998.0,Interval.in_2_hour,30153600.0,long,short,short,short,long,short,short,short,short,short,short,short,short,short,short,short,short,short,long,long,neutral,neutral,long,short,neutral,neutral,neutral,short,short,short,short,short,short,short,short,short,short,short,short,short,short,short,short,short,short,long,long,long,short,short,long,short,short,short,short,short,short
2695,2022-12-15 22:00:00,OANDA:GBPUSD,1.21908,1.21962,1.21719,1.21791,11938.0,Interval.in_2_hour,30146400.0,short,long,long,short,long,long,long,short,short,long,short,short,short,short,short,short,short,short,long,long,short,short,long,short,neutral,neutral,neutral,short,short,short,short,short,short,short,short,short,short,short,short,short,short,short,short,short,short,long,long,long,long,short,short,long,long,short,long,short,short
2696,2022-12-15 20:00:00,OANDA:GBPUSD,1.2159,1.21926,1.2158,1.21908,16238.0,Interval.in_2_hour,30139200.0,short,short,long,short,short,short,long,short,short,short,short,short,short,short,short,short,short,short,long,long,neutral,neutral,long,short,neutral,neutral,neutral,short,short,short,short,short,short,short,short,short,short,short,short,short,short,short,short,short,short,short,long,long,long,long,short,short,long,short,short,short,short
2697,2022-12-15 18:00:00,OANDA:GBPUSD,1.22166,1.22254,1.21567,1.2159,29094.0,Interval.in_2_hour,30132000.0,long,short,long,long,long,long,long,long,long,long,short,long,short,short,short,short,short,short,long,long,neutral,neutral,long,short,short,short,short,short,short,short,short,short,short,short,short,short,short,short,short,short,short,short,short,short,short,long,long,long,long,long,long,long,short,long,long,short,long
2698,2022-12-15 16:00:00,OANDA:GBPUSD,1.23172,1.23572,1.22151,1.22166,44750.0,Interval.in_2_hour,30124800.0,short,short,short,short,short,short,short,short,short,short,short,short,short,short,short,short,short,short,long,long,short,short,long,short,short,short,short,short,short,short,short,short,short,short,short,short,short,short,short,short,short,short,short,short,short,short,short,short,short,short,short,short,short,short,short,short,short
2699,2022-12-15 14:00:00,OANDA:GBPUSD,1.2326,1.2336,1.2288,1.23172,32261.0,Interval.in_2_hour,30117600.0,short,short,short,short,short,short,short,short,short,short,short,short,short,short,short,short,short,short,long,short,neutral,neutral,long,short,short,short,short,short,short,short,short,short,short,short,short,short,short,short,short,short,short,short,short,short,short,short,short,short,short,short,short,short,short,short,short,short,short
2700,2022-12-15 12:00:00,OANDA:GBPUSD,1.23392,1.23558,1.23208,1.2326,21439.0,Interval.in_2_hour,30110400.0,short,short,short,short,short,short,short,short,short,short,short,short,short,short,short,short,short,short,long,short,neutral,neutral,long,short,short,short,neutral,short,short,short,short,short,short,short,short,short,short,short,short,short,short,short,short,short,short,short,short,short,short,short,short,short,short,short,short,short,short
2701,2022-12-15 10:00:00,OANDA:GBPUSD,1.23807,1.23849,1.22966,1.23392,26321.0,Interval.in_2_hour,30103200.0,short,short,short,short,short,short,short,short,short,short,short,short,short,short,short,short,short,short,long,short,neutral,neutral,long,short,short,neutral,neutral,short,short,short,short,short,short,short,short,short,short,long,long,long,long,short,short,short,short,short,short,short,short,short,short,short,short,short,short,short,short
2702,2022-12-15 08:00:00,OANDA:GBPUSD,1.2393,1.24028,1.23768,1.23807,16369.0,Interval.in_2_hour,30096000.0,short,short,short,short,short,short,short,short,short,short,short,short,short,short,short,short,short,short,long,short,short,neutral,long,short,neutral,neutral,neutral,short,short,short,short,short,short,long,long,long,long,long,long,long,long,long,long,long,short,short,short,short,short,short,short,short,short,short,short,short,short
2703,2022-12-15 06:00:00,OANDA:GBPUSD,1.23874,1.23942,1.23769,1.2393,10497.0,Interval.in_2_hour,30088800.0,short,short,short,short,short,short,short,short,short,short,short,short,short,short,short,short,short,short,long,short,neutral,neutral,long,short,neutral,neutral,neutral,short,short,short,short,long,long,long,long,long,long,long,long,long,long,long,long,short,long,short,short,short,short,short,short,short,short,short,short,short,short
2704,2022-12-15 04:00:00,OANDA:GBPUSD,1.24,1.24038,1.23865,1.23874,12070.0,Interval.in_2_hour,30081600.0,short,short,short,short,short,short,short,short,short,short,short,short,short,short,short,short,short,short,long,short,neutral,neutral,long,short,short,short,neutral,short,short,short,long,long,long,long,long,long,long,long,long,long,long,long,short,long,long,long,short,short,short,short,short,short,short,short,short,short,short
2705,2022-12-15 02:00:00,OANDA:GBPUSD,1.2419,1.24258,1.23986,1.24,13172.0,Interval.in_2_hour,30074400.0,short,short,short,short,short,short,short,short,short,short,short,short,short,short,short,short,short,short,long,short,neutral,neutral,long,short,short,neutral,neutral,short,short,long,long,long,long,long,long,long,long,long,long,long,long,long,long,long,long,short,short,short,short,short,short,short,short,short,short,short,short
2706,2022-12-15 00:00:00,OANDA:GBPUSD,1.24274,1.24318,1.24166,1.2419,5061.0,Interval.in_2_hour,30067200.0,short,short,short,short,short,short,short,short,short,short,short,short,short,short,short,short,short,short,long,short,neutral,neutral,long,short,neutral,neutral,neutral,long,long,long,long,long,long,long,long,long,long,long,long,long,long,long,long,long,long,short,short,short,short,short,short,short,short,short,short,short,short
2707,2022-12-14 22:00:00,OANDA:GBPUSD,1.24033,1.24468,1.23976,1.24274,26592.0,Interval.in_2_hour,30060000.0,short,short,short,short,short,short,short,short,short,short,short,short,short,short,short,short,short,short,long,short,neutral,neutral,long,short,neutral,neutral,neutral,long,long,long,long,long,long,long,long,long,long,long,long,long,long,long,long,long,long,short,short,short,short,short,short,short,short,short,short,short,short
2708,2022-12-14 20:00:00,OANDA:GBPUSD,1.2419,1.24452,1.23445,1.24033,44604.0,Interval.in_2_hour,30052800.0,short,short,short,short,short,short,short,short,short,short,short,short,short,short,short,short,short,short,long,short,long,neutral,long,short,neutral,neutral,neutral,long,long,long,long,long,long,long,long,long,long,long,long,long,long,long,long,long,long,long,long,short,short,short,short,short,short,short,short,short,short
2709,2022-12-14 18:00:00,OANDA:GBPUSD,1.24031,1.24238,1.23934,1.2419,18788.0,Interval.in_2_hour,30045600.0,short,short,short,short,short,short,short,short,short,short,short,short,short,short,short,short,short,short,long,short,neutral,neutral,long,short,long,neutral,neutral,long,long,long,long,long,long,long,long,long,long,long,long,long,long,long,long,long,long,short,long,long,short,short,short,short,short,short,short,short,short
2710,2022-12-14 16:00:00,OANDA:GBPUSD,1.23718,1.2417,1.23589,1.24031,27482.0,Interval.in_2_hour,30038400.0,short,short,short,short,short,short,short,short,short,short,short,short,short,short,short,short,short,short,long,short,neutral,neutral,long,short,neutral,neutral,neutral,long,long,long,long,long,long,long,long,long,short,long,long,long,long,long,long,long,long,long,long,long,long,short,short,short,short,short,short,short,short
2711,2022-12-14 14:00:00,OANDA:GBPUSD,1.23734,1.23886,1.23552,1.23718,18952.0,Interval.in_2_hour,30031200.0,short,short,short,short,short,short,short,short,short,short,short,short,short,short,short,short,short,short,long,short,neutral,neutral,long,short,short,neutral,neutral,long,long,long,long,long,long,long,short,short,long,long,long,long,long,long,long,long,long,long,long,long,long,long,long,long,long,long,short,short,short
2712,2022-12-14 12:00:00,OANDA:GBPUSD,1.23936,1.24044,1.23692,1.23734,22995.0,Interval.in_2_hour,30024000.0,short,short,short,short,short,short,short,short,short,short,short,short,short,short,short,short,short,short,long,short,neutral,neutral,long,short,neutral,neutral,neutral,long,long,long,long,long,long,long,short,long,long,long,long,long,long,long,long,long,long,short,long,long,long,long,long,long,long,long,long,short,short
2713,2022-12-14 10:00:00,OANDA:GBPUSD,1.23641,1.24036,1.23525,1.23936,25851.0,Interval.in_2_hour,30016800.0,short,short,short,short,short,short,short,short,short,short,short,short,short,short,short,short,short,short,long,short,neutral,neutral,long,short,long,long,long,long,long,long,long,long,short,short,long,long,long,long,long,long,long,long,long,long,long,short,short,long,long,long,long,long,long,short,short,short,short
2714,2022-12-14 08:00:00,OANDA:GBPUSD,1.2355,1.23748,1.23425,1.23641,19192.0,Interval.in_2_hour,30009600.0,short,short,short,short,short,short,short,short,short,short,short,short,short,short,short,short,short,short,long,short,neutral,neutral,long,short,long,long,neutral,long,short,short,short,short,short,long,long,long,long,long,long,long,long,long,long,long,long,long,long,long,long,long,long,long,long,long,long,long,long
2715,2022-12-14 06:00:00,OANDA:GBPUSD,1.23527,1.23596,1.23435,1.2355,11515.0,Interval.in_2_hour,30002400.0,long,short,short,short,short,short,short,short,short,short,short,short,short,short,short,short,short,short,long,short,short,neutral,long,short,long,neutral,neutral,short,short,short,short,short,long,long,long,long,long,long,long,long,long,long,long,long,long,long,long,long,long,long,long,long,long,long,long,long,long
2716,2022-12-14 04:00:00,OANDA:GBPUSD,1.23516,1.23579,1.23445,1.23527,13202.0,Interval.in_2_hour,29995200.0,long,long,short,short,short,short,short,short,short,short,short,short,short,short,short,short,short,short,long,short,neutral,neutral,long,short,neutral,neutral,neutral,short,short,short,short,long,long,long,long,long,long,long,long,long,long,long,long,long,long,long,long,long,long,long,long,long,long,long,long,long,long
2717,2022-12-14 02:00:00,OANDA:GBPUSD,1.23546,1.23588,1.23421,1.23516,18006.0,Interval.in_2_hour,29988000.0,long,long,long,short,short,short,short,short,short,short,short,short,short,short,short,short,short,short,long,short,neutral,neutral,long,short,short,short,neutral,short,short,short,long,long,long,long,long,long,long,long,long,long,long,long,long,long,long,long,long,long,long,long,long,long,long,long,long,long,long
2718,2022-12-14 00:00:00,OANDA:GBPUSD,1.23654,1.23764,1.23541,1.23546,7393.0,Interval.in_2_hour,29980800.0,long,long,long,long,short,short,short,short,short,short,short,short,short,short,short,short,short,short,long,short,neutral,neutral,long,short,short,neutral,neutral,short,short,long,long,long,long,long,long,long,long,long,long,long,long,long,long,long,long,short,short,long,long,long,long,long,long,long,long,long,long
2719,2022-12-13 22:00:00,OANDA:GBPUSD,1.2373,1.23788,1.2359,1.23654,14806.0,Interval.in_2_hour,29973600.0,long,long,long,long,long,short,short,short,short,short,short,short,short,short,short,short,short,short,long,short,neutral,neutral,long,short,neutral,neutral,neutral,short,long,long,long,long,long,long,long,long,long,long,long,long,long,long,long,long,long,short,short,short,short,short,long,long,long,long,long,long,long
2720,2022-12-13 20:00:00,OANDA:GBPUSD,1.23669,1.23814,1.23455,1.2373,24403.0,Interval.in_2_hour,29966400.0,long,long,long,long,long,long,short,short,short,short,short,short,short,short,short,short,short,short,long,short,neutral,neutral,long,short,neutral,neutral,neutral,long,long,long,long,long,long,long,long,long,long,long,long,long,long,long,long,long,long,short,short,short,short,short,short,long,long,short,long,long,long
2721,2022-12-13 18:00:00,OANDA:GBPUSD,1.23937,1.24148,1.23518,1.23669,30627.0,Interval.in_2_hour,29959200.0,long,long,long,long,long,long,long,short,short,short,short,short,short,short,short,short,short,short,short,short,long,long,long,short,short,neutral,neutral,long,long,long,long,long,long,long,long,long,long,long,long,long,long,long,long,long,long,long,short,short,short,short,short,short,long,long,long,long,long
2722,2022-12-13 16:00:00,OANDA:GBPUSD,1.2411,1.2444,1.23782,1.23937,46081.0,Interval.in_2_hour,29952000.0,long,long,long,long,long,short,short,short,short,short,short,short,short,short,short,short,short,short,short,short,neutral,neutral,long,short,neutral,neutral,neutral,long,long,long,long,long,long,long,long,long,long,long,long,long,long,long,long,long,long,short,short,short,short,short,short,short,short,short,short,short,long
2723,2022-12-13 14:00:00,OANDA:GBPUSD,1.22906,1.2439,1.22802,1.2411,33423.0,Interval.in_2_hour,29944800.0,short,long,short,long,long,short,short,short,short,short,short,short,short,short,short,short,short,short,short,short,neutral,neutral,long,short,long,neutral,neutral,long,long,long,long,long,long,long,long,long,long,long,long,long,long,long,long,long,long,short,short,short,short,short,short,short,short,short,short,short,short
2724,2022-12-13 12:00:00,OANDA:GBPUSD,1.22744,1.23029,1.2261,1.22906,19374.0,Interval.in_2_hour,29937600.0,long,long,long,long,long,long,long,long,long,long,long,long,long,short,short,short,short,short,long,short,short,short,long,short,neutral,neutral,neutral,long,long,long,long,long,long,long,long,short,long,long,long,long,long,long,long,long,long,long,long,long,long,long,long,long,long,long,long,long,long
2725,2022-12-13 10:00:00,OANDA:GBPUSD,1.22844,1.22908,1.22487,1.22744,22427.0,Interval.in_2_hour,29930400.0,long,long,long,long,long,long,long,long,long,long,long,long,long,long,short,short,short,short,long,short,neutral,neutral,long,short,neutral,neutral,neutral,long,long,long,long,long,long,long,short,long,long,long,long,long,long,long,long,short,short,long,long,long,long,long,long,long,long,long,long,long,long
2726,2022-12-13 08:00:00,OANDA:GBPUSD,1.22816,1.23036,1.22772,1.22844,15662.0,Interval.in_2_hour,29923200.0,long,long,long,long,long,long,long,long,long,long,long,long,long,long,long,short,short,short,long,short,neutral,neutral,long,short,long,neutral,neutral,long,long,long,long,long,long,short,long,long,long,long,long,long,long,long,long,short,long,short,long,long,long,long,long,long,long,long,long,long,long
2727,2022-12-13 06:00:00,OANDA:GBPUSD,1.22591,1.22825,1.2252,1.22816,11567.0,Interval.in_2_hour,29916000.0,long,long,long,long,long,long,long,long,long,long,long,long,long,long,long,long,short,short,long,short,short,short,long,short,neutral,neutral,neutral,long,long,long,long,short,short,short,long,long,long,long,long,long,long,short,short,short,long,long,short,long,long,long,long,long,long,long,long,long,long
2728,2022-12-13 04:00:00,OANDA:GBPUSD,1.22764,1.22908,1.22556,1.22591,14492.0,Interval.in_2_hour,29908800.0,long,long,long,long,long,long,long,long,long,long,long,long,long,long,long,long,long,short,long,short,neutral,neutral,long,short,neutral,neutral,neutral,long,short,short,short,short,short,long,long,long,long,long,long,long,short,short,short,long,long,long,long,long,long,long,long,long,long,long,long,long,long
2729,2022-12-13 02:00:00,OANDA:GBPUSD,1.22691,1.22793,1.22631,1.22764,15464.0,Interval.in_2_hour,29901600.0,long,long,long,long,long,long,long,long,long,long,long,long,long,long,long,long,long,long,long,short,neutral,neutral,long,short,long,long,neutral,long,long,short,short,short,long,long,long,long,long,long,long,short,short,short,long,long,long,short,long,long,short,long,long,long,long,long,long,long,long
2730,2022-12-13 00:00:00,OANDA:GBPUSD,1.2262,1.22728,1.22588,1.22691,3722.0,Interval.in_2_hour,29894400.0,long,long,long,long,long,long,long,long,long,long,long,long,long,long,long,long,long,long,long,short,neutral,neutral,long,short,long,neutral,neutral,short,short,short,short,short,long,long,long,long,long,short,short,short,short,short,long,long,long,long,short,long,long,long,long,long,long,long,long,long,long
2731,2022-12-12 22:00:00,OANDA:GBPUSD,1.22578,1.22733,1.2257,1.2262,8794.0,Interval.in_2_hour,29887200.0,long,long,long,long,long,long,long,long,long,long,long,long,long,long,long,long,long,long,long,short,neutral,neutral,long,short,neutral,neutral,neutral,short,short,short,short,long,long,long,long,long,short,short,short,short,short,long,long,long,short,long,long,short,long,long,long,long,long,long,long,long,long
2732,2022-12-12 20:00:00,OANDA:GBPUSD,1.22826,1.2285,1.2241,1.22578,18213.0,Interval.in_2_hour,29880000.0,long,long,long,long,long,long,long,long,long,long,long,long,long,long,long,long,long,long,long,short,neutral,neutral,long,short,neutral,neutral,neutral,short,short,long,long,long,long,long,long,long,short,short,short,long,long,long,long,long,short,long,long,long,long,long,long,long,long,long,long,long,long
2733,2022-12-12 18:00:00,OANDA:GBPUSD,1.22532,1.22884,1.22424,1.22826,18230.0,Interval.in_2_hour,29872800.0,long,long,long,long,long,long,long,long,long,long,long,long,long,long,long,long,long,long,long,short,short,short,long,short,neutral,neutral,neutral,short,long,long,long,long,long,long,long,short,short,short,long,long,long,long,long,short,long,short,short,short,short,short,short,long,short,long,long,long,long
2734,2022-12-12 16:00:00,OANDA:GBPUSD,1.2293,1.2299,1.22502,1.22532,23199.0,Interval.in_2_hour,29865600.0,long,long,long,long,long,long,long,long,long,long,long,long,long,long,long,long,long,long,long,short,long,neutral,long,short,neutral,neutral,neutral,long,long,long,long,long,long,long,short,short,short,long,long,long,long,long,long,long,long,long,long,long,long,long,long,long,long,long,long,long,long
2735,2022-12-12 14:00:00,OANDA:GBPUSD,1.22766,1.22988,1.22706,1.2293,16202.0,Interval.in_2_hour,29858400.0,long,long,long,long,long,long,long,long,long,long,long,long,long,long,long,long,long,long,long,short,neutral,neutral,long,short,long,long,long,long,long,long,long,long,long,long,short,long,long,long,long,long,long,long,long,long,long,short,short,short,short,short,short,short,short,short,short,short,long
2736,2022-12-12 12:00:00,OANDA:GBPUSD,1.22744,1.22962,1.22686,1.22766,15674.0,Interval.in_2_hour,29851200.0,long,long,long,long,long,long,long,long,long,long,long,long,long,long,long,long,long,long,long,short,neutral,neutral,long,short,long,long,neutral,long,long,long,long,long,short,short,short,long,long,long,long,long,long,long,long,long,long,long,short,long,short,short,short,short,short,long,long,short,long
2737,2022-12-12 10:00:00,OANDA:GBPUSD,1.22571,1.22781,1.22312,1.22744,21998.0,Interval.in_2_hour,29844000.0,long,long,long,long,long,long,long,long,long,long,long,long,long,long,long,long,long,long,long,short,neutral,long,long,short,long,neutral,neutral,long,long,long,short,short,short,short,short,long,long,long,short,short,long,long,long,long,long,long,long,short,long,short,short,short,long,short,long,long,long
2738,2022-12-12 08:00:00,OANDA:GBPUSD,1.2227,1.22601,1.2207,1.22571,17401.0,Interval.in_2_hour,29836800.0,long,long,long,long,long,long,long,long,long,long,long,long,long,long,long,long,long,long,long,short,short,neutral,long,short,neutral,neutral,neutral,long,short,short,short,short,short,short,short,short,short,short,short,short,long,long,long,long,long,long,long,long,short,long,long,long,long,long,long,long,long
2739,2022-12-12 06:00:00,OANDA:GBPUSD,1.22304,1.22384,1.2222,1.2227,9999.0,Interval.in_2_hour,29829600.0,long,long,long,long,long,long,long,long,long,long,long,long,long,long,long,long,long,long,long,short,short,neutral,long,short,neutral,neutral,neutral,short,short,short,short,short,short,short,short,short,short,short,short,short,short,short,long,long,long,long,long,long,long,long,long,long,long,long,long,long,long
2740,2022-12-12 04:00:00,OANDA:GBPUSD,1.22226,1.22304,1.22124,1.22304,12564.0,Interval.in_2_hour,29822400.0,long,long,long,long,long,long,long,long,long,long,long,long,long,long,long,long,long,long,long,short,neutral,neutral,long,short,neutral,neutral,neutral,short,short,short,short,short,short,short,short,short,short,short,short,short,short,long,long,long,long,short,long,long,long,long,long,long,long,long,long,long,long
2741,2022-12-12 02:00:00,OANDA:GBPUSD,1.22354,1.2241,1.22123,1.22226,16602.0,Interval.in_2_hour,29815200.0,long,long,long,long,long,long,long,long,long,long,long,long,long,long,long,long,long,long,long,short,neutral,neutral,long,short,short,short,short,short,short,short,short,short,short,short,short,short,short,short,short,short,long,long,long,long,long,long,long,long,long,long,long,long,long,long,long,long,long
2742,2022-12-12 00:00:00,OANDA:GBPUSD,1.22627,1.22683,1.2233,1.22354,3568.0,Interval.in_2_hour,29808000.0,long,long,long,long,long,long,long,long,long,long,long,long,long,long,long,long,long,long,long,short,neutral,neutral,long,short,short,short,short,short,short,short,short,short,short,short,short,short,long,long,long,long,long,long,long,long,long,short,short,short,long,long,long,long,long,long,long,long,long
2743,2022-12-09 22:00:00,OANDA:GBPUSD,1.22726,1.2276,1.22524,1.22627,10111.0,Interval.in_2_hour,29628000.0,long,long,short,long,long,long,long,long,long,long,long,long,long,long,long,long,long,long,long,short,neutral,neutral,long,short,short,short,neutral,short,long,long,long,long,long,short,long,long,long,long,long,long,long,long,long,long,long,short,short,short,short,short,long,long,long,short,long,short,short
2744,2022-12-09 20:00:00,OANDA:GBPUSD,1.22869,1.22879,1.22684,1.22726,13964.0,Interval.in_2_hour,29620800.0,short,short,long,short,long,long,long,long,long,long,long,long,long,long,long,long,long,long,long,short,neutral,neutral,long,short,short,neutral,neutral,long,long,long,long,long,long,long,long,long,long,long,long,long,long,long,long,long,long,short,short,short,short,short,short,long,long,long,short,long,short
2745,2022-12-09 18:00:00,OANDA:GBPUSD,1.22946,1.23227,1.22792,1.22869,18610.0,Interval.in_2_hour,29613600.0,short,short,short,short,short,short,short,short,long,long,long,long,long,long,long,long,long,long,long,short,neutral,neutral,long,short,neutral,neutral,neutral,long,long,long,long,long,long,long,long,long,long,long,long,long,long,long,long,long,long,short,short,short,short,short,short,short,short,short,long,short,short
2746,2022-12-09 16:00:00,OANDA:GBPUSD,1.22698,1.23002,1.22499,1.22946,33910.0,Interval.in_2_hour,29606400.0,short,short,short,short,short,short,short,short,short,short,long,long,long,long,long,long,long,long,long,short,neutral,neutral,long,short,long,long,neutral,long,long,long,long,long,long,long,long,long,long,long,long,long,long,long,long,long,long,short,short,short,short,short,short,short,short,short,short,short,short
2747,2022-12-09 14:00:00,OANDA:GBPUSD,1.22646,1.22976,1.22052,1.22698,28305.0,Interval.in_2_hour,29599200.0,short,long,short,short,short,long,short,long,long,long,long,long,long,long,long,long,long,long,long,short,long,neutral,long,short,long,neutral,neutral,long,long,short,long,long,long,long,long,long,long,long,long,long,long,long,long,long,long,long,long,long,short,short,short,short,short,short,long,long,long
2748,2022-12-09 12:00:00,OANDA:GBPUSD,1.22476,1.22766,1.22378,1.22646,18090.0,Interval.in_2_hour,29592000.0,long,short,long,short,short,long,long,short,long,long,long,long,long,long,long,long,long,long,long,short,neutral,neutral,long,short,neutral,neutral,neutral,short,short,long,long,long,long,long,long,long,long,long,long,long,long,long,long,long,long,long,long,long,long,short,short,short,short,short,short,long,long
2749,2022-12-09 10:00:00,OANDA:GBPUSD,1.22558,1.22638,1.22317,1.22476,19700.0,Interval.in_2_hour,29584800.0,long,long,long,long,long,long,long,long,long,long,long,long,long,long,long,long,long,long,long,short,long,neutral,long,short,short,short,neutral,short,long,long,long,long,long,long,long,long,long,long,long,long,long,long,long,long,long,long,long,long,long,long,long,short,short,short,short,long,long
2750,2022-12-09 08:00:00,OANDA:GBPUSD,1.22594,1.22706,1.22528,1.22558,21748.0,Interval.in_2_hour,29577600.0,long,long,long,short,long,long,long,long,long,long,long,long,long,long,long,long,long,long,long,short,neutral,neutral,long,short,short,neutral,neutral,long,long,long,long,long,long,long,long,long,long,long,long,long,long,long,long,long,long,short,long,long,long,long,long,long,short,short,short,short,long
2751,2022-12-09 06:00:00,OANDA:GBPUSD,1.22742,1.22772,1.22572,1.22594,15135.0,Interval.in_2_hour,29570400.0,short,long,long,long,short,long,short,long,long,long,short,long,long,long,long,long,long,long,long,short,neutral,neutral,long,short,neutral,neutral,neutral,long,long,long,long,long,long,long,long,long,long,long,long,long,long,long,long,long,long,short,short,long,long,long,long,long,long,short,short,short,short
2752,2022-12-09 04:00:00,OANDA:GBPUSD,1.22686,1.2277,1.22528,1.22742,16894.0,Interval.in_2_hour,29563200.0,short,short,long,long,long,short,long,short,short,short,long,short,long,long,long,long,long,long,long,short,neutral,neutral,long,short,long,neutral,neutral,long,long,long,long,long,long,long,long,long,long,long,long,long,long,long,long,long,long,short,short,short,short,short,long,long,short,short,short,short,short
2753,2022-12-09 02:00:00,OANDA:GBPUSD,1.22344,1.22724,1.2227,1.22686,19100.0,Interval.in_2_hour,29556000.0,short,short,short,long,long,long,short,long,short,short,long,long,short,long,long,long,long,long,long,short,neutral,neutral,long,short,neutral,neutral,neutral,long,long,long,long,long,long,long,long,long,long,long,long,long,long,long,long,long,long,long,short,short,short,short,long,long,long,long,short,short,short
2754,2022-12-09 00:00:00,OANDA:GBPUSD,1.22367,1.22375,1.22271,1.22344,8255.0,Interval.in_2_hour,29548800.0,short,short,short,long,long,long,long,long,long,long,long,long,long,long,long,long,long,long,long,short,neutral,neutral,long,short,short,neutral,neutral,long,long,long,long,long,long,long,long,long,long,long,long,long,long,long,long,long,long,long,long,long,long,long,long,long,long,long,long,long,long
2755,2022-12-08 22:00:00,OANDA:GBPUSD,1.22428,1.22428,1.2235,1.22367,11067.0,Interval.in_2_hour,29541600.0,short,short,short,short,long,long,long,long,long,long,long,long,long,long,long,long,long,long,long,short,neutral,neutral,long,short,neutral,neutral,neutral,long,long,long,long,long,long,long,long,long,long,long,long,long,long,long,long,long,long,short,long,long,long,long,long,long,long,long,long,long,long
2756,2022-12-08 20:00:00,OANDA:GBPUSD,1.22334,1.22474,1.22242,1.22428,15948.0,Interval.in_2_hour,29534400.0,long,short,short,short,short,long,long,long,long,long,long,long,long,long,long,long,long,long,long,short,neutral,neutral,long,short,long,long,long,long,long,long,long,long,long,long,long,long,long,long,long,long,long,long,long,long,long,short,short,long,long,long,long,long,long,long,long,long,long
2757,2022-12-08 18:00:00,OANDA:GBPUSD,1.22178,1.22402,1.22056,1.22334,18667.0,Interval.in_2_hour,29527200.0,long,long,long,short,short,short,long,long,long,long,long,long,long,long,long,long,long,long,long,short,neutral,neutral,long,short,long,long,long,long,long,long,long,long,long,long,long,long,long,long,long,long,long,long,long,long,long,long,long,long,long,long,long,long,long,long,long,long,long
2758,2022-12-08 16:00:00,OANDA:GBPUSD,1.2213,1.22472,1.21904,1.22178,25160.0,Interval.in_2_hour,29520000.0,long,long,long,long,long,long,long,long,long,long,long,long,long,long,long,long,long,long,long,short,neutral,neutral,long,short,long,long,neutral,long,long,long,long,long,long,long,short,long,long,long,long,long,long,long,long,long,long,long,long,long,long,long,long,long,long,long,long,long,long
2759,2022-12-08 14:00:00,OANDA:GBPUSD,1.2174,1.2234,1.21625,1.2213,22436.0,Interval.in_2_hour,29512800.0,long,long,long,long,long,long,long,long,long,long,long,long,long,long,long,long,long,long,long,short,short,neutral,long,short,long,neutral,neutral,short,long,long,short,short,short,short,short,short,long,long,long,long,long,long,long,long,long,long,long,long,long,long,long,long,long,long,long,long,long
2760,2022-12-08 12:00:00,OANDA:GBPUSD,1.21722,1.21792,1.21548,1.2174,16099.0,Interval.in_2_hour,29505600.0,long,long,long,long,long,long,long,long,long,long,long,long,long,long,long,long,long,long,long,short,neutral,neutral,long,short,neutral,neutral,neutral,short,short,short,short,short,short,short,short,short,long,long,long,long,long,long,long,long,long,long,long,long,long,long,long,long,long,long,long,long,long
2761,2022-12-08 10:00:00,OANDA:GBPUSD,1.22018,1.22068,1.21602,1.21722,18702.0,Interval.in_2_hour,29498400.0,long,long,long,long,long,long,long,long,long,long,long,long,long,long,long,long,long,long,long,short,long,neutral,long,short,neutral,neutral,neutral,short,short,short,short,short,short,short,long,long,long,long,long,long,long,long,long,long,short,long,long,long,long,long,long,long,long,long,long,long,long
2762,2022-12-08 08:00:00,OANDA:GBPUSD,1.21884,1.2215,1.21864,1.22018,16832.0,Interval.in_2_hour,29491200.0,long,long,long,long,long,long,long,long,long,long,long,long,long,long,long,long,long,long,long,short,short,neutral,long,short,neutral,neutral,neutral,short,short,short,short,short,short,long,long,long,long,long,long,long,long,long,long,short,short,short,short,long,long,long,long,long,long,long,long,long,long
2763,2022-12-08 06:00:00,OANDA:GBPUSD,1.21956,1.21962,1.2178,1.21884,13912.0,Interval.in_2_hour,29484000.0,long,long,long,long,long,long,long,long,long,long,long,long,long,long,long,long,long,long,long,short,neutral,neutral,long,short,neutral,neutral,neutral,short,short,short,short,short,long,long,long,long,long,long,long,long,long,long,short,short,short,long,short,short,long,long,long,long,long,long,long,long,long
2764,2022-12-08 04:00:00,OANDA:GBPUSD,1.21846,1.21968,1.21816,1.21956,15425.0,Interval.in_2_hour,29476800.0,long,long,long,long,long,long,long,long,long,long,long,long,long,long,long,long,long,long,long,short,neutral,neutral,long,short,neutral,neutral,neutral,short,short,short,short,long,long,long,long,long,long,long,long,long,long,short,short,short,short,short,long,short,short,long,long,long,long,long,long,long,long
2765,2022-12-08 02:00:00,OANDA:GBPUSD,1.221,1.22137,1.21804,1.21846,16340.0,Interval.in_2_hour,29469600.0,long,long,long,long,long,long,long,long,long,long,long,long,long,long,long,long,long,long,long,short,neutral,neutral,long,short,neutral,neutral,neutral,short,short,short,long,long,long,long,long,long,long,long,long,long,short,short,short,long,long,long,long,long,short,short,long,long,long,long,long,long,long
2766,2022-12-08 00:00:00,OANDA:GBPUSD,1.221,1.22132,1.22013,1.221,3978.0,Interval.in_2_hour,29462400.0,long,long,long,long,long,long,long,long,long,long,long,long,long,long,long,long,long,long,long,short,neutral,neutral,long,short,neutral,neutral,neutral,short,long,long,long,long,long,long,long,long,long,long,long,long,short,long,long,long,long,short,short,short,short,short,short,long,long,long,long,long,long
2767,2022-12-07 22:00:00,OANDA:GBPUSD,1.2214,1.22194,1.22016,1.221,10856.0,Interval.in_2_hour,29455200.0,long,long,long,long,long,long,long,long,long,long,long,long,long,long,long,long,long,long,long,short,neutral,neutral,long,short,short,neutral,neutral,long,long,long,long,long,long,long,long,long,long,long,long,long,long,long,long,long,long,long,short,short,short,short,short,short,long,long,long,long,long
2768,2022-12-07 20:00:00,OANDA:GBPUSD,1.22244,1.22347,1.22065,1.2214,18339.0,Interval.in_2_hour,29448000.0,long,long,long,long,long,long,long,long,long,long,long,long,long,long,long,long,long,long,long,short,neutral,neutral,long,short,neutral,neutral,neutral,long,long,long,long,long,long,long,long,long,long,long,long,long,long,long,long,long,long,short,short,short,short,short,short,short,short,short,long,long,long
2769,2022-12-07 18:00:00,OANDA:GBPUSD,1.2196,1.22304,1.21723,1.22244,21243.0,Interval.in_2_hour,29440800.0,long,long,long,long,long,long,long,long,long,long,long,long,long,long,long,short,long,long,long,short,neutral,neutral,long,short,neutral,neutral,neutral,long,long,long,long,long,long,long,long,long,long,short,long,long,long,long,long,long,long,short,short,short,short,short,short,short,short,short,short,short,long
2770,2022-12-07 16:00:00,OANDA:GBPUSD,1.22172,1.22265,1.21789,1.2196,36946.0,Interval.in_2_hour,29433600.0,long,long,long,long,long,long,long,long,long,long,long,long,long,long,long,long,long,long,long,short,neutral,neutral,long,short,neutral,neutral,neutral,long,long,long,long,long,long,long,long,long,short,short,long,long,long,long,long,long,long,long,long,long,long,short,short,short,long,short,short,long,long
2771,2022-12-07 14:00:00,OANDA:GBPUSD,1.21482,1.22256,1.21399,1.22172,25372.0,Interval.in_2_hour,29426400.0,long,long,long,long,long,long,long,long,long,long,long,long,long,long,long,long,long,long,long,short,neutral,neutral,long,short,long,neutral,neutral,long,long,long,long,long,long,long,short,short,short,short,short,short,short,short,short,short,short,short,long,short,short,short,short,short,short,short,short,short,short
2772,2022-12-07 12:00:00,OANDA:GBPUSD,1.21299,1.2187,1.21298,1.21482,20818.0,Interval.in_2_hour,29419200.0,long,long,long,long,long,long,long,long,long,long,long,long,long,long,long,long,long,long,long,short,neutral,neutral,long,short,neutral,neutral,neutral,long,short,long,long,long,short,short,short,short,short,short,short,short,short,short,short,short,short,long,long,long,long,long,long,long,long,long,long,long,long
2773,2022-12-07 10:00:00,OANDA:GBPUSD,1.21322,1.2157,1.21146,1.21299,24191.0,Interval.in_2_hour,29412000.0,long,long,long,long,long,long,long,long,long,long,long,long,long,long,long,long,long,long,long,short,neutral,neutral,long,short,neutral,neutral,neutral,short,short,short,short,short,short,short,short,short,short,short,short,short,short,short,short,short,short,long,long,long,long,long,long,long,long,long,long,long,long
2774,2022-12-07 08:00:00,OANDA:GBPUSD,1.21294,1.2145,1.21066,1.21322,21752.0,Interval.in_2_hour,29404800.0,long,long,long,long,long,long,long,long,long,long,long,long,long,long,long,long,long,long,long,short,neutral,neutral,long,short,neutral,neutral,neutral,short,short,short,short,short,short,short,short,short,short,short,short,short,short,short,short,short,short,short,long,long,long,long,long,long,long,long,long,long,long
2775,2022-12-07 06:00:00,OANDA:GBPUSD,1.21393,1.2142,1.21234,1.21294,14962.0,Interval.in_2_hour,29397600.0,long,long,long,long,long,long,long,long,long,long,long,long,long,long,long,long,long,long,long,short,neutral,neutral,long,short,short,neutral,neutral,long,short,short,short,short,short,short,short,short,short,short,short,short,short,short,short,short,short,long,long,long,long,long,long,long,long,long,long,long,long
2776,2022-12-07 04:00:00,OANDA:GBPUSD,1.2144,1.21506,1.2131,1.21393,18718.0,Interval.in_2_hour,29390400.0,long,long,long,long,long,long,long,long,long,long,long,long,long,long,long,long,long,long,long,short,neutral,neutral,long,short,neutral,neutral,neutral,long,short,short,short,short,short,short,short,short,short,short,short,short,short,short,short,short,short,short,short,short,long,long,long,long,long,long,long,long,long
2777,2022-12-07 02:00:00,OANDA:GBPUSD,1.2133,1.21468,1.21216,1.2144,14524.0,Interval.in_2_hour,29383200.0,long,long,long,long,long,long,long,long,long,long,long,long,long,long,long,long,long,long,long,short,neutral,neutral,long,short,neutral,neutral,neutral,short,short,short,short,short,short,short,short,short,short,short,short,short,short,short,short,short,short,short,short,short,short,long,long,long,long,long,long,long,long
2778,2022-12-07 00:00:00,OANDA:GBPUSD,1.21332,1.2143,1.2127,1.2133,7834.0,Interval.in_2_hour,29376000.0,long,long,long,long,long,long,long,long,long,long,long,long,long,long,long,long,long,long,long,short,neutral,neutral,long,short,short,short,short,short,short,short,short,short,short,short,short,short,short,short,short,short,short,short,short,short,short,long,long,short,short,short,long,long,long,long,long,long,long
2779,2022-12-06 22:00:00,OANDA:GBPUSD,1.21428,1.2148,1.2128,1.21332,6597.0,Interval.in_2_hour,29368800.0,long,long,long,long,long,long,long,long,long,long,long,long,long,long,long,long,long,long,long,short,neutral,neutral,long,short,short,short,neutral,short,short,short,short,short,short,short,short,short,short,short,short,short,short,short,short,short,short,short,long,long,short,short,short,long,long,long,long,long,long
2780,2022-12-06 20:00:00,OANDA:GBPUSD,1.21758,1.2182,1.21374,1.21428,12917.0,Interval.in_2_hour,29361600.0,long,long,long,long,long,long,long,long,long,long,long,long,long,long,long,long,long,long,long,short,neutral,neutral,long,short,short,neutral,neutral,short,short,short,short,short,short,short,short,short,short,short,short,short,short,short,short,short,short,short,short,long,short,short,short,short,long,long,long,long,long
2781,2022-12-06 18:00:00,OANDA:GBPUSD,1.222,1.22696,1.21699,1.21758,19345.0,Interval.in_2_hour,29354400.0,long,long,long,long,long,long,long,short,short,long,long,long,long,long,long,long,long,long,long,short,neutral,neutral,long,short,neutral,neutral,neutral,long,long,long,long,short,short,long,long,long,short,short,short,short,short,short,short,short,short,short,short,short,short,short,short,short,short,short,long,long,long
2782,2022-12-06 16:00:00,OANDA:GBPUSD,1.22025,1.22214,1.21532,1.222,29877.0,Interval.in_2_hour,29347200.0,long,short,short,short,short,short,short,short,short,short,short,short,long,long,long,long,long,long,long,short,neutral,neutral,long,short,neutral,neutral,neutral,long,long,long,long,long,long,long,long,long,short,short,short,short,short,short,short,short,short,short,short,short,short,short,short,short,short,short,short,short,short
2783,2022-12-06 14:00:00,OANDA:GBPUSD,1.2215,1.22414,1.2197,1.22025,20001.0,Interval.in_2_hour,29340000.0,short,long,long,long,long,short,short,short,short,short,short,long,long,long,long,long,long,long,long,short,neutral,neutral,long,short,neutral,neutral,neutral,long,long,long,long,long,long,long,long,short,short,short,short,short,short,short,short,short,short,long,short,short,short,short,short,short,short,short,short,short,long
2784,2022-12-06 12:00:00,OANDA:GBPUSD,1.21784,1.22232,1.2159,1.2215,20622.0,Interval.in_2_hour,29332800.0,long,short,long,short,short,short,short,short,short,short,short,short,short,long,long,long,long,long,long,short,neutral,neutral,long,short,neutral,neutral,neutral,long,short,short,long,long,long,short,short,short,short,short,short,short,short,short,short,short,short,short,long,short,short,short,short,short,short,short,short,short,short
2785,2022-12-06 10:00:00,OANDA:GBPUSD,1.22025,1.22232,1.21716,1.21784,23018.0,Interval.in_2_hour,29325600.0,short,long,long,long,long,long,long,long,long,long,long,short,short,long,long,long,long,long,long,short,neutral,neutral,long,short,neutral,neutral,neutral,short,short,short,long,long,short,short,short,short,short,short,short,short,short,short,short,short,short,long,long,long,short,short,short,short,short,short,short,short,short
2786,2022-12-06 08:00:00,OANDA:GBPUSD,1.21932,1.2209,1.21674,1.22025,19365.0,Interval.in_2_hour,29318400.0,short,short,long,short,long,long,long,long,short,short,short,short,short,short,long,long,long,long,long,short,neutral,neutral,long,short,neutral,neutral,neutral,short,long,long,long,short,short,short,short,short,short,short,short,short,short,short,short,short,short,short,long,long,long,short,short,short,short,short,short,short,short
2787,2022-12-06 06:00:00,OANDA:GBPUSD,1.21975,1.22094,1.21794,1.21932,15339.0,Interval.in_2_hour,29311200.0,short,short,short,long,long,long,long,long,long,short,long,short,long,short,short,long,long,long,long,short,neutral,neutral,long,short,short,neutral,neutral,short,long,long,short,short,short,short,short,short,short,short,short,short,short,short,short,short,short,long,short,long,long,long,short,short,short,short,short,short,short
2788,2022-12-06 04:00:00,OANDA:GBPUSD,1.22082,1.22194,1.21938,1.21975,17363.0,Interval.in_2_hour,29304000.0,short,short,short,short,long,short,long,long,long,long,short,short,short,long,short,short,long,long,long,short,long,long,long,short,neutral,neutral,neutral,long,long,long,short,short,short,short,short,short,short,short,short,short,short,short,long,short,short,short,long,short,long,long,long,short,short,short,short,short,short
2789,2022-12-06 02:00:00,OANDA:GBPUSD,1.21926,1.22242,1.21926,1.22082,15230.0,Interval.in_2_hour,29296800.0,short,short,short,short,short,long,short,long,long,long,long,short,short,short,short,short,short,long,long,short,short,short,long,short,neutral,neutral,neutral,long,long,short,short,short,short,short,short,short,short,short,short,short,short,short,short,short,short,short,short,short,short,long,short,long,short,short,short,short,short
2790,2022-12-06 00:00:00,OANDA:GBPUSD,1.21985,1.21985,1.21783,1.21926,6294.0,Interval.in_2_hour,29289600.0,short,short,short,short,short,short,long,long,long,long,long,long,short,long,short,long,short,short,long,long,neutral,neutral,long,short,neutral,neutral,neutral,short,short,short,short,short,short,short,short,short,short,short,short,short,short,short,short,short,short,long,long,long,long,short,long,long,long,short,short,short,short
2791,2022-12-05 22:00:00,OANDA:GBPUSD,1.21737,1.21986,1.21656,1.21985,13454.0,Interval.in_2_hour,29282400.0,short,short,short,short,short,short,short,long,short,long,long,long,long,short,short,short,long,short,long,long,neutral,neutral,long,short,neutral,neutral,neutral,short,short,short,short,short,short,short,short,short,short,short,short,short,short,short,short,short,short,short,long,short,short,long,short,long,long,long,short,short,short
2792,2022-12-05 20:00:00,OANDA:GBPUSD,1.2182,1.21974,1.21618,1.21737,13505.0,Interval.in_2_hour,29275200.0,short,short,short,short,short,short,short,short,long,long,long,long,long,long,long,long,long,long,long,long,neutral,neutral,long,short,short,short,short,short,short,short,short,short,short,short,short,short,short,short,short,short,short,short,short,short,short,long,long,long,long,long,long,long,long,long,long,long,short
2793,2022-12-05 18:00:00,OANDA:GBPUSD,1.22149,1.22238,1.21635,1.2182,19445.0,Interval.in_2_hour,29268000.0,short,short,short,short,short,short,short,short,short,long,long,long,long,long,long,long,long,long,long,long,neutral,neutral,long,short,short,short,short,short,short,short,short,short,short,short,short,short,short,short,short,short,short,short,short,short,short,short,long,long,long,long,long,long,short,long,long,long,short
2794,2022-12-05 16:00:00,OANDA:GBPUSD,1.22625,1.22754,1.21888,1.22149,28914.0,Interval.in_2_hour,29260800.0,short,short,short,short,short,short,short,short,short,short,long,short,long,short,short,short,short,short,long,short,neutral,neutral,long,short,short,short,short,short,short,short,short,short,short,short,short,short,long,long,short,short,short,short,short,short,short,short,short,short,short,short,short,short,short,short,long,short,long
2795,2022-12-05 14:00:00,OANDA:GBPUSD,1.22763,1.23205,1.22597,1.22625,23501.0,Interval.in_2_hour,29253600.0,short,short,short,short,short,short,short,short,short,short,short,short,short,short,short,short,short,short,long,short,short,short,long,short,short,short,short,short,short,short,short,short,short,short,long,long,long,short,long,long,long,long,long,long,long,short,short,short,short,short,short,short,short,short,short,short,short
2796,2022-12-05 12:00:00,OANDA:GBPUSD,1.2284,1.22913,1.22334,1.22763,20999.0,Interval.in_2_hour,29246400.0,short,short,short,short,short,short,short,short,short,short,short,short,short,short,short,short,short,short,long,short,neutral,neutral,long,short,short,short,short,short,short,short,short,short,short,long,long,long,long,long,long,long,long,long,long,long,long,short,short,short,short,short,short,short,short,short,short,short,short
2797,2022-12-05 10:00:00,OANDA:GBPUSD,1.22954,1.23004,1.22613,1.2284,24087.0,Interval.in_2_hour,29239200.0,short,short,short,short,short,short,short,short,short,short,short,short,short,short,short,short,short,short,long,short,neutral,neutral,long,short,short,short,neutral,short,short,short,short,long,long,long,long,long,long,long,long,long,long,long,long,long,long,short,short,short,short,short,short,short,short,short,short,short,short
2798,2022-12-05 08:00:00,OANDA:GBPUSD,1.23346,1.23346,1.22858,1.22954,18835.0,Interval.in_2_hour,29232000.0,short,short,short,short,short,short,short,short,short,short,short,short,short,short,short,short,short,short,long,short,long,neutral,long,short,short,neutral,neutral,long,long,long,long,long,long,long,long,long,long,long,long,long,long,long,long,long,long,short,short,short,short,short,short,short,short,short,short,short,short
2799,2022-12-05 06:00:00,OANDA:GBPUSD,1.23376,1.23446,1.23296,1.23346,13170.0,Interval.in_2_hour,29224800.0,short,short,short,short,short,short,short,short,short,short,short,short,short,short,short,short,short,short,long,short,neutral,neutral,long,short,neutral,neutral,neutral,long,long,long,long,long,long,long,long,long,long,long,long,long,long,long,long,long,long,short,short,short,short,short,short,short,short,short,short,short,short
2800,2022-12-05 04:00:00,OANDA:GBPUSD,1.2324,1.2342,1.23144,1.23376,14863.0,Interval.in_2_hour,29217600.0,short,short,short,short,short,short,short,short,short,short,short,short,short,short,short,short,short,short,long,short,neutral,neutral,long,short,long,long,long,long,long,long,long,long,long,long,long,long,long,long,long,long,long,long,long,long,long,short,short,short,short,short,short,short,short,short,short,short,short
2801,2022-12-05 02:00:00,OANDA:GBPUSD,1.22962,1.23351,1.22878,1.2324,17255.0,Interval.in_2_hour,29210400.0,short,short,short,short,short,short,short,short,short,short,short,short,short,short,short,short,short,short,long,short,neutral,neutral,long,short,long,long,long,long,long,long,long,long,long,long,long,long,long,long,long,long,long,long,long,long,long,long,long,short,short,short,short,short,short,short,short,short,short
2802,2022-12-05 00:00:00,OANDA:GBPUSD,1.2295,1.22972,1.22679,1.22962,5680.0,Interval.in_2_hour,29203200.0,short,short,short,short,short,short,short,short,short,short,short,short,short,short,short,short,short,short,long,short,neutral,neutral,long,short,long,long,long,long,long,long,long,long,long,long,long,long,long,long,long,long,long,long,long,long,long,long,long,long,short,short,short,short,short,short,short,short,short
2803,2022-12-02 22:00:00,OANDA:GBPUSD,1.22888,1.22994,1.22769,1.2295,13292.0,Interval.in_2_hour,29023200.0,short,short,short,short,short,short,short,short,short,short,short,short,short,short,short,short,short,short,long,short,neutral,neutral,long,short,long,long,long,long,long,long,long,long,long,long,long,long,long,long,long,long,long,long,long,long,long,long,long,long,long,long,short,short,short,short,short,short,short
2804,2022-12-02 20:00:00,OANDA:GBPUSD,1.22778,1.22901,1.22592,1.22888,15139.0,Interval.in_2_hour,29016000.0,short,short,short,short,short,short,short,short,short,short,short,short,short,short,short,short,short,short,long,short,neutral,neutral,long,short,long,long,neutral,long,long,long,long,long,long,long,long,long,long,long,long,long,long,long,long,long,long,long,long,long,long,long,long,short,short,short,short,short,short
2805,2022-12-02 18:00:00,OANDA:GBPUSD,1.22166,1.23,1.22078,1.22778,26008.0,Interval.in_2_hour,29008800.0,short,short,short,short,short,short,short,short,short,short,short,short,short,short,short,short,short,short,long,short,short,neutral,long,short,long,neutral,neutral,short,short,long,long,long,short,short,short,short,short,long,long,long,long,long,long,long,long,long,long,long,long,long,long,long,long,short,short,short,short
2806,2022-12-02 16:00:00,OANDA:GBPUSD,1.21851,1.2225,1.2167,1.22166,40042.0,Interval.in_2_hour,29001600.0,short,short,short,short,short,short,short,short,short,short,short,long,short,short,short,short,short,short,long,short,neutral,neutral,long,short,neutral,neutral,neutral,short,short,short,short,short,short,short,short,short,short,long,long,long,long,long,long,long,long,long,long,long,long,long,long,long,long,long,long,long,short
2807,2022-12-02 14:00:00,OANDA:GBPUSD,1.22774,1.22942,1.21346,1.21851,33063.0,Interval.in_2_hour,28994400.0,long,short,short,long,long,long,long,long,long,short,long,long,long,short,short,short,short,short,long,short,long,long,long,short,neutral,neutral,neutral,short,short,short,short,short,short,short,short,short,long,long,long,long,long,long,long,long,long,long,long,long,long,long,long,long,long,long,long,long,long
2808,2022-12-02 12:00:00,OANDA:GBPUSD,1.22742,1.22816,1.22553,1.22774,18082.0,Interval.in_2_hour,28987200.0,short,short,short,short,short,short,short,short,short,short,short,short,short,short,short,short,short,short,long,short,neutral,neutral,long,short,long,long,neutral,long,long,long,long,long,long,long,long,long,long,long,long,long,long,long,long,long,long,short,short,long,long,long,long,long,long,long,long,long,short
2809,2022-12-02 10:00:00,OANDA:GBPUSD,1.22619,1.22982,1.22476,1.22742,25959.0,Interval.in_2_hour,28980000.0,long,short,short,short,short,short,short,short,short,short,short,short,short,short,short,short,short,short,long,short,long,long,long,short,long,neutral,neutral,long,long,long,long,long,long,long,long,long,long,long,long,long,long,long,long,long,long,long,short,short,long,long,long,long,long,long,long,long,long
2810,2022-12-02 08:00:00,OANDA:GBPUSD,1.22293,1.22682,1.22274,1.22619,21076.0,Interval.in_2_hour,28972800.0,long,long,long,short,short,short,short,short,short,short,short,short,short,short,short,short,short,short,long,short,neutral,neutral,long,short,neutral,neutral,neutral,short,short,short,short,short,long,long,long,long,long,long,long,long,long,long,long,long,long,long,long,short,short,long,long,long,long,long,long,long,long
2811,2022-12-02 06:00:00,OANDA:GBPUSD,1.2251,1.22516,1.22248,1.22293,14396.0,Interval.in_2_hour,28965600.0,long,long,long,long,short,short,short,short,short,short,short,short,short,short,short,short,short,short,long,short,neutral,neutral,long,short,neutral,neutral,neutral,short,short,short,short,short,long,long,long,long,long,long,long,long,long,long,long,long,long,long,long,long,short,short,long,long,long,long,long,long,long
2812,2022-12-02 04:00:00,OANDA:GBPUSD,1.22426,1.22539,1.2231,1.2251,15747.0,Interval.in_2_hour,28958400.0,long,long,long,long,long,short,short,short,short,short,short,short,short,short,short,short,short,short,long,short,neutral,neutral,long,short,neutral,neutral,neutral,short,short,short,long,long,long,long,long,long,long,long,long,long,long,long,long,long,long,short,long,long,long,short,short,long,long,long,long,long,long
2813,2022-12-02 02:00:00,OANDA:GBPUSD,1.22585,1.22585,1.22314,1.22426,15931.0,Interval.in_2_hour,28951200.0,long,long,long,long,long,long,short,short,short,short,short,short,short,short,short,short,short,short,short,short,neutral,neutral,long,short,neutral,neutral,neutral,short,short,long,long,long,long,long,long,long,long,long,long,long,long,long,long,long,long,long,short,long,long,long,short,short,long,long,long,long,long
2814,2022-12-02 00:00:00,OANDA:GBPUSD,1.2255,1.22793,1.22488,1.22585,6674.0,Interval.in_2_hour,28944000.0,long,long,long,long,long,long,long,short,short,short,short,short,short,short,short,short,short,short,short,short,neutral,neutral,long,short,neutral,neutral,neutral,short,long,long,long,long,long,long,long,long,long,long,long,long,long,long,long,long,long,short,short,short,long,long,long,short,short,long,long,long,long
2815,2022-12-01 22:00:00,OANDA:GBPUSD,1.22594,1.22598,1.22392,1.2255,13249.0,Interval.in_2_hour,28936800.0,long,long,long,long,long,long,long,long,short,short,short,short,short,short,short,short,short,short,short,short,neutral,neutral,long,short,short,short,neutral,long,long,long,long,long,long,long,long,long,long,long,long,long,long,long,long,long,long,long,short,short,short,long,long,long,short,short,long,long,long
2816,2022-12-01 20:00:00,OANDA:GBPUSD,1.22598,1.22762,1.22345,1.22594,21476.0,Interval.in_2_hour,28929600.0,long,long,long,long,long,long,long,long,long,short,short,short,short,short,short,short,short,short,short,short,neutral,neutral,long,short,short,neutral,neutral,long,long,long,long,long,long,long,long,long,long,long,long,long,long,long,long,long,long,short,short,short,short,short,long,long,long,short,short,long,long
2817,2022-12-01 18:00:00,OANDA:GBPUSD,1.22674,1.22709,1.2225,1.22598,29056.0,Interval.in_2_hour,28922400.0,long,long,long,long,long,long,long,long,long,long,short,short,short,short,short,short,short,short,short,short,neutral,neutral,long,short,neutral,neutral,neutral,long,long,long,long,long,long,long,long,long,long,long,long,long,long,long,long,long,long,short,short,short,short,short,short,long,long,long,short,short,long
2818,2022-12-01 16:00:00,OANDA:GBPUSD,1.22144,1.2311,1.22092,1.22674,42107.0,Interval.in_2_hour,28915200.0,long,long,long,long,long,long,long,long,long,long,short,short,short,short,short,short,short,short,short,short,neutral,neutral,long,short,long,long,long,long,long,long,long,long,long,long,long,long,long,long,long,long,long,long,long,long,long,short,short,short,short,short,short,short,short,long,long,short,short
2819,2022-12-01 14:00:00,OANDA:GBPUSD,1.21644,1.22422,1.21636,1.22144,28422.0,Interval.in_2_hour,28908000.0,long,long,long,long,long,long,long,long,long,long,long,long,long,short,short,short,short,short,short,short,neutral,neutral,long,short,long,long,neutral,long,long,long,long,long,long,long,long,long,long,long,long,long,long,long,long,long,long,long,long,long,long,long,long,long,long,long,long,long,short
2820,2022-12-01 12:00:00,OANDA:GBPUSD,1.21502,1.21662,1.21352,1.21644,20688.0,Interval.in_2_hour,28900800.0,long,long,long,long,long,long,long,long,long,long,long,long,long,long,long,long,long,long,short,short,neutral,neutral,long,short,long,neutral,neutral,long,long,long,long,long,long,long,long,long,long,long,long,long,long,long,long,long,long,long,long,long,long,long,long,long,long,long,long,long,long
2821,2022-12-01 10:00:00,OANDA:GBPUSD,1.20754,1.21513,1.20752,1.21502,26146.0,Interval.in_2_hour,28893600.0,long,long,long,long,long,long,long,long,long,long,long,long,long,long,long,long,long,long,short,short,short,neutral,long,short,neutral,neutral,neutral,long,long,long,long,long,long,long,long,long,long,long,long,long,long,long,long,long,long,long,long,long,long,long,long,long,long,long,long,long,long
2822,2022-12-01 08:00:00,OANDA:GBPUSD,1.21026,1.2119,1.20698,1.20754,22949.0,Interval.in_2_hour,28886400.0,long,long,long,long,long,long,long,long,long,long,long,long,long,long,long,long,long,long,short,long,neutral,neutral,long,short,neutral,neutral,neutral,long,long,long,long,long,long,long,long,long,long,long,long,long,long,long,long,long,long,long,long,long,long,long,long,long,long,long,long,long,long
2823,2022-12-01 06:00:00,OANDA:GBPUSD,1.20904,1.2108,1.20866,1.21026,16244.0,Interval.in_2_hour,28879200.0,long,long,long,long,long,long,long,long,long,long,long,long,long,long,long,long,long,long,short,long,neutral,neutral,long,short,long,long,long,long,long,long,long,long,long,long,long,long,long,long,long,long,long,long,long,long,long,short,long,long,long,long,long,long,long,long,long,long,long
2824,2022-12-01 04:00:00,OANDA:GBPUSD,1.20836,1.20944,1.2074,1.20904,18240.0,Interval.in_2_hour,28872000.0,long,long,long,long,long,long,long,long,long,long,long,long,long,long,long,long,long,long,short,long,neutral,neutral,long,short,long,long,neutral,long,long,long,long,long,long,long,long,long,long,long,long,long,long,long,long,long,long,long,short,long,long,long,long,long,long,long,long,long,long
2825,2022-12-01 02:00:00,OANDA:GBPUSD,1.20753,1.21052,1.20736,1.20836,20700.0,Interval.in_2_hour,28864800.0,long,long,long,long,long,long,long,long,long,long,long,long,long,long,long,long,long,long,short,short,neutral,neutral,long,short,long,neutral,neutral,long,long,long,long,long,long,long,long,long,long,long,long,long,long,long,long,long,long,long,long,short,long,long,long,long,long,long,long,long,long
2826,2022-12-01 00:00:00,OANDA:GBPUSD,1.20571,1.20889,1.20529,1.20753,8587.0,Interval.in_2_hour,28857600.0,long,long,long,long,long,long,long,long,long,long,long,long,long,long,long,long,long,long,short,short,neutral,neutral,long,short,neutral,neutral,neutral,long,long,long,long,long,long,long,long,long,long,long,long,long,long,long,long,long,long,long,long,long,long,long,long,long,long,long,long,long,long
2827,2022-11-30 22:00:00,OANDA:GBPUSD,1.20578,1.20872,1.2046,1.20571,22176.0,Interval.in_2_hour,28850400.0,long,long,long,long,long,long,long,long,long,long,long,long,long,long,long,long,long,long,short,long,neutral,neutral,long,short,neutral,neutral,neutral,long,long,long,long,long,long,long,long,long,long,long,long,long,long,long,long,long,long,long,long,long,long,long,long,long,long,long,long,long,long
2828,2022-11-30 20:00:00,OANDA:GBPUSD,1.19428,1.20604,1.19223,1.20578,38036.0,Interval.in_2_hour,28843200.0,long,long,long,long,long,long,long,long,long,long,long,long,long,long,long,long,long,long,short,short,short,neutral,long,short,long,neutral,neutral,long,short,long,long,long,long,long,long,long,long,long,long,short,short,short,short,short,long,short,long,long,long,long,long,long,long,long,long,long,long
2829,2022-11-30 18:00:00,OANDA:GBPUSD,1.19118,1.19651,1.19005,1.19428,23669.0,Interval.in_2_hour,28836000.0,long,long,long,long,long,long,long,long,long,long,long,long,long,long,long,long,long,long,short,long,neutral,neutral,long,short,neutral,neutral,neutral,short,short,short,short,short,short,short,short,short,short,short,short,short,short,short,short,short,short,long,long,long,long,long,long,long,long,long,long,long,long
2830,2022-11-30 16:00:00,OANDA:GBPUSD,1.19868,1.20251,1.1908,1.19118,34559.0,Interval.in_2_hour,28828800.0,long,long,long,long,long,long,long,long,long,long,long,long,long,long,long,long,long,long,short,long,neutral,neutral,long,short,short,short,neutral,short,short,short,short,short,long,short,short,short,short,short,short,short,short,short,short,short,short,long,long,long,long,long,long,long,long,long,long,long,long
2831,2022-11-30 14:00:00,OANDA:GBPUSD,1.20116,1.2019,1.19858,1.19868,24906.0,Interval.in_2_hour,28821600.0,long,long,long,long,long,long,long,long,long,long,long,long,long,long,long,long,long,long,short,long,long,long,long,short,short,neutral,neutral,long,long,long,long,long,long,long,long,long,short,short,short,short,short,long,long,long,long,short,short,long,long,long,long,long,long,long,long,long,long
2832,2022-11-30 12:00:00,OANDA:GBPUSD,1.2015,1.20295,1.19874,1.20116,21798.0,Interval.in_2_hour,28814400.0,long,long,long,long,long,long,long,long,long,long,long,long,long,long,long,long,long,long,short,long,neutral,neutral,long,short,neutral,neutral,neutral,long,long,long,long,long,long,long,long,long,long,long,short,long,long,long,long,long,long,short,short,short,long,long,long,long,long,long,long,long,long
2833,2022-11-30 10:00:00,OANDA:GBPUSD,1.19666,1.2016,1.19544,1.2015,23822.0,Interval.in_2_hour,28807200.0,long,long,long,long,long,long,long,long,long,long,long,long,long,long,long,long,long,long,short,long,short,neutral,long,short,neutral,neutral,neutral,long,long,long,long,long,long,short,short,short,short,short,short,short,long,long,long,long,short,short,short,short,short,long,long,long,long,long,long,long,long
2834,2022-11-30 08:00:00,OANDA:GBPUSD,1.19793,1.19856,1.195,1.19666,16650.0,Interval.in_2_hour,28800000.0,long,long,long,long,long,long,long,long,long,long,long,long,long,long,long,long,long,long,short,long,long,neutral,long,short,neutral,neutral,neutral,long,long,long,long,short,short,short,short,short,short,short,short,short,long,long,short,short,short,long,long,long,short,short,long,long,long,long,long,long,long
2835,2022-11-30 06:00:00,OANDA:GBPUSD,1.19786,1.19937,1.19786,1.19793,16372.0,Interval.in_2_hour,28792800.0,long,long,long,long,long,long,long,long,long,long,long,long,long,long,long,long,long,long,short,long,neutral,neutral,long,short,neutral,neutral,neutral,long,long,long,short,short,short,short,short,short,short,short,long,long,long,long,short,short,short,short,long,long,long,short,short,long,long,long,long,long,long
2836,2022-11-30 04:00:00,OANDA:GBPUSD,1.19817,1.1985,1.19712,1.19786,16078.0,Interval.in_2_hour,28785600.0,long,long,long,long,long,long,long,long,long,long,long,long,long,long,long,long,long,long,short,long,neutral,neutral,long,short,neutral,neutral,neutral,long,long,short,short,short,short,short,short,short,short,long,long,long,long,short,short,short,short,long,short,long,long,long,short,short,long,long,long,long,long
2837,2022-11-30 02:00:00,OANDA:GBPUSD,1.19464,1.19906,1.19428,1.19817,16474.0,Interval.in_2_hour,28778400.0,long,long,long,long,long,long,long,long,long,long,long,long,long,long,long,long,long,long,short,long,neutral,neutral,long,short,neutral,neutral,neutral,long,short,short,short,short,short,short,short,short,short,long,long,short,short,short,short,short,short,short,short,short,long,long,long,short,short,long,long,long,long
2838,2022-11-30 00:00:00,OANDA:GBPUSD,1.19506,1.19609,1.19417,1.19464,7653.0,Interval.in_2_hour,28771200.0,long,long,long,long,long,long,long,long,long,long,long,long,long,long,long,long,long,long,short,long,short,short,long,short,short,short,short,short,short,short,short,short,short,short,short,short,short,short,short,short,short,short,short,short,short,long,long,long,long,long,long,long,short,short,long,long,long
2839,2022-11-29 22:00:00,OANDA:GBPUSD,1.19526,1.19534,1.19454,1.19506,9681.0,Interval.in_2_hour,28764000.0,long,long,long,long,long,long,long,long,long,long,long,long,long,long,long,long,long,long,short,long,neutral,neutral,long,short,short,short,neutral,short,short,short,short,short,short,short,short,short,short,short,short,short,short,short,short,short,short,short,long,long,long,long,long,long,long,short,short,long,long
2840,2022-11-29 20:00:00,OANDA:GBPUSD,1.19715,1.1977,1.19452,1.19526,14974.0,Interval.in_2_hour,28756800.0,long,long,long,long,long,long,long,long,long,long,long,long,long,long,long,long,long,long,short,long,neutral,neutral,long,short,short,neutral,neutral,short,short,short,short,short,short,short,long,long,short,short,short,short,short,short,short,short,short,short,short,long,long,long,long,long,long,long,short,short,long
2841,2022-11-29 18:00:00,OANDA:GBPUSD,1.19996,1.2003,1.19646,1.19715,22459.0,Interval.in_2_hour,28749600.0,long,long,long,long,long,long,long,long,long,long,long,long,long,long,long,long,long,long,short,long,neutral,neutral,long,short,neutral,neutral,neutral,short,short,short,short,short,long,long,long,long,short,short,short,short,short,short,short,short,short,short,short,short,long,long,long,short,long,long,long,short,short
2842,2022-11-29 16:00:00,OANDA:GBPUSD,1.19876,1.2018,1.19532,1.19996,31630.0,Interval.in_2_hour,28742400.0,short,long,long,long,long,long,long,long,long,long,long,long,long,long,long,long,long,long,short,long,neutral,neutral,long,short,neutral,neutral,neutral,short,short,short,short,long,long,long,long,short,short,short,short,short,short,short,short,short,short,short,short,short,short,short,short,short,short,long,long,short,short
2843,2022-11-29 14:00:00,OANDA:GBPUSD,1.20265,1.20354,1.19786,1.19876,26165.0,Interval.in_2_hour,28735200.0,short,short,long,long,long,long,long,long,long,long,long,long,long,long,long,long,long,long,short,long,neutral,neutral,long,short,neutral,neutral,neutral,short,short,long,long,long,long,long,short,short,short,short,short,short,short,short,short,short,short,long,short,short,short,short,short,short,short,short,long,long,short
2844,2022-11-29 12:00:00,OANDA:GBPUSD,1.19864,1.20274,1.19806,1.20265,23184.0,Interval.in_2_hour,28728000.0,short,short,short,long,long,long,long,long,long,long,long,long,long,long,long,long,long,long,short,long,neutral,neutral,long,short,neutral,neutral,neutral,short,long,long,long,long,long,short,short,short,short,short,short,short,short,short,short,short,short,short,short,short,short,short,short,short,short,short,short,short,short
2845,2022-11-29 10:00:00,OANDA:GBPUSD,1.20346,1.20646,1.198,1.19864,30142.0,Interval.in_2_hour,28720800.0,long,long,short,short,long,long,long,long,long,long,long,long,long,long,long,long,long,long,short,long,short,neutral,long,short,neutral,neutral,neutral,long,long,long,long,long,short,short,short,short,short,short,short,short,short,short,short,short,short,long,long,long,short,short,short,short,short,short,short,short,long
2846,2022-11-29 08:00:00,OANDA:GBPUSD,1.20118,1.20394,1.19802,1.20346,25697.0,Interval.in_2_hour,28713600.0,short,short,short,short,short,long,long,long,long,long,long,long,long,long,long,long,long,long,short,long,neutral,neutral,long,short,long,long,long,long,long,long,long,long,short,short,short,short,short,short,short,short,short,short,short,short,short,short,short,short,short,short,short,short,short,short,short,short,short
2847,2022-11-29 06:00:00,OANDA:GBPUSD,1.20036,1.20226,1.19984,1.20118,15937.0,Interval.in_2_hour,28706400.0,short,long,short,short,short,short,long,long,long,long,long,long,long,long,long,long,long,long,short,long,neutral,neutral,long,short,long,long,neutral,long,long,long,short,short,short,short,short,short,short,short,short,short,short,short,short,short,short,long,short,long,short,short,short,short,short,short,short,short,short
2848,2022-11-29 04:00:00,OANDA:GBPUSD,1.19898,1.20118,1.19831,1.20036,17552.0,Interval.in_2_hour,28699200.0,short,short,long,long,short,short,short,long,long,long,long,long,long,long,long,long,long,long,short,long,neutral,neutral,long,short,long,neutral,neutral,long,long,short,short,short,short,short,short,short,short,short,short,short,short,short,short,short,short,long,long,short,long,short,short,short,short,short,short,short,short
2849,2022-11-29 02:00:00,OANDA:GBPUSD,1.19598,1.19925,1.19528,1.19898,19297.0,Interval.in_2_hour,28692000.0,short,short,short,long,long,short,short,short,long,long,long,long,long,long,long,long,long,long,short,long,neutral,neutral,long,short,neutral,neutral,neutral,short,short,short,short,short,short,short,short,short,short,short,short,short,short,short,short,short,short,long,long,long,short,long,short,long,short,short,short,short,short
2850,2022-11-29 00:00:00,OANDA:GBPUSD,1.19602,1.19654,1.1952,1.19598,11153.0,Interval.in_2_hour,28684800.0,long,long,long,long,long,long,long,short,short,long,long,long,long,long,long,long,long,long,short,long,short,short,long,short,neutral,neutral,neutral,short,short,short,short,short,short,short,short,short,short,short,short,short,short,short,short,short,short,long,long,long,long,long,long,long,long,long,short,short,short
2851,2022-11-28 22:00:00,OANDA:GBPUSD,1.19522,1.19608,1.19405,1.19602,12516.0,Interval.in_2_hour,28677600.0,short,long,long,long,long,long,long,long,short,short,long,long,long,long,long,long,long,long,short,long,neutral,neutral,long,short,neutral,neutral,neutral,short,short,short,short,short,short,short,short,short,short,short,short,short,short,short,short,short,short,short,long,long,long,long,long,long,long,long,long,short,short
2852,2022-11-28 20:00:00,OANDA:GBPUSD,1.20012,1.20078,1.19504,1.19522,15044.0,Interval.in_2_hour,28670400.0,short,short,long,long,long,long,long,long,long,short,short,long,long,long,long,long,long,long,short,long,neutral,neutral,long,short,short,short,short,short,short,short,short,short,short,short,short,short,short,short,short,short,short,short,short,short,short,long,long,long,long,long,long,long,long,long,long,long,long
2853,2022-11-28 18:00:00,OANDA:GBPUSD,1.20382,1.2042,1.2001,1.20012,22099.0,Interval.in_2_hour,28663200.0,short,short,short,short,short,short,short,long,long,short,short,short,long,long,long,long,long,long,short,long,neutral,neutral,long,short,short,short,neutral,short,short,short,short,short,short,short,short,short,short,short,short,short,short,short,short,short,short,short,short,short,short,long,long,long,short,long,short,short,short
2854,2022-11-28 16:00:00,OANDA:GBPUSD,1.20757,1.2076,1.20306,1.20382,27828.0,Interval.in_2_hour,28656000.0,short,short,short,short,short,short,short,short,short,short,short,short,short,long,long,long,long,long,short,long,neutral,neutral,long,short,short,neutral,neutral,short,short,long,long,long,short,short,short,short,short,short,short,short,short,short,short,short,short,short,short,short,short,short,short,short,short,short,short,short,short
2855,2022-11-28 14:00:00,OANDA:GBPUSD,1.20948,1.2101,1.20595,1.20757,21254.0,Interval.in_2_hour,28648800.0,short,short,short,short,short,short,short,short,short,short,short,short,short,short,short,short,short,long,short,long,neutral,neutral,long,short,neutral,neutral,neutral,long,long,long,long,long,short,short,short,short,long,long,short,short,short,short,short,short,short,short,short,short,short,short,short,short,short,short,short,short,short
2856,2022-11-28 12:00:00,OANDA:GBPUSD,1.20876,1.21102,1.20803,1.20948,22685.0,Interval.in_2_hour,28641600.0,short,short,short,short,short,short,short,short,short,short,short,short,short,short,short,short,short,short,short,long,neutral,neutral,long,short,long,long,long,long,long,long,long,short,short,short,long,long,long,long,short,short,short,short,short,short,short,short,short,short,short,short,short,short,short,short,short,short,short
2857,2022-11-28 10:00:00,OANDA:GBPUSD,1.20656,1.21184,1.20534,1.20876,28335.0,Interval.in_2_hour,28634400.0,short,short,short,short,short,short,short,short,short,short,short,short,short,short,short,short,short,short,short,long,neutral,neutral,long,short,long,long,long,long,long,long,short,short,short,short,short,short,short,short,short,short,short,short,short,short,short,long,short,short,short,short,short,short,short,short,short,short,short
2858,2022-11-28 08:00:00,OANDA:GBPUSD,1.20495,1.20828,1.2047,1.20656,19017.0,Interval.in_2_hour,28627200.0,short,short,short,short,short,short,short,short,short,short,short,short,short,short,short,short,short,short,short,long,short,short,long,short,long,long,neutral,long,short,short,short,short,short,short,short,short,short,short,short,short,short,short,short,short,short,long,long,long,short,short,short,short,short,short,short,short,short
2859,2022-11-28 06:00:00,OANDA:GBPUSD,1.20469,1.20602,1.20435,1.20495,10935.0,Interval.in_2_hour,28620000.0,short,short,short,short,short,short,short,short,short,short,short,short,short,short,short,short,short,short,short,long,neutral,neutral,long,short,long,neutral,neutral,short,short,short,short,short,short,short,short,short,short,short,short,short,short,short,short,short,short,long,long,long,long,short,short,short,short,short,short,short,short
2860,2022-11-28 04:00:00,OANDA:GBPUSD,1.20385,1.20554,1.2026,1.20469,15660.0,Interval.in_2_hour,28612800.0,short,short,short,short,short,short,short,short,short,short,short,short,short,short,short,short,short,short,short,long,neutral,neutral,long,short,neutral,neutral,neutral,short,short,short,short,short,short,short,short,short,short,short,short,short,short,short,short,short,short,long,long,long,long,long,short,short,short,short,short,short,short
2861,2022-11-28 02:00:00,OANDA:GBPUSD,1.20542,1.20754,1.20307,1.20385,17731.0,Interval.in_2_hour,28605600.0,short,short,short,short,short,short,short,short,short,short,short,short,short,short,short,short,short,short,short,long,neutral,neutral,long,short,short,short,neutral,short,short,short,short,short,short,short,short,short,short,short,short,short,short,short,short,short,short,long,long,long,long,long,long,short,short,short,short,short,short
2862,2022-11-28 00:00:00,OANDA:GBPUSD,1.20947,1.20947,1.20514,1.20542,7621.0,Interval.in_2_hour,28598400.0,short,short,short,short,short,short,short,short,short,short,short,short,short,short,short,short,short,short,short,long,neutral,neutral,long,short,short,neutral,neutral,short,short,short,short,short,short,short,short,short,short,short,short,short,short,short,short,short,short,short,short,short,long,long,long,long,short,short,short,short,short
2863,2022-11-25 22:00:00,OANDA:GBPUSD,1.20971,1.21056,1.20833,1.20947,9127.0,Interval.in_2_hour,28418400.0,short,short,short,short,short,short,short,short,short,short,short,short,short,short,short,short,short,short,short,long,neutral,neutral,long,short,neutral,neutral,neutral,long,long,long,long,short,short,short,short,short,short,short,short,short,short,short,long,long,short,short,short,short,short,short,short,long,short,short,short,short,short
2864,2022-11-25 20:00:00,OANDA:GBPUSD,1.20949,1.21001,1.20721,1.20971,30356.0,Interval.in_2_hour,28411200.0,short,short,short,short,short,short,short,short,short,short,short,short,short,short,short,short,short,short,short,long,neutral,neutral,long,short,neutral,neutral,neutral,long,long,long,neutral,short,short,short,short,short,short,short,short,short,short,long,long,short,long,short,short,short,short,short,short,short,short,short,short,short,short
2865,2022-11-25 18:00:00,OANDA:GBPUSD,1.20951,1.21112,1.20818,1.20949,15793.0,Interval.in_2_hour,28404000.0,short,short,short,short,short,short,short,short,short,short,short,short,short,short,short,short,short,short,short,long,neutral,neutral,long,short,neutral,neutral,neutral,long,long,short,short,short,short,short,short,short,short,short,short,short,long,long,short,short,long,long,short,short,short,short,short,short,short,short,short,short,short
2866,2022-11-25 16:00:00,OANDA:GBPUSD,1.20798,1.20979,1.20634,1.20951,22230.0,Interval.in_2_hour,28396800.0,short,short,short,short,short,short,short,short,short,short,short,short,short,short,short,short,short,short,short,long,neutral,neutral,long,short,neutral,neutral,neutral,long,short,short,short,short,short,short,short,short,short,short,short,short,short,short,short,long,long,short,long,short,short,short,short,short,short,short,short,short,short
2867,2022-11-25 14:00:00,OANDA:GBPUSD,1.20861,1.21013,1.20582,1.20798,20130.0,Interval.in_2_hour,28389600.0,short,short,short,short,short,short,short,short,short,short,short,short,short,short,short,short,short,short,short,long,neutral,neutral,long,short,neutral,neutral,neutral,short,short,short,short,short,short,short,short,short,short,short,short,short,short,short,long,long,long,long,long,long,long,short,short,short,short,short,long,long,short
2868,2022-11-25 12:00:00,OANDA:GBPUSD,1.20803,1.21203,1.20736,1.20861,18290.0,Interval.in_2_hour,28382400.0,short,short,short,short,short,short,short,short,short,short,short,short,short,short,short,short,short,short,short,long,neutral,neutral,long,short,neutral,neutral,neutral,short,short,short,short,short,short,short,short,short,short,short,short,short,short,long,long,long,long,short,long,long,long,long,short,short,short,short,short,long,long
2869,2022-11-25 10:00:00,OANDA:GBPUSD,1.20914,1.21191,1.20726,1.20803,22674.0,Interval.in_2_hour,28375200.0,long,short,short,short,short,short,short,short,short,short,short,short,short,short,short,short,short,short,short,long,neutral,neutral,long,short,short,short,neutral,short,short,short,short,short,short,short,short,short,short,short,short,short,long,long,long,long,long,long,short,long,long,long,long,short,short,short,short,short,long
2870,2022-11-25 08:00:00,OANDA:GBPUSD,1.21006,1.21251,1.20914,1.20914,16656.0,Interval.in_2_hour,28368000.0,short,long,short,short,short,short,short,short,short,short,short,short,short,short,short,short,short,short,short,long,neutral,neutral,long,short,short,neutral,neutral,short,short,short,short,short,short,short,short,long,long,short,long,long,long,long,long,long,long,short,short,short,long,long,long,long,short,short,short,short,short
2871,2022-11-25 06:00:00,OANDA:GBPUSD,1.21113,1.21279,1.20958,1.21006,14106.0,Interval.in_2_hour,28360800.0,short,short,short,short,short,short,short,short,short,short,short,short,short,short,short,short,short,short,short,long,neutral,neutral,long,short,neutral,neutral,neutral,short,short,short,short,short,short,short,long,long,long,long,long,long,long,long,long,long,long,short,short,short,short,short,short,short,short,short,short,short,short
2872,2022-11-25 04:00:00,OANDA:GBPUSD,1.21014,1.21138,1.21004,1.21113,11217.0,Interval.in_2_hour,28353600.0,short,short,short,short,short,short,short,short,short,short,short,short,short,short,short,short,short,short,short,long,neutral,neutral,long,short,neutral,neutral,neutral,short,short,short,short,short,short,long,long,long,long,long,long,long,long,long,long,long,long,short,short,short,short,short,short,short,short,short,short,short,short
2873,2022-11-25 02:00:00,OANDA:GBPUSD,1.21125,1.21165,1.20969,1.21014,12998.0,Interval.in_2_hour,28346400.0,short,short,short,short,short,short,short,short,short,short,short,short,short,short,short,short,short,short,short,long,long,long,long,short,short,short,short,short,short,short,short,short,long,long,long,long,long,long,long,long,long,long,long,long,long,long,short,short,short,short,short,short,short,short,short,short,short
2874,2022-11-25 00:00:00,OANDA:GBPUSD,1.21136,1.21192,1.21108,1.21125,3648.0,Interval.in_2_hour,28339200.0,short,short,short,short,short,short,short,short,short,short,short,short,short,short,short,short,short,short,short,long,neutral,neutral,long,short,short,short,short,short,short,short,long,long,long,long,long,long,long,long,long,long,long,long,long,long,long,short,short,short,short,short,short,short,short,short,short,short,short
2875,2022-11-24 22:00:00,OANDA:GBPUSD,1.21195,1.21214,1.21126,1.21136,10960.0,Interval.in_2_hour,28332000.0,short,short,short,short,short,short,short,short,short,short,short,short,short,short,short,short,short,short,short,long,neutral,neutral,long,short,short,short,neutral,short,short,long,long,long,long,long,long,long,long,long,long,long,long,long,long,long,long,short,short,short,short,short,short,short,short,short,short,short,short
2876,2022-11-24 20:00:00,OANDA:GBPUSD,1.21238,1.21244,1.21112,1.21195,4735.0,Interval.in_2_hour,28324800.0,short,short,short,short,short,short,short,short,short,short,short,short,short,short,short,short,short,short,short,long,neutral,neutral,long,short,short,neutral,neutral,short,long,long,long,long,long,long,long,long,long,long,long,long,long,long,long,long,long,short,short,short,short,short,short,short,short,short,short,short,short
2877,2022-11-24 18:00:00,OANDA:GBPUSD,1.21403,1.21421,1.21162,1.21238,11448.0,Interval.in_2_hour,28317600.0,short,short,short,short,short,short,short,short,short,short,short,short,short,short,short,short,short,short,short,long,long,long,long,short,neutral,neutral,neutral,long,long,long,long,long,long,long,long,long,long,long,long,long,long,long,long,long,long,short,short,short,short,short,short,short,short,short,short,short,short
2878,2022-11-24 16:00:00,OANDA:GBPUSD,1.21176,1.21537,1.2117,1.21403,17077.0,Interval.in_2_hour,28310400.0,short,short,short,short,short,short,short,short,short,short,short,short,short,short,short,short,short,short,short,long,neutral,neutral,long,short,neutral,neutral,neutral,long,long,long,long,long,long,long,long,long,long,long,long,long,long,long,long,long,long,short,short,short,short,short,short,short,short,short,short,short,short
2879,2022-11-24 14:00:00,OANDA:GBPUSD,1.21266,1.21323,1.2104,1.21176,19872.0,Interval.in_2_hour,28303200.0,short,short,short,short,short,short,short,short,short,short,short,short,short,short,short,short,short,short,short,long,neutral,neutral,long,short,neutral,neutral,neutral,long,long,long,long,long,long,long,long,long,long,long,long,long,long,long,long,long,long,long,long,long,short,short,short,short,short,short,short,short,short
2880,2022-11-24 12:00:00,OANDA:GBPUSD,1.20938,1.21317,1.20873,1.21266,21835.0,Interval.in_2_hour,28296000.0,short,short,short,short,short,short,short,short,short,short,short,short,short,short,short,short,short,short,short,long,neutral,neutral,long,short,long,neutral,neutral,long,long,long,long,long,long,long,long,long,long,long,long,long,long,long,long,long,long,short,long,short,short,short,short,short,short,short,short,short,short
2881,2022-11-24 10:00:00,OANDA:GBPUSD,1.20822,1.2095,1.20598,1.20938,22184.0,Interval.in_2_hour,28288800.0,short,short,long,long,long,long,short,short,short,short,short,short,long,short,short,short,short,short,short,short,neutral,neutral,long,short,neutral,neutral,neutral,short,long,long,long,long,long,long,long,long,long,long,long,long,long,long,long,long,long,long,long,long,long,long,long,long,long,long,long,short,short
2882,2022-11-24 08:00:00,OANDA:GBPUSD,1.20934,1.20976,1.20788,1.20822,19336.0,Interval.in_2_hour,28281600.0,short,long,short,long,long,long,long,short,short,short,short,short,long,long,short,short,short,short,short,short,long,long,long,short,short,neutral,neutral,long,long,long,long,long,long,long,long,long,long,long,long,long,long,long,long,long,long,long,long,long,long,long,long,long,long,long,long,long,long
2883,2022-11-24 06:00:00,OANDA:GBPUSD,1.2103,1.2113,1.20868,1.20934,14453.0,Interval.in_2_hour,28274400.0,short,short,short,short,long,long,long,long,short,short,short,short,short,short,long,short,short,short,short,short,neutral,neutral,long,short,neutral,neutral,neutral,long,long,long,long,long,long,long,long,long,long,long,long,long,long,long,long,long,long,short,long,long,long,long,long,long,long,long,long,long,long
2884,2022-11-24 04:00:00,OANDA:GBPUSD,1.20886,1.21052,1.20797,1.2103,14224.0,Interval.in_2_hour,28267200.0,short,short,short,short,short,short,short,short,short,short,short,short,short,short,short,short,short,short,short,short,neutral,neutral,long,short,long,long,neutral,long,long,long,long,long,long,long,long,long,long,long,long,long,long,long,long,long,long,short,short,short,long,long,long,long,long,long,long,short,long
2885,2022-11-24 02:00:00,OANDA:GBPUSD,1.20771,1.20926,1.20587,1.20886,20712.0,Interval.in_2_hour,28260000.0,long,long,long,short,short,short,long,long,long,long,short,short,short,short,short,short,long,short,short,short,long,long,long,short,long,neutral,neutral,long,long,long,long,long,long,long,long,long,long,long,long,long,long,long,long,long,long,long,long,short,long,long,long,long,long,long,long,long,long
2886,2022-11-24 00:00:00,OANDA:GBPUSD,1.20544,1.20782,1.20496,1.20771,16400.0,Interval.in_2_hour,28252800.0,long,long,long,long,long,long,long,long,long,long,long,short,short,short,short,short,long,long,short,short,neutral,neutral,long,short,neutral,neutral,neutral,long,long,long,long,long,long,long,long,long,long,long,long,long,long,long,long,long,long,long,long,long,long,long,long,long,long,long,long,long,long
2887,2022-11-23 22:00:00,OANDA:GBPUSD,1.20654,1.20726,1.20517,1.20544,13633.0,Interval.in_2_hour,28245600.0,long,long,long,long,long,long,long,long,long,long,long,long,short,short,short,short,long,long,short,short,neutral,neutral,long,short,neutral,neutral,neutral,long,long,long,long,long,long,long,long,long,long,long,long,long,long,long,long,long,long,long,long,long,long,long,long,long,long,long,long,long,long
2888,2022-11-23 20:00:00,OANDA:GBPUSD,1.20299,1.20692,1.20197,1.20654,25325.0,Interval.in_2_hour,28238400.0,long,long,long,long,long,long,long,long,long,long,long,long,long,short,short,short,short,long,short,short,long,long,long,short,neutral,neutral,neutral,long,long,long,long,long,long,long,long,long,long,long,long,long,long,long,long,long,long,short,long,long,long,long,long,long,long,long,long,long,long
2889,2022-11-23 18:00:00,OANDA:GBPUSD,1.20666,1.20744,1.20274,1.20299,19422.0,Interval.in_2_hour,28231200.0,long,long,long,long,long,long,long,long,long,long,long,long,long,long,long,long,long,long,short,short,neutral,neutral,long,short,neutral,neutral,neutral,long,long,long,long,long,long,long,long,long,long,long,long,long,long,long,long,long,long,long,long,long,long,long,long,long,long,long,long,long,long
2890,2022-11-23 16:00:00,OANDA:GBPUSD,1.19707,1.20808,1.19661,1.20666,33337.0,Interval.in_2_hour,28224000.0,long,long,long,long,long,long,long,long,long,long,long,long,long,long,long,short,short,short,short,short,neutral,neutral,long,short,long,long,long,long,long,long,long,long,long,long,long,long,long,long,long,long,long,long,long,long,long,short,short,short,long,long,long,long,long,long,long,long,long
2891,2022-11-23 14:00:00,OANDA:GBPUSD,1.19388,1.1982,1.1928,1.19707,23106.0,Interval.in_2_hour,28216800.0,long,long,long,long,long,long,long,long,long,long,long,long,long,long,long,long,long,long,short,long,neutral,neutral,long,short,long,long,long,long,long,long,long,long,long,long,long,long,long,long,long,long,long,long,long,long,long,long,long,long,long,long,long,long,long,long,long,long,long
2892,2022-11-23 12:00:00,OANDA:GBPUSD,1.19194,1.19462,1.19051,1.19388,16971.0,Interval.in_2_hour,28209600.0,long,long,long,long,long,long,long,long,long,long,long,long,long,long,long,long,long,long,short,long,neutral,neutral,long,short,long,long,long,long,long,long,long,long,long,long,long,long,long,long,long,long,long,long,long,long,long,long,long,long,long,long,long,long,long,long,long,long,long
2893,2022-11-23 10:00:00,OANDA:GBPUSD,1.19038,1.19366,1.18747,1.19194,20820.0,Interval.in_2_hour,28202400.0,long,long,long,long,long,long,long,long,long,long,long,long,long,long,long,long,long,long,short,long,neutral,neutral,long,short,long,long,neutral,long,long,long,long,long,long,long,long,long,long,long,long,long,long,long,long,long,long,long,long,long,long,long,long,long,long,long,long,long,long
2894,2022-11-23 08:00:00,OANDA:GBPUSD,1.1886,1.19124,1.18825,1.19038,17092.0,Interval.in_2_hour,28195200.0,long,long,long,long,long,long,long,long,long,long,long,long,long,long,long,long,long,long,short,long,neutral,neutral,long,short,long,neutral,neutral,long,long,long,long,long,long,long,long,long,long,long,long,long,long,long,long,long,long,long,long,long,long,long,long,long,long,long,long,long,long
2895,2022-11-23 06:00:00,OANDA:GBPUSD,1.18796,1.18916,1.18729,1.1886,10102.0,Interval.in_2_hour,28188000.0,long,long,long,long,long,long,long,long,long,long,long,long,long,long,long,long,long,long,short,long,neutral,neutral,long,short,neutral,neutral,neutral,short,short,short,long,long,long,long,long,long,long,long,long,long,long,long,long,long,long,long,long,long,long,long,long,long,long,long,long,long,long
2896,2022-11-23 04:00:00,OANDA:GBPUSD,1.18851,1.18946,1.1876,1.18796,10168.0,Interval.in_2_hour,28180800.0,long,long,long,long,long,long,long,long,long,long,long,long,long,long,long,long,long,long,short,long,neutral,neutral,long,short,short,neutral,neutral,short,short,long,long,long,long,long,long,long,long,long,long,long,long,long,long,long,long,long,long,long,long,long,long,long,long,long,long,long,long
2897,2022-11-23 02:00:00,OANDA:GBPUSD,1.18942,1.19095,1.18764,1.18851,15753.0,Interval.in_2_hour,28173600.0,long,long,long,long,long,long,long,long,long,long,long,long,long,long,long,long,long,long,short,long,long,neutral,long,short,neutral,neutral,neutral,long,long,long,long,long,long,long,long,long,long,long,long,long,long,long,long,long,long,short,long,long,long,long,long,long,long,long,long,long,long
2898,2022-11-23 00:00:00,OANDA:GBPUSD,1.18837,1.18946,1.18817,1.18942,6544.0,Interval.in_2_hour,28166400.0,long,long,long,long,long,long,long,long,long,long,long,long,long,long,long,long,long,long,short,long,neutral,neutral,long,short,neutral,neutral,neutral,long,long,long,long,long,long,long,long,long,long,long,long,long,long,long,long,long,long,short,short,short,long,long,long,long,long,long,long,long,long
2899,2022-11-22 22:00:00,OANDA:GBPUSD,1.18838,1.18934,1.18815,1.18837,10094.0,Interval.in_2_hour,28159200.0,long,long,long,long,long,long,long,long,long,long,long,long,long,long,long,long,long,long,short,long,neutral,neutral,long,short,neutral,neutral,neutral,long,long,long,long,long,long,long,long,long,long,long,long,long,long,long,long,long,long,long,long,short,long,long,long,long,long,long,long,long,long
2900,2022-11-22 20:00:00,OANDA:GBPUSD,1.1882,1.18941,1.18747,1.18838,11409.0,Interval.in_2_hour,28152000.0,long,long,long,long,long,long,long,long,long,long,long,long,long,long,long,long,long,long,short,long,neutral,neutral,long,short,long,long,long,long,long,long,long,long,long,long,long,long,long,long,long,long,long,long,long,long,long,short,long,long,short,long,long,long,long,long,long,long,long
2901,2022-11-22 18:00:00,OANDA:GBPUSD,1.18794,1.18832,1.18556,1.1882,15287.0,Interval.in_2_hour,28144800.0,long,long,long,long,long,long,long,long,long,long,long,long,long,long,long,long,long,long,long,long,neutral,neutral,long,short,long,long,long,long,long,long,long,long,long,long,long,long,long,long,long,long,long,long,long,long,long,long,long,long,long,short,long,long,long,long,long,long,long
2902,2022-11-22 16:00:00,OANDA:GBPUSD,1.18766,1.18916,1.1866,1.18794,24435.0,Interval.in_2_hour,28137600.0,long,long,long,long,long,long,long,long,long,long,long,long,long,long,long,long,long,long,long,long,neutral,neutral,long,short,long,long,long,long,long,long,long,long,long,long,long,long,long,long,long,long,long,long,long,long,short,long,long,long,long,long,long,long,long,long,long,long,long
2903,2022-11-22 14:00:00,OANDA:GBPUSD,1.18758,1.1903,1.18684,1.18766,18398.0,Interval.in_2_hour,28130400.0,long,long,long,long,long,long,long,long,long,long,long,long,long,long,long,long,long,long,long,long,neutral,neutral,long,short,long,long,long,long,long,long,long,long,long,long,long,long,long,long,long,long,long,long,long,short,short,long,long,long,long,long,long,long,long,long,long,long,long
2904,2022-11-22 12:00:00,OANDA:GBPUSD,1.186,1.18826,1.18468,1.18758,17393.0,Interval.in_2_hour,28123200.0,long,long,long,long,long,long,long,long,long,long,long,long,long,long,long,long,long,long,long,long,neutral,neutral,long,short,long,long,neutral,long,long,long,long,long,long,long,long,long,long,long,long,long,long,short,short,short,short,long,long,long,long,long,long,long,long,long,long,long,long
2905,2022-11-22 10:00:00,OANDA:GBPUSD,1.18478,1.18841,1.18286,1.186,26871.0,Interval.in_2_hour,28116000.0,long,long,long,long,long,long,long,long,long,long,long,long,long,long,long,long,long,long,long,long,neutral,neutral,long,short,long,neutral,neutral,short,long,long,long,long,long,long,long,long,long,long,long,short,short,short,short,short,short,long,long,long,long,long,long,long,long,long,long,long,long
2906,2022-11-22 08:00:00,OANDA:GBPUSD,1.18448,1.18528,1.18247,1.18478,18185.0,Interval.in_2_hour,28108800.0,long,long,long,long,long,long,long,long,long,long,long,long,long,long,long,long,long,long,long,long,neutral,neutral,long,short,neutral,neutral,neutral,long,long,long,long,long,long,long,long,long,long,long,short,short,short,short,short,short,short,long,long,long,long,long,long,long,long,long,long,long,long
2907,2022-11-22 06:00:00,OANDA:GBPUSD,1.1858,1.1858,1.18341,1.18448,14884.0,Interval.in_2_hour,28101600.0,long,long,long,long,long,long,long,long,long,long,long,long,long,long,long,long,long,long,long,long,neutral,neutral,long,short,neutral,neutral,neutral,long,long,long,long,long,long,long,long,long,long,short,short,short,short,short,short,short,short,long,long,long,long,long,long,long,long,long,long,long,long
2908,2022-11-22 04:00:00,OANDA:GBPUSD,1.18532,1.18642,1.18494,1.1858,15670.0,Interval.in_2_hour,28094400.0,long,long,long,long,long,long,long,long,long,long,long,long,long,long,long,long,long,long,long,long,neutral,neutral,long,short,long,long,long,long,long,long,long,long,long,long,long,long,short,short,short,short,short,short,short,short,short,short,short,long,long,long,long,long,long,long,long,long,long
2909,2022-11-22 02:00:00,OANDA:GBPUSD,1.1827,1.186,1.18222,1.18532,16887.0,Interval.in_2_hour,28087200.0,long,long,long,long,long,long,long,long,long,long,long,long,long,long,long,long,long,long,long,long,neutral,neutral,long,short,long,long,long,long,long,long,long,long,long,long,short,short,short,short,short,short,short,short,short,short,short,long,short,short,long,long,long,long,long,long,long,long,long
2910,2022-11-22 00:00:00,OANDA:GBPUSD,1.18231,1.18276,1.18188,1.1827,9479.0,Interval.in_2_hour,28080000.0,long,long,long,long,long,long,long,long,long,long,long,long,long,long,long,long,long,long,short,long,neutral,neutral,long,short,long,long,long,long,long,long,long,long,short,short,short,short,short,short,short,short,short,short,short,short,short,long,long,long,long,long,long,long,long,long,long,long,long
2911,2022-11-21 22:00:00,OANDA:GBPUSD,1.1815,1.18245,1.18052,1.18231,10132.0,Interval.in_2_hour,28072800.0,long,long,long,long,long,long,long,long,long,long,long,long,long,long,long,long,long,long,short,long,neutral,neutral,long,short,long,long,neutral,long,long,long,long,short,short,short,short,short,short,short,short,short,short,short,short,short,short,long,long,long,long,long,long,long,long,long,long,long,long
2912,2022-11-21 20:00:00,OANDA:GBPUSD,1.17936,1.18245,1.17912,1.1815,12694.0,Interval.in_2_hour,28065600.0,long,long,long,long,long,long,long,long,long,long,long,long,long,long,long,long,long,long,long,long,neutral,neutral,long,short,long,neutral,neutral,short,short,short,short,short,short,short,short,short,short,short,short,short,short,short,short,short,short,long,long,long,long,long,long,long,long,long,long,long,long
2913,2022-11-21 18:00:00,OANDA:GBPUSD,1.17848,1.18014,1.17788,1.17936,17970.0,Interval.in_2_hour,28058400.0,long,long,long,long,long,long,long,long,long,long,long,long,long,long,long,long,long,long,long,long,short,short,long,short,neutral,neutral,neutral,short,short,short,short,short,short,short,short,short,short,short,short,short,short,short,short,short,short,long,long,long,long,long,long,long,long,long,long,long,long
2914,2022-11-21 16:00:00,OANDA:GBPUSD,1.18094,1.18277,1.17803,1.17848,24213.0,Interval.in_2_hour,28051200.0,long,long,long,long,long,long,long,long,long,long,long,long,long,long,long,long,long,long,long,long,neutral,neutral,long,short,neutral,neutral,neutral,short,short,short,short,short,short,short,short,short,short,short,short,short,short,short,short,short,short,long,long,long,long,long,long,long,long,long,long,long,long
2915,2022-11-21 14:00:00,OANDA:GBPUSD,1.18092,1.18168,1.1785,1.18094,21892.0,Interval.in_2_hour,28044000.0,long,long,long,long,long,long,long,long,long,long,long,long,long,long,long,long,long,long,long,long,neutral,neutral,long,short,long,neutral,neutral,short,short,short,short,short,short,short,short,short,short,short,short,short,short,short,short,short,short,short,short,long,long,long,long,long,long,long,long,long,long
2916,2022-11-21 12:00:00,OANDA:GBPUSD,1.18058,1.18304,1.17986,1.18092,19323.0,Interval.in_2_hour,28036800.0,long,long,long,long,long,long,long,long,long,long,long,long,long,long,long,long,long,long,long,long,neutral,neutral,long,short,neutral,neutral,neutral,short,short,short,short,short,short,short,short,short,short,short,short,short,short,short,short,short,short,long,short,short,long,long,long,long,long,long,long,long,long
2917,2022-11-21 10:00:00,OANDA:GBPUSD,1.18186,1.18387,1.1793,1.18058,25768.0,Interval.in_2_hour,28029600.0,long,long,long,long,long,long,long,long,long,long,long,long,long,long,long,long,long,long,long,long,neutral,neutral,long,short,short,short,short,short,short,short,short,short,short,short,short,short,short,short,short,short,short,short,short,short,long,long,long,short,short,long,long,long,long,long,long,long,long
2918,2022-11-21 08:00:00,OANDA:GBPUSD,1.1833,1.18404,1.1807,1.18186,20190.0,Interval.in_2_hour,28022400.0,long,long,long,long,long,long,long,long,long,long,long,long,long,long,long,long,long,long,long,long,neutral,neutral,long,short,short,short,short,short,short,short,short,short,short,short,short,short,short,short,short,short,short,short,short,long,long,short,short,short,short,short,short,long,long,long,long,long,long
2919,2022-11-21 06:00:00,OANDA:GBPUSD,1.18549,1.18566,1.18212,1.1833,15534.0,Interval.in_2_hour,28015200.0,long,long,long,long,long,long,long,long,long,long,long,long,long,long,long,long,long,long,long,long,neutral,neutral,long,short,short,short,neutral,short,short,short,short,short,short,short,short,short,short,short,short,short,short,short,long,long,long,short,short,short,short,short,short,short,short,short,long,long,long
2920,2022-11-21 04:00:00,OANDA:GBPUSD,1.18571,1.18574,1.18366,1.18549,13886.0,Interval.in_2_hour,28008000.0,short,short,long,long,long,long,long,long,long,long,long,long,long,long,long,long,long,long,long,long,neutral,neutral,long,short,short,neutral,neutral,short,short,short,short,short,short,short,short,short,short,short,short,short,long,long,long,long,short,short,short,short,short,short,short,short,short,short,short,short,long
2921,2022-11-21 02:00:00,OANDA:GBPUSD,1.18849,1.18866,1.18462,1.18571,18398.0,Interval.in_2_hour,28000800.0,long,short,short,long,long,long,long,long,long,long,long,long,long,long,long,long,long,long,long,long,neutral,neutral,long,short,neutral,neutral,neutral,short,short,short,short,short,short,short,short,short,short,long,long,long,long,long,long,long,short,short,short,short,short,short,short,short,short,short,short,short,short
2922,2022-11-21 00:00:00,OANDA:GBPUSD,1.18841,1.19004,1.18803,1.18849,6830.0,Interval.in_2_hour,27993600.0,short,short,short,short,short,short,short,short,short,short,short,long,long,short,long,long,long,long,long,long,neutral,neutral,long,short,neutral,neutral,neutral,short,short,short,short,short,short,short,short,long,long,long,long,long,long,long,long,short,short,short,short,short,short,short,short,short,short,short,short,short,short
2923,2022-11-18 22:00:00,OANDA:GBPUSD,1.18906,1.19008,1.18798,1.18841,12040.0,Interval.in_2_hour,27813600.0,short,short,short,short,short,short,short,short,short,short,short,short,long,long,short,long,long,long,long,long,neutral,neutral,long,short,neutral,neutral,neutral,short,short,short,short,short,short,short,long,long,long,long,long,long,long,long,short,short,short,long,short,short,short,short,short,short,short,short,short,short,short
2924,2022-11-18 20:00:00,OANDA:GBPUSD,1.18793,1.18919,1.18754,1.18906,15559.0,Interval.in_2_hour,27806400.0,short,short,short,short,short,short,short,short,short,short,short,short,short,long,short,short,short,long,long,long,neutral,neutral,long,short,neutral,neutral,neutral,short,short,short,short,short,short,long,long,long,long,long,long,long,long,short,short,short,long,short,short,short,short,short,short,short,short,short,short,short,short
2925,2022-11-18 18:00:00,OANDA:GBPUSD,1.19297,1.19339,1.1873,1.18793,20417.0,Interval.in_2_hour,27799200.0,short,short,short,short,short,short,short,short,short,short,long,long,long,long,long,long,long,long,long,long,neutral,neutral,long,short,neutral,neutral,neutral,short,short,short,short,long,long,long,long,long,long,long,long,long,short,short,long,long,long,long,long,long,short,short,short,short,short,short,short,short,short
2926,2022-11-18 16:00:00,OANDA:GBPUSD,1.19066,1.1938,1.1874,1.19297,29218.0,Interval.in_2_hour,27792000.0,short,short,short,short,short,short,short,short,short,short,short,short,short,short,short,short,short,short,long,long,neutral,neutral,long,short,neutral,neutral,neutral,short,long,long,long,long,long,long,long,long,long,long,long,long,long,long,long,long,long,short,short,short,short,short,short,short,short,short,short,short,short
2927,2022-11-18 14:00:00,OANDA:GBPUSD,1.19104,1.19412,1.18934,1.19066,21715.0,Interval.in_2_hour,27784800.0,short,short,short,short,short,short,short,short,short,short,short,short,short,short,short,short,short,short,long,long,neutral,neutral,long,short,short,neutral,neutral,short,short,long,long,long,long,long,long,long,long,long,short,short,long,long,long,short,short,long,short,short,short,short,short,short,short,short,short,short,short
2928,2022-11-18 12:00:00,OANDA:GBPUSD,1.19276,1.19326,1.18906,1.19104,20649.0,Interval.in_2_hour,27777600.0,short,short,short,short,short,short,short,short,short,short,short,short,short,short,short,short,short,short,long,long,neutral,neutral,long,short,neutral,neutral,neutral,long,long,long,long,long,long,long,long,long,long,long,long,long,long,long,long,long,long,short,long,short,short,short,short,short,short,short,short,short,short
2929,2022-11-18 10:00:00,OANDA:GBPUSD,1.19176,1.1951,1.18826,1.19276,30659.0,Interval.in_2_hour,27770400.0,short,short,short,short,short,short,short,short,short,short,short,short,short,short,short,short,short,short,long,long,neutral,neutral,long,short,long,neutral,neutral,long,long,long,long,long,long,long,long,long,long,long,long,long,long,long,long,long,long,short,short,long,short,short,short,short,short,short,short,short,short
2930,2022-11-18 08:00:00,OANDA:GBPUSD,1.19034,1.19237,1.18816,1.19176,21755.0,Interval.in_2_hour,27763200.0,short,short,short,short,short,short,short,short,short,short,short,short,short,short,short,short,short,short,long,long,long,long,long,short,neutral,neutral,neutral,long,long,long,long,long,long,long,long,short,short,long,long,long,short,short,long,long,long,long,short,short,long,short,short,short,short,short,short,short,short
2931,2022-11-18 06:00:00,OANDA:GBPUSD,1.19194,1.19206,1.1888,1.19034,15056.0,Interval.in_2_hour,27756000.0,short,short,short,short,short,short,short,short,short,short,short,short,short,short,short,short,short,short,long,long,neutral,neutral,long,short,neutral,neutral,neutral,long,long,long,long,long,long,long,long,short,long,long,long,short,short,long,long,long,long,long,long,long,long,long,short,short,short,short,short,short,short
2932,2022-11-18 04:00:00,OANDA:GBPUSD,1.18862,1.19316,1.18862,1.19194,17525.0,Interval.in_2_hour,27748800.0,short,short,short,short,short,short,short,short,short,short,short,short,short,short,short,short,short,short,long,long,neutral,neutral,long,short,long,neutral,neutral,long,long,long,long,long,long,short,short,long,long,long,short,short,short,long,long,long,long,short,short,long,short,short,long,short,short,short,short,short,short
2933,2022-11-18 02:00:00,OANDA:GBPUSD,1.18588,1.19018,1.18584,1.18862,16534.0,Interval.in_2_hour,27741600.0,short,short,short,short,short,short,short,short,short,short,short,short,short,short,short,short,short,short,long,long,neutral,neutral,long,short,neutral,neutral,neutral,long,long,long,long,long,short,short,short,short,short,short,short,short,short,short,short,short,short,long,long,long,long,long,long,long,short,long,short,short,short
2934,2022-11-18 00:00:00,OANDA:GBPUSD,1.18662,1.18676,1.18577,1.18588,11851.0,Interval.in_2_hour,27734400.0,short,short,short,short,short,short,short,short,short,short,short,short,short,short,short,short,long,long,long,long,neutral,neutral,long,short,neutral,neutral,neutral,long,long,long,short,short,short,short,short,short,short,short,short,short,short,short,short,short,short,long,long,long,long,long,long,long,long,long,long,long,long
2935,2022-11-17 22:00:00,OANDA:GBPUSD,1.18519,1.18683,1.18422,1.18662,10115.0,Interval.in_2_hour,27727200.0,long,short,short,short,short,short,short,short,short,short,short,short,short,short,short,short,short,short,long,long,neutral,neutral,long,short,long,long,long,long,long,short,short,short,short,short,short,short,short,short,short,short,short,short,short,short,short,short,long,long,long,long,long,long,long,long,long,long,long
2936,2022-11-17 20:00:00,OANDA:GBPUSD,1.18374,1.18648,1.18348,1.18519,16960.0,Interval.in_2_hour,27720000.0,long,long,long,long,short,short,short,short,short,short,short,short,short,short,long,long,short,short,long,long,neutral,neutral,long,short,long,long,neutral,long,short,short,short,short,short,short,short,short,short,short,short,short,short,short,short,short,short,long,long,long,long,long,long,long,long,long,long,long,long
2937,2022-11-17 18:00:00,OANDA:GBPUSD,1.1778,1.18443,1.17658,1.18374,23255.0,Interval.in_2_hour,27712800.0,long,long,long,long,long,short,short,short,short,short,short,short,short,short,short,long,long,long,long,long,neutral,neutral,long,short,long,neutral,neutral,short,short,short,short,short,short,short,short,short,short,short,short,short,short,short,short,short,short,long,long,long,long,long,long,long,long,long,long,long,long
2938,2022-11-17 16:00:00,OANDA:GBPUSD,1.1765,1.182,1.17638,1.1778,31799.0,Interval.in_2_hour,27705600.0,long,long,long,long,long,long,long,long,long,long,long,long,long,long,long,long,long,long,long,long,neutral,neutral,long,short,neutral,neutral,neutral,short,short,short,short,short,short,short,short,short,short,short,short,short,short,short,short,short,short,long,long,long,long,long,long,long,long,long,long,long,long
2939,2022-11-17 14:00:00,OANDA:GBPUSD,1.18519,1.1873,1.17628,1.1765,34235.0,Interval.in_2_hour,27698400.0,long,long,long,long,long,long,long,long,long,long,long,long,long,long,long,long,long,long,long,long,neutral,neutral,long,short,short,short,neutral,short,short,short,short,short,short,short,short,short,short,short,short,short,short,short,short,short,short,long,long,long,long,long,long,long,long,long,long,long,long
2940,2022-11-17 12:00:00,OANDA:GBPUSD,1.18866,1.18892,1.18012,1.18519,27750.0,Interval.in_2_hour,27691200.0,long,long,long,long,long,long,long,long,short,short,short,short,short,short,short,short,short,short,long,short,neutral,neutral,long,short,short,neutral,neutral,short,short,short,short,short,short,short,short,short,short,short,short,long,long,long,short,short,short,short,short,short,long,long,long,long,long,long,long,long,long
2941,2022-11-17 10:00:00,OANDA:GBPUSD,1.19346,1.19581,1.187,1.18866,27554.0,Interval.in_2_hour,27684000.0,long,long,long,short,long,short,short,short,short,short,short,short,short,short,short,short,short,short,long,short,neutral,neutral,long,short,neutral,neutral,neutral,long,long,short,short,long,long,long,long,long,long,long,long,long,long,long,long,long,long,short,short,short,short,short,short,short,short,long,long,long,long
2942,2022-11-17 08:00:00,OANDA:GBPUSD,1.18975,1.19378,1.18919,1.19346,19970.0,Interval.in_2_hour,27676800.0,short,short,short,short,short,short,short,short,short,short,short,short,short,short,short,short,short,short,long,short,long,long,long,short,long,neutral,neutral,long,long,long,long,long,long,long,long,long,long,long,long,long,long,long,long,long,short,short,short,short,short,short,short,short,short,short,short,short,short
2943,2022-11-17 06:00:00,OANDA:GBPUSD,1.1879,1.19049,1.18776,1.18975,16915.0,Interval.in_2_hour,27669600.0,long,long,long,long,long,short,short,short,short,short,short,short,short,short,short,short,short,short,long,short,short,short,long,short,neutral,neutral,neutral,short,short,short,short,long,long,short,short,long,long,long,long,long,long,long,short,short,short,long,short,short,short,short,short,short,short,short,short,long,long
2944,2022-11-17 04:00:00,OANDA:GBPUSD,1.18875,1.1892,1.18664,1.1879,20098.0,Interval.in_2_hour,27662400.0,long,long,long,long,long,long,long,long,long,long,short,short,short,short,short,short,short,short,long,short,neutral,neutral,long,short,short,short,neutral,short,short,short,long,short,short,short,long,long,long,long,long,long,short,short,short,short,long,long,long,long,short,short,short,short,short,short,short,long,long
2945,2022-11-17 02:00:00,OANDA:GBPUSD,1.1914,1.192,1.18839,1.18875,14814.0,Interval.in_2_hour,27655200.0,long,long,long,long,long,long,long,short,long,short,short,short,short,short,short,short,short,short,long,short,neutral,neutral,long,short,short,neutral,neutral,short,long,long,long,long,long,long,long,long,long,long,long,long,long,short,short,long,long,short,long,long,short,short,short,short,short,short,short,short,short
2946,2022-11-17 00:00:00,OANDA:GBPUSD,1.19151,1.1922,1.19112,1.1914,7923.0,Interval.in_2_hour,27648000.0,short,long,short,long,long,short,short,long,short,short,short,short,short,short,short,short,short,short,long,short,neutral,neutral,long,short,neutral,neutral,neutral,long,long,long,long,long,long,long,long,long,long,long,long,long,short,short,long,long,long,short,short,short,long,short,short,short,short,short,short,short,short
2947,2022-11-16 22:00:00,OANDA:GBPUSD,1.19116,1.1925,1.19014,1.19151,15616.0,Interval.in_2_hour,27640800.0,short,short,long,short,long,long,short,short,long,short,short,short,short,short,short,short,short,short,long,short,neutral,neutral,long,short,long,long,long,long,long,long,long,long,long,long,long,long,long,long,long,short,short,long,long,long,long,short,short,short,short,long,short,short,short,short,short,short,short
2948,2022-11-16 20:00:00,OANDA:GBPUSD,1.18952,1.1916,1.18692,1.19116,20712.0,Interval.in_2_hour,27633600.0,short,short,short,long,short,long,long,short,short,long,short,short,short,short,short,short,short,short,long,short,neutral,neutral,long,short,long,long,neutral,long,long,long,long,long,long,long,long,long,long,long,short,short,long,long,long,long,long,long,long,short,short,short,long,short,short,short,short,short,short
2949,2022-11-16 18:00:00,OANDA:GBPUSD,1.18917,1.19058,1.18661,1.18952,22346.0,Interval.in_2_hour,27626400.0,short,short,short,short,long,long,long,long,long,long,long,short,short,short,short,short,short,short,long,short,neutral,neutral,long,short,long,neutral,neutral,short,short,long,long,long,long,long,long,long,short,short,short,long,long,long,long,long,long,long,long,long,short,short,long,long,short,short,short,short,short
2950,2022-11-16 16:00:00,OANDA:GBPUSD,1.18725,1.18948,1.18319,1.18917,37823.0,Interval.in_2_hour,27619200.0,short,short,short,short,short,long,long,long,long,long,long,long,short,short,short,short,short,short,long,short,short,short,long,short,neutral,neutral,neutral,short,long,long,long,long,long,long,short,short,short,short,long,long,long,long,long,long,long,long,long,long,long,short,short,long,long,short,short,short,short
2951,2022-11-16 14:00:00,OANDA:GBPUSD,1.19024,1.19168,1.18598,1.18725,30698.0,Interval.in_2_hour,27612000.0,short,short,short,short,short,long,long,long,long,long,long,long,long,long,long,long,long,short,long,short,neutral,neutral,long,short,neutral,neutral,neutral,long,long,long,long,long,long,long,short,short,short,long,long,long,long,long,long,long,long,long,long,long,long,long,long,long,long,long,long,short,short
2952,2022-11-16 12:00:00,OANDA:GBPUSD,1.18958,1.19422,1.18893,1.19024,23748.0,Interval.in_2_hour,27604800.0,short,short,short,short,short,short,short,long,long,long,long,long,long,long,short,short,short,short,long,short,neutral,neutral,long,short,long,long,long,long,long,long,long,long,long,long,short,short,long,long,long,long,long,long,long,long,long,short,short,short,long,long,long,short,short,short,long,short,short
2953,2022-11-16 10:00:00,OANDA:GBPUSD,1.1893,1.1903,1.18565,1.18958,26516.0,Interval.in_2_hour,27597600.0,short,short,short,short,short,short,short,short,long,long,long,long,long,long,long,short,short,short,long,short,neutral,neutral,long,short,long,long,long,long,long,long,long,long,long,short,short,long,long,long,long,long,long,long,long,long,long,long,short,short,short,long,long,long,short,short,long,long,short
2954,2022-11-16 08:00:00,OANDA:GBPUSD,1.18707,1.19034,1.18374,1.1893,24935.0,Interval.in_2_hour,27590400.0,short,short,short,short,short,short,short,short,short,long,long,long,long,long,long,long,short,short,long,short,neutral,neutral,long,short,long,long,neutral,long,long,long,short,short,short,short,long,long,long,long,long,long,long,long,long,long,long,long,long,short,short,long,long,long,long,short,short,long,long
2955,2022-11-16 06:00:00,OANDA:GBPUSD,1.1848,1.18806,1.18317,1.18707,20931.0,Interval.in_2_hour,27583200.0,long,long,short,short,short,short,short,short,short,long,long,long,long,long,long,long,long,long,long,short,neutral,neutral,long,short,long,neutral,neutral,short,short,short,short,short,short,long,long,long,long,long,long,long,long,long,long,long,long,long,long,long,long,long,long,long,long,long,long,long,long
2956,2022-11-16 04:00:00,OANDA:GBPUSD,1.18442,1.18848,1.18422,1.1848,22156.0,Interval.in_2_hour,27576000.0,long,long,long,long,short,short,short,long,long,long,long,long,long,long,long,long,long,long,short,short,short,short,long,short,neutral,neutral,neutral,short,short,short,short,short,short,long,long,long,long,long,long,long,long,long,long,long,long,long,long,long,long,long,long,long,long,long,long,long,long
2957,2022-11-16 02:00:00,OANDA:GBPUSD,1.18794,1.18878,1.18332,1.18442,23810.0,Interval.in_2_hour,27568800.0,long,long,long,long,long,short,short,short,long,long,long,long,long,long,long,long,long,long,short,short,neutral,neutral,long,short,neutral,neutral,neutral,short,short,short,short,long,long,long,long,long,long,long,long,long,long,long,long,long,long,long,long,long,long,long,long,long,long,long,long,long,long
2958,2022-11-16 00:00:00,OANDA:GBPUSD,1.18676,1.18876,1.18498,1.18794,10582.0,Interval.in_2_hour,27561600.0,long,short,long,long,long,short,short,short,short,short,short,short,long,long,long,long,long,long,short,short,neutral,neutral,long,short,neutral,neutral,neutral,short,short,short,long,long,long,long,long,long,long,long,long,long,long,long,long,long,long,short,short,short,long,long,long,short,long,long,long,long,long
2959,2022-11-15 22:00:00,OANDA:GBPUSD,1.18748,1.18846,1.18606,1.18676,19834.0,Interval.in_2_hour,27554400.0,long,long,long,long,long,long,short,short,short,short,short,short,short,long,long,long,long,long,short,short,neutral,neutral,long,short,short,short,short,short,short,long,long,long,long,long,long,long,long,long,long,long,long,long,long,long,long,long,short,short,long,long,long,long,long,long,long,long,long
2960,2022-11-15 20:00:00,OANDA:GBPUSD,1.18924,1.18976,1.1791,1.18748,51430.0,Interval.in_2_hour,27547200.0,long,long,long,long,long,long,long,short,short,short,short,short,short,short,long,long,long,long,short,short,long,long,long,short,short,short,neutral,short,long,long,long,long,long,long,long,long,long,long,long,long,long,long,long,long,long,short,long,short,short,short,long,long,long,short,long,long,long
2961,2022-11-15 18:00:00,OANDA:GBPUSD,1.1896,1.19038,1.18562,1.18924,29116.0,Interval.in_2_hour,27540000.0,long,long,long,short,short,long,long,short,short,short,short,short,short,short,short,short,long,long,short,short,neutral,neutral,long,short,short,neutral,neutral,long,long,long,long,long,long,long,long,long,long,long,long,long,long,long,long,long,long,short,short,short,short,short,short,long,long,long,short,short,long
2962,2022-11-15 16:00:00,OANDA:GBPUSD,1.19677,1.19886,1.18793,1.1896,45818.0,Interval.in_2_hour,27532800.0,short,long,long,long,short,short,long,long,short,short,short,short,short,short,short,short,short,long,short,short,neutral,neutral,long,short,neutral,neutral,neutral,long,long,long,long,long,long,long,long,long,long,long,long,long,long,long,long,long,long,short,short,short,short,short,short,short,short,short,long,short,short
2963,2022-11-15 14:00:00,OANDA:GBPUSD,1.1872,1.20298,1.1855,1.19677,36577.0,Interval.in_2_hour,27525600.0,short,short,short,short,short,short,short,short,short,short,short,short,short,short,short,short,short,short,short,short,neutral,neutral,long,short,long,neutral,neutral,long,long,long,long,long,long,long,long,long,long,long,long,long,long,long,long,long,long,short,short,short,short,short,short,short,short,short,short,short,short
2964,2022-11-15 12:00:00,OANDA:GBPUSD,1.1824,1.18824,1.18208,1.1872,25934.0,Interval.in_2_hour,27518400.0,long,long,long,long,long,long,long,long,long,long,long,short,short,short,short,short,short,short,long,short,neutral,neutral,long,short,neutral,neutral,neutral,long,long,long,long,long,long,long,long,long,long,long,long,long,long,long,long,long,long,long,long,long,long,short,long,short,short,short,long,long,long
2965,2022-11-15 10:00:00,OANDA:GBPUSD,1.18308,1.18447,1.18086,1.1824,29634.0,Interval.in_2_hour,27511200.0,long,long,long,long,long,long,long,long,long,long,long,long,long,short,short,long,long,long,long,short,neutral,neutral,long,short,neutral,neutral,neutral,long,long,long,long,long,long,long,long,long,long,long,long,long,long,long,short,long,long,long,long,long,long,long,long,long,long,long,long,long,long
2966,2022-11-15 08:00:00,OANDA:GBPUSD,1.17762,1.18393,1.17703,1.18308,25162.0,Interval.in_2_hour,27504000.0,long,long,long,long,long,long,long,long,long,long,long,long,long,long,short,short,long,long,long,short,neutral,neutral,long,short,long,long,neutral,long,long,long,long,long,long,long,long,long,long,long,long,long,short,short,short,long,long,short,long,long,long,long,long,long,long,long,long,long,long
2967,2022-11-15 06:00:00,OANDA:GBPUSD,1.17662,1.17838,1.17548,1.17762,12042.0,Interval.in_2_hour,27496800.0,long,long,long,long,long,long,long,long,long,long,long,long,long,long,long,short,long,long,long,short,neutral,neutral,long,short,long,neutral,neutral,long,long,long,long,long,long,short,short,long,long,short,short,short,short,short,short,short,long,long,long,long,long,long,long,long,long,long,long,long,long
2968,2022-11-15 04:00:00,OANDA:GBPUSD,1.1749,1.1774,1.17442,1.17662,12591.0,Interval.in_2_hour,27489600.0,long,long,long,long,long,long,long,long,long,long,long,long,long,long,long,long,short,long,long,short,neutral,neutral,long,short,neutral,neutral,neutral,short,short,long,long,short,short,short,short,short,short,short,short,short,short,short,short,short,short,long,long,long,long,long,long,long,long,long,long,long,long
2969,2022-11-15 02:00:00,OANDA:GBPUSD,1.17514,1.17676,1.17408,1.1749,15817.0,Interval.in_2_hour,27482400.0,long,long,long,long,long,long,long,long,long,long,long,long,long,long,long,long,long,long,long,short,neutral,neutral,long,short,short,short,neutral,short,long,long,short,short,short,short,short,short,short,short,short,short,short,short,short,short,short,long,long,long,long,long,long,long,long,long,long,long,long
2970,2022-11-15 00:00:00,OANDA:GBPUSD,1.17585,1.17596,1.17436,1.17514,8224.0,Interval.in_2_hour,27475200.0,long,long,long,long,long,long,long,long,long,long,long,long,long,long,long,long,long,long,long,short,neutral,neutral,long,short,short,neutral,neutral,long,long,short,short,short,short,short,short,short,short,short,short,short,short,short,short,long,long,short,long,long,long,long,long,long,long,long,long,long,long
2971,2022-11-14 22:00:00,OANDA:GBPUSD,1.17797,1.17859,1.17504,1.17585,9818.0,Interval.in_2_hour,27468000.0,long,long,long,long,long,long,long,long,long,long,long,long,long,long,long,long,long,long,long,short,neutral,neutral,long,short,neutral,neutral,neutral,long,long,short,short,long,long,short,short,short,short,short,short,short,short,long,long,long,long,short,short,long,long,long,long,long,long,long,long,long,long
2972,2022-11-14 20:00:00,OANDA:GBPUSD,1.17578,1.18027,1.17578,1.17797,14004.0,Interval.in_2_hour,27460800.0,long,long,long,long,long,long,long,long,long,long,long,long,long,long,long,long,long,long,long,short,neutral,neutral,long,short,long,neutral,neutral,long,short,short,long,long,short,short,short,short,short,short,short,short,long,long,long,long,long,short,short,short,short,short,long,long,long,long,long,long,long
2973,2022-11-14 18:00:00,OANDA:GBPUSD,1.17304,1.17598,1.1714,1.17578,25321.0,Interval.in_2_hour,27453600.0,long,long,long,long,long,long,long,long,long,long,long,long,long,long,long,long,long,long,long,short,neutral,neutral,long,short,neutral,neutral,neutral,short,short,short,short,short,short,short,short,short,short,short,short,short,short,long,long,long,long,long,long,short,short,long,long,long,long,long,long,long,long
2974,2022-11-14 16:00:00,OANDA:GBPUSD,1.17579,1.17669,1.17099,1.17304,30612.0,Interval.in_2_hour,27446400.0,long,long,long,long,long,long,long,long,long,long,long,long,long,long,long,long,long,long,long,short,neutral,neutral,long,short,short,short,neutral,short,short,short,short,short,short,short,short,short,short,short,short,short,long,long,long,long,long,long,long,long,long,long,long,long,long,long,long,long,long
2975,2022-11-14 14:00:00,OANDA:GBPUSD,1.177,1.18131,1.17394,1.17579,26603.0,Interval.in_2_hour,27439200.0,long,long,long,long,long,long,long,long,long,long,long,long,long,long,long,long,long,long,long,short,short,short,long,short,short,neutral,neutral,short,long,short,short,short,short,short,short,short,short,long,long,long,long,long,long,long,long,short,short,long,long,short,short,long,long,long,long,long,long
2976,2022-11-14 12:00:00,OANDA:GBPUSD,1.18004,1.18004,1.17466,1.177,23451.0,Interval.in_2_hour,27432000.0,long,long,long,long,long,long,long,long,long,long,long,long,long,long,long,long,long,long,long,short,long,neutral,long,short,neutral,neutral,neutral,long,long,short,short,short,short,short,long,long,long,long,long,long,long,long,long,long,long,short,short,short,long,short,short,short,short,long,long,long,long
2977,2022-11-14 10:00:00,OANDA:GBPUSD,1.179,1.18292,1.17834,1.18004,28544.0,Interval.in_2_hour,27424800.0,long,long,long,long,long,long,long,long,long,long,long,long,long,long,long,long,long,long,long,short,neutral,neutral,long,short,long,neutral,neutral,long,long,short,short,short,long,long,long,long,long,long,long,long,long,long,long,long,long,short,short,short,short,short,short,short,short,short,short,long,long
2978,2022-11-14 08:00:00,OANDA:GBPUSD,1.17472,1.179,1.17472,1.179,21415.0,Interval.in_2_hour,27417600.0,long,long,long,long,long,long,long,long,long,long,long,long,long,long,long,long,long,long,long,short,short,neutral,long,short,neutral,neutral,neutral,short,short,short,short,short,short,short,long,long,long,long,long,long,long,long,long,long,long,long,short,short,short,short,short,short,short,short,short,short,long
2979,2022-11-14 06:00:00,OANDA:GBPUSD,1.1777,1.17778,1.17434,1.17472,18016.0,Interval.in_2_hour,27410400.0,long,long,long,long,long,long,long,long,long,long,long,long,long,long,long,long,long,long,long,short,neutral,neutral,long,short,short,short,short,short,short,short,short,short,short,long,long,long,long,long,long,long,long,long,long,long,long,long,long,long,long,short,long,long,long,long,long,long,long
2980,2022-11-14 04:00:00,OANDA:GBPUSD,1.17888,1.17941,1.17737,1.1777,19476.0,Interval.in_2_hour,27403200.0,short,long,long,long,long,long,long,long,long,long,long,long,long,long,long,long,long,long,long,short,neutral,neutral,long,short,short,short,short,short,short,short,long,long,long,long,long,long,long,long,long,long,long,long,long,long,long,short,long,long,short,short,short,short,long,short,short,short,short
2981,2022-11-14 02:00:00,OANDA:GBPUSD,1.17968,1.18178,1.17854,1.17888,26600.0,Interval.in_2_hour,27396000.0,short,short,long,long,long,long,long,long,long,long,long,long,long,long,long,long,long,long,long,short,neutral,neutral,long,short,short,short,neutral,short,long,long,long,long,long,long,long,long,long,long,long,long,long,long,long,long,long,short,short,long,long,short,short,short,short,short,short,short,short
2982,2022-11-14 00:00:00,OANDA:GBPUSD,1.1835,1.1835,1.17674,1.17968,12421.0,Interval.in_2_hour,27388800.0,short,short,short,long,long,long,long,long,long,long,long,long,long,long,long,long,long,long,long,short,neutral,neutral,long,short,short,neutral,neutral,long,long,long,long,long,long,long,long,long,long,long,long,long,long,long,long,long,long,short,short,short,short,long,short,short,short,short,short,short,short
2983,2022-11-11 22:00:00,OANDA:GBPUSD,1.18534,1.18543,1.18266,1.1835,13158.0,Interval.in_2_hour,27208800.0,short,short,short,short,short,short,long,long,long,long,long,long,long,long,long,long,long,long,long,short,neutral,neutral,long,short,neutral,neutral,neutral,long,long,long,long,long,long,long,long,long,long,long,long,long,long,long,long,long,long,short,short,short,short,short,short,short,short,short,short,short,short
2984,2022-11-11 20:00:00,OANDA:GBPUSD,1.17986,1.1855,1.1796,1.18534,19516.0,Interval.in_2_hour,27201600.0,short,short,short,short,short,short,short,long,long,long,long,long,long,long,short,short,long,long,long,short,neutral,neutral,long,short,long,neutral,neutral,long,long,long,long,long,long,long,long,long,long,long,long,long,long,long,long,long,long,short,short,short,short,short,short,short,short,short,short,short,short
2985,2022-11-11 18:00:00,OANDA:GBPUSD,1.17764,1.18046,1.17608,1.17986,24832.0,Interval.in_2_hour,27194400.0,short,short,short,short,short,short,long,long,long,long,long,long,long,long,long,long,long,long,long,short,neutral,neutral,long,short,neutral,neutral,neutral,long,long,long,long,long,long,long,long,long,long,long,long,long,long,long,long,long,long,long,long,short,short,short,short,short,long,short,short,short,short
2986,2022-11-11 16:00:00,OANDA:GBPUSD,1.17809,1.17862,1.17091,1.17764,35332.0,Interval.in_2_hour,27187200.0,short,long,short,short,short,short,short,long,long,long,long,long,long,long,long,long,long,long,long,short,neutral,neutral,long,short,neutral,neutral,neutral,long,long,long,long,long,long,long,long,long,long,long,long,long,long,long,long,long,long,long,long,long,long,long,long,short,long,long,short,short,short
2987,2022-11-11 14:00:00,OANDA:GBPUSD,1.1761,1.17968,1.17527,1.17809,29257.0,Interval.in_2_hour,27180000.0,short,short,short,short,short,short,short,short,long,long,long,long,long,long,long,long,long,long,long,short,neutral,neutral,long,short,long,long,long,long,long,long,long,long,long,long,long,long,long,long,long,long,long,long,long,long,long,short,long,long,long,long,long,short,short,long,long,short,short
2988,2022-11-11 12:00:00,OANDA:GBPUSD,1.17559,1.17742,1.17198,1.1761,31493.0,Interval.in_2_hour,27172800.0,short,short,short,long,short,short,short,long,long,long,long,long,long,long,long,long,long,long,long,short,neutral,neutral,long,short,long,long,long,long,long,long,long,long,long,long,long,long,long,long,long,long,long,long,long,long,long,long,long,long,long,long,long,long,long,short,long,long,long
2989,2022-11-11 10:00:00,OANDA:GBPUSD,1.17458,1.17709,1.17106,1.17559,32170.0,Interval.in_2_hour,27165600.0,long,long,short,long,long,long,short,short,long,long,long,long,long,long,long,long,long,long,short,short,neutral,neutral,long,short,long,long,long,long,long,long,long,long,long,long,long,long,long,long,long,long,long,long,long,long,long,long,long,long,long,long,long,long,long,long,short,long,long
2990,2022-11-11 08:00:00,OANDA:GBPUSD,1.17088,1.17599,1.16922,1.17458,24467.0,Interval.in_2_hour,27158400.0,long,long,long,short,long,long,long,long,long,long,long,long,long,long,long,long,long,long,short,short,neutral,neutral,long,short,long,long,neutral,long,long,long,long,long,long,long,long,long,long,long,long,long,long,long,long,long,long,long,long,long,long,long,long,long,long,long,long,long,long
2991,2022-11-11 06:00:00,OANDA:GBPUSD,1.16732,1.17178,1.16592,1.17088,22214.0,Interval.in_2_hour,27151200.0,long,long,long,long,long,long,long,long,long,long,long,long,long,long,long,long,long,long,short,short,neutral,neutral,long,short,long,neutral,neutral,short,short,long,long,long,long,long,long,long,long,long,long,long,long,long,long,long,long,long,long,long,long,long,long,long,long,long,long,long,long
2992,2022-11-11 04:00:00,OANDA:GBPUSD,1.16507,1.16908,1.16504,1.16732,21886.0,Interval.in_2_hour,27144000.0,long,long,long,long,long,long,long,long,long,long,long,long,long,long,long,long,long,long,short,short,neutral,neutral,long,short,neutral,neutral,neutral,short,short,short,long,long,long,long,long,long,long,long,long,long,long,long,long,long,long,long,long,long,long,long,long,long,long,long,long,long,long
2993,2022-11-11 02:00:00,OANDA:GBPUSD,1.16942,1.17035,1.16474,1.16507,23849.0,Interval.in_2_hour,27136800.0,long,long,long,long,long,long,long,long,long,long,long,long,long,long,long,long,long,long,short,short,neutral,neutral,long,short,short,neutral,neutral,long,long,long,long,long,long,long,long,long,long,long,long,long,long,long,long,long,long,long,long,long,long,long,long,long,long,long,long,long,long
2994,2022-11-11 00:00:00,OANDA:GBPUSD,1.17108,1.17186,1.16881,1.16942,9793.0,Interval.in_2_hour,27129600.0,long,long,long,long,long,long,long,long,long,long,long,long,long,long,long,long,long,long,short,short,long,long,long,short,neutral,neutral,neutral,long,long,long,long,long,long,long,long,long,long,long,long,long,long,long,long,long,long,short,short,long,long,long,long,long,long,long,long,long,long
2995,2022-11-10 22:00:00,OANDA:GBPUSD,1.16964,1.17318,1.16906,1.17108,16002.0,Interval.in_2_hour,27122400.0,long,long,long,long,long,long,long,long,long,long,long,long,long,long,long,long,long,long,short,short,neutral,neutral,long,short,long,neutral,neutral,long,long,long,long,long,long,long,long,long,long,long,long,long,long,long,long,long,long,short,short,short,short,long,long,long,long,long,long,long,long
2996,2022-11-10 20:00:00,OANDA:GBPUSD,1.1644,1.16965,1.16437,1.16964,23067.0,Interval.in_2_hour,27115200.0,long,long,long,long,long,long,long,long,long,long,long,long,long,long,long,long,long,long,short,short,neutral,neutral,long,short,neutral,neutral,neutral,long,long,long,long,long,long,long,long,long,long,long,long,long,long,long,long,long,long,long,short,short,short,long,long,long,long,long,long,long,long
2997,2022-11-10 18:00:00,OANDA:GBPUSD,1.16804,1.16829,1.16272,1.1644,33077.0,Interval.in_2_hour,27108000.0,long,long,long,long,long,long,long,long,long,long,long,long,long,long,long,long,long,long,short,short,neutral,neutral,long,short,neutral,neutral,neutral,long,long,long,long,long,long,long,long,long,long,long,long,long,long,long,long,long,long,long,long,long,long,long,long,long,long,long,long,long,long
2998,2022-11-10 16:00:00,OANDA:GBPUSD,1.1608,1.16868,1.15934,1.16804,52877.0,Interval.in_2_hour,27100800.0,long,long,long,long,long,long,long,long,long,long,long,long,long,long,long,long,long,long,short,short,neutral,neutral,long,short,long,long,neutral,long,long,long,long,long,long,long,long,long,long,long,long,long,long,long,long,long,long,short,long,long,long,short,short,long,long,long,long,long,long
2999,2022-11-10 14:00:00,OANDA:GBPUSD,1.1375,1.16542,1.13731,1.1608,30500.0,Interval.in_2_hour,27093600.0,long,long,long,long,long,long,long,long,long,long,long,long,long,long,long,long,long,long,short,short,short,neutral,long,short,long,neutral,neutral,long,long,long,long,long,long,long,long,long,long,long,long,short,short,short,short,short,short,long,long,long,long,long,long,long,long,long,long,long,long
3000,2022-11-10 12:00:00,OANDA:GBPUSD,1.13662,1.14018,1.1366,1.1375,24346.0,Interval.in_2_hour,27086400.0,long,long,long,long,long,long,long,long,long,long,long,long,long,long,long,long,long,long,long,long,neutral,neutral,long,short,neutral,neutral,neutral,short,short,short,long,long,long,short,short,short,short,short,short,short,short,short,short,short,short,long,long,long,long,long,long,long,long,long,long,long,long
3001,2022-11-10 10:00:00,OANDA:GBPUSD,1.13832,1.14063,1.13631,1.13662,27343.0,Interval.in_2_hour,27079200.0,long,long,long,long,long,long,long,long,long,long,long,long,long,long,long,long,long,long,long,long,short,short,long,short,short,neutral,neutral,short,short,long,long,long,short,short,short,short,short,short,short,short,short,short,short,short,short,long,long,long,long,long,long,long,long,long,long,long,long
3002,2022-11-10 08:00:00,OANDA:GBPUSD,1.14075,1.14132,1.13648,1.13832,20595.0,Interval.in_2_hour,27072000.0,long,long,long,long,long,long,long,long,long,long,long,long,long,long,long,long,long,long,long,long,long,long,long,short,neutral,neutral,neutral,long,long,long,long,long,long,short,short,short,short,short,short,short,short,short,short,short,short,short,short,long,long,long,long,long,long,long,long,long,long
3003,2022-11-10 06:00:00,OANDA:GBPUSD,1.14044,1.1412,1.13956,1.14075,14938.0,Interval.in_2_hour,27064800.0,long,long,long,long,long,long,long,long,long,long,long,long,long,long,long,long,long,long,long,long,neutral,neutral,long,short,long,long,long,long,long,long,long,long,short,short,short,short,short,short,short,short,short,short,short,short,short,short,short,short,long,long,long,long,long,long,long,long,long
3004,2022-11-10 04:00:00,OANDA:GBPUSD,1.13874,1.14096,1.13725,1.14044,18059.0,Interval.in_2_hour,27057600.0,long,long,long,long,long,long,long,long,long,long,long,long,long,long,long,long,long,long,long,long,neutral,neutral,long,short,long,long,long,long,long,long,long,short,short,short,short,short,short,short,short,short,short,short,short,short,short,long,short,short,short,long,long,long,long,long,long,long,long
3005,2022-11-10 02:00:00,OANDA:GBPUSD,1.13682,1.13925,1.13652,1.13874,16618.0,Interval.in_2_hour,27050400.0,long,long,long,long,long,long,long,long,long,long,long,long,long,long,long,long,long,long,long,long,neutral,neutral,long,short,long,long,neutral,long,long,short,short,short,short,short,short,short,short,short,short,short,short,short,short,short,short,long,long,short,short,short,long,long,long,long,long,long,long
3006,2022-11-10 00:00:00,OANDA:GBPUSD,1.13562,1.13696,1.13538,1.13682,5830.0,Interval.in_2_hour,27043200.0,long,long,long,long,long,long,long,long,long,long,long,long,long,long,long,long,long,long,long,long,short,short,long,short,long,neutral,neutral,short,short,short,short,short,short,short,short,short,short,short,short,short,short,short,short,short,short,long,long,long,long,short,long,long,long,long,long,long,long
3007,2022-11-09 22:00:00,OANDA:GBPUSD,1.13433,1.13579,1.1342,1.13562,14763.0,Interval.in_2_hour,27036000.0,long,long,long,long,long,long,long,long,long,long,long,long,long,long,long,long,long,long,long,long,neutral,neutral,long,short,neutral,neutral,neutral,short,short,short,short,short,short,short,short,short,short,short,short,short,short,short,short,short,short,long,long,long,long,long,long,long,long,long,long,long,long
3008,2022-11-09 20:00:00,OANDA:GBPUSD,1.13795,1.13853,1.1334,1.13433,21084.0,Interval.in_2_hour,27028800.0,long,long,long,long,long,long,long,long,long,long,long,long,long,long,long,long,long,long,long,long,long,long,long,short,neutral,neutral,neutral,short,short,short,short,short,short,short,short,short,short,short,short,short,short,short,short,short,short,long,long,long,long,long,long,long,long,long,long,long,long
3009,2022-11-09 18:00:00,OANDA:GBPUSD,1.1376,1.14222,1.13733,1.13795,24752.0,Interval.in_2_hour,27021600.0,long,long,long,long,long,long,long,long,long,long,long,long,long,long,long,long,long,long,long,long,neutral,neutral,long,short,neutral,neutral,neutral,short,short,short,short,short,short,short,short,short,short,short,short,short,short,short,short,short,short,short,short,short,long,long,long,long,short,short,long,long,long
3010,2022-11-09 16:00:00,OANDA:GBPUSD,1.14106,1.144,1.13553,1.1376,39846.0,Interval.in_2_hour,27014400.0,long,long,long,long,long,long,long,long,long,long,long,long,long,long,long,long,long,long,long,long,neutral,neutral,long,short,short,neutral,neutral,short,short,short,short,short,short,short,short,short,short,short,short,short,short,short,short,short,short,long,short,short,short,long,long,long,long,short,short,long,long
3011,2022-11-09 14:00:00,OANDA:GBPUSD,1.14624,1.14716,1.14048,1.14106,27686.0,Interval.in_2_hour,27007200.0,long,long,long,long,long,long,long,long,long,long,long,long,long,long,long,long,long,long,long,long,neutral,neutral,long,short,neutral,neutral,neutral,short,short,short,short,short,short,short,short,short,short,short,short,short,short,short,short,short,short,short,short,short,short,short,short,short,short,short,short,short,long
3012,2022-11-09 12:00:00,OANDA:GBPUSD,1.14518,1.14764,1.14188,1.14624,28002.0,Interval.in_2_hour,27000000.0,long,long,long,long,long,long,long,long,long,long,long,long,long,long,long,long,long,long,long,long,neutral,neutral,long,short,neutral,neutral,neutral,short,short,short,short,short,short,short,short,long,short,short,short,short,short,short,short,short,short,short,short,short,short,short,short,short,short,short,short,short,short
3013,2022-11-09 10:00:00,OANDA:GBPUSD,1.15236,1.15675,1.14376,1.14518,29941.0,Interval.in_2_hour,26992800.0,short,long,long,long,long,long,long,long,long,long,long,long,long,long,long,long,long,long,long,long,neutral,neutral,long,short,short,short,neutral,short,short,short,short,short,short,short,long,long,long,long,short,short,short,short,short,short,short,long,short,short,short,short,short,short,short,short,short,short,short
3014,2022-11-09 08:00:00,OANDA:GBPUSD,1.15352,1.15492,1.15183,1.15236,22875.0,Interval.in_2_hour,26985600.0,short,short,long,long,long,long,long,long,long,long,long,long,long,long,long,long,long,long,long,long,neutral,neutral,long,short,short,neutral,neutral,short,short,short,short,short,long,long,long,long,long,long,long,long,long,long,long,long,long,short,short,short,short,short,short,short,short,short,short,short,short
3015,2022-11-09 06:00:00,OANDA:GBPUSD,1.15462,1.1552,1.15342,1.15352,18105.0,Interval.in_2_hour,26978400.0,short,short,short,long,long,long,long,long,long,long,long,long,long,long,long,long,long,long,long,long,neutral,neutral,long,short,neutral,neutral,neutral,short,short,short,short,long,long,long,long,long,long,long,long,long,long,long,long,long,long,short,short,short,short,short,short,short,short,short,short,short,short
3016,2022-11-09 04:00:00,OANDA:GBPUSD,1.15302,1.15602,1.15302,1.15462,22345.0,Interval.in_2_hour,26971200.0,short,short,short,short,long,long,long,long,long,long,long,long,long,long,long,long,long,long,long,long,short,neutral,long,short,neutral,neutral,neutral,short,short,short,long,long,long,long,long,long,long,long,long,long,long,long,long,long,long,short,short,short,short,short,short,short,short,short,short,short,short
3017,2022-11-09 02:00:00,OANDA:GBPUSD,1.15516,1.15519,1.1523,1.15302,20751.0,Interval.in_2_hour,26964000.0,short,short,short,short,short,long,long,long,long,long,long,long,long,long,long,long,long,long,long,long,neutral,neutral,long,short,neutral,neutral,neutral,short,short,long,long,long,long,long,long,long,long,long,long,long,long,long,long,long,long,long,long,short,short,short,short,short,short,short,short,short,short
3018,2022-11-09 00:00:00,OANDA:GBPUSD,1.15466,1.15586,1.15353,1.15516,6032.0,Interval.in_2_hour,26956800.0,short,short,short,short,short,short,long,long,long,long,long,long,long,long,long,long,long,long,long,long,neutral,neutral,long,short,long,neutral,neutral,short,long,long,long,long,long,long,long,long,long,long,long,long,long,long,long,long,long,short,short,short,short,short,short,short,short,short,short,short,short
3019,2022-11-08 22:00:00,OANDA:GBPUSD,1.15354,1.15551,1.1533,1.15466,9174.0,Interval.in_2_hour,26949600.0,short,short,short,short,short,short,short,long,long,long,long,long,long,long,long,long,long,long,long,long,short,short,long,short,neutral,neutral,neutral,long,long,long,long,long,long,long,long,long,long,long,long,long,long,long,long,long,long,long,short,short,short,short,short,short,short,short,short,short,short
3020,2022-11-08 20:00:00,OANDA:GBPUSD,1.15781,1.15857,1.15128,1.15354,22622.0,Interval.in_2_hour,26942400.0,short,short,short,short,short,short,short,short,long,long,long,long,long,long,long,long,long,long,long,long,long,long,long,short,neutral,neutral,neutral,long,long,long,long,long,long,long,long,long,long,long,long,long,long,long,long,long,long,long,long,short,long,short,short,short,short,short,short,short,short
3021,2022-11-08 18:00:00,OANDA:GBPUSD,1.15637,1.15996,1.15537,1.15781,18827.0,Interval.in_2_hour,26935200.0,short,short,short,short,short,short,short,short,short,long,long,long,long,long,long,long,long,long,long,short,neutral,neutral,long,short,long,neutral,neutral,long,long,long,long,long,long,long,long,long,long,long,long,long,long,long,long,long,long,short,short,short,short,short,short,short,short,short,short,short,short
3022,2022-11-08 16:00:00,OANDA:GBPUSD,1.14462,1.15736,1.14447,1.15637,29739.0,Interval.in_2_hour,26928000.0,short,short,short,short,short,short,short,short,short,short,long,long,long,long,long,long,long,long,long,short,short,neutral,long,short,neutral,neutral,neutral,long,long,long,short,short,short,short,short,long,long,long,long,long,long,long,long,long,long,long,short,short,short,short,short,short,short,short,short,short,short
3023,2022-11-08 14:00:00,OANDA:GBPUSD,1.14656,1.14692,1.14299,1.14462,20323.0,Interval.in_2_hour,26920800.0,short,short,short,short,short,short,short,short,short,short,short,long,long,long,long,long,long,long,long,short,neutral,neutral,long,short,short,neutral,neutral,short,short,short,short,short,short,short,short,short,short,long,long,long,long,long,long,long,long,long,long,long,long,long,long,long,long,long,long,long,short
3024,2022-11-08 12:00:00,OANDA:GBPUSD,1.14916,1.14937,1.14474,1.14656,17965.0,Interval.in_2_hour,26913600.0,short,short,short,short,short,short,short,short,short,short,short,short,long,long,long,long,long,long,long,short,neutral,neutral,long,short,neutral,neutral,neutral,short,short,short,short,short,short,short,long,long,long,long,long,long,long,long,long,long,long,short,long,long,long,long,long,long,long,long,long,short,short
3025,2022-11-08 10:00:00,OANDA:GBPUSD,1.14702,1.14944,1.14438,1.14916,24034.0,Interval.in_2_hour,26906400.0,short,short,short,short,short,short,short,short,short,short,short,short,short,long,long,long,long,long,long,short,neutral,neutral,long,short,neutral,neutral,neutral,short,short,short,short,short,short,long,long,long,long,long,long,long,long,long,long,long,long,short,short,long,long,long,long,long,long,long,long,long,short
3026,2022-11-08 08:00:00,OANDA:GBPUSD,1.14868,1.14979,1.14601,1.14702,16948.0,Interval.in_2_hour,26899200.0,short,short,short,short,short,short,short,short,short,short,short,short,short,short,long,long,long,long,long,short,neutral,neutral,long,short,short,short,neutral,short,short,short,short,short,long,long,long,long,long,long,long,long,long,long,long,long,long,long,short,short,long,long,long,long,long,long,long,long,long
3027,2022-11-08 06:00:00,OANDA:GBPUSD,1.1511,1.1514,1.14799,1.14868,11759.0,Interval.in_2_hour,26892000.0,long,short,short,short,short,short,short,short,short,short,short,short,short,short,short,long,long,long,long,short,neutral,neutral,long,short,short,neutral,neutral,short,short,short,long,long,long,long,long,long,long,long,long,long,long,long,long,long,long,short,long,short,short,long,long,long,long,long,long,long,long
3028,2022-11-08 04:00:00,OANDA:GBPUSD,1.15152,1.15192,1.14984,1.1511,10606.0,Interval.in_2_hour,26884800.0,long,long,short,short,short,short,short,short,short,short,short,short,short,short,short,short,long,long,long,short,neutral,neutral,long,short,neutral,neutral,neutral,short,short,long,long,long,long,long,long,long,long,long,long,long,long,long,long,long,long,short,short,short,short,short,long,long,long,long,long,long,long
3029,2022-11-08 02:00:00,OANDA:GBPUSD,1.15128,1.1537,1.15065,1.15152,13868.0,Interval.in_2_hour,26877600.0,long,long,long,short,short,short,short,short,short,short,short,short,short,short,short,short,short,long,long,short,neutral,neutral,long,short,neutral,neutral,neutral,short,long,long,long,long,long,long,long,long,long,long,long,long,long,long,long,long,long,short,short,short,short,short,short,long,long,long,long,long,long
3030,2022-11-08 00:00:00,OANDA:GBPUSD,1.15138,1.15222,1.15078,1.15128,6476.0,Interval.in_2_hour,26870400.0,long,long,long,long,short,short,short,short,short,short,short,short,short,short,short,short,short,short,long,short,neutral,neutral,long,short,short,neutral,neutral,long,long,long,long,long,long,long,long,long,long,long,long,long,long,long,long,long,long,long,short,short,short,short,short,short,long,long,long,long,long
3031,2022-11-07 22:00:00,OANDA:GBPUSD,1.15324,1.15386,1.15098,1.15138,7437.0,Interval.in_2_hour,26863200.0,long,long,long,long,long,short,short,short,short,short,short,short,short,short,short,short,short,short,long,short,long,long,long,short,neutral,neutral,neutral,long,long,long,long,long,long,long,long,long,long,long,long,long,long,long,long,long,long,short,long,short,short,short,short,short,short,long,long,long,long
3032,2022-11-07 20:00:00,OANDA:GBPUSD,1.15177,1.15416,1.15132,1.15324,13382.0,Interval.in_2_hour,26856000.0,long,long,short,long,long,short,short,short,short,short,short,short,short,short,short,short,short,short,short,short,neutral,neutral,long,short,long,neutral,neutral,long,long,long,long,long,long,long,long,long,long,long,long,long,long,long,long,long,long,short,short,short,short,short,short,short,short,short,long,long,long
3033,2022-11-07 18:00:00,OANDA:GBPUSD,1.1466,1.15186,1.14494,1.15177,19225.0,Interval.in_2_hour,26848800.0,long,long,long,long,long,long,long,short,short,short,short,short,short,short,short,short,short,short,short,short,neutral,neutral,long,short,neutral,neutral,neutral,long,long,long,long,long,long,long,long,long,long,long,long,long,long,long,long,long,long,long,short,short,short,short,short,short,short,short,short,long,long
3034,2022-11-07 16:00:00,OANDA:GBPUSD,1.147,1.14852,1.14412,1.1466,30711.0,Interval.in_2_hour,26841600.0,long,long,long,long,long,long,long,long,short,short,short,short,short,short,short,short,short,short,long,short,neutral,neutral,long,short,neutral,neutral,neutral,long,long,long,long,long,long,long,long,long,long,long,long,long,long,long,long,long,long,long,long,long,long,long,long,long,long,long,short,short,long
3035,2022-11-07 14:00:00,OANDA:GBPUSD,1.1445,1.14777,1.14264,1.147,25611.0,Interval.in_2_hour,26834400.0,long,long,long,long,long,long,long,long,long,short,short,short,short,short,short,short,short,short,long,short,long,long,long,short,long,long,neutral,long,long,long,long,long,long,long,long,long,long,long,long,long,long,long,long,long,long,short,long,long,long,long,long,long,long,long,long,short,short
3036,2022-11-07 12:00:00,OANDA:GBPUSD,1.1441,1.1477,1.14366,1.1445,21058.0,Interval.in_2_hour,26827200.0,long,long,long,long,long,long,long,long,long,long,long,long,short,short,short,short,short,short,long,short,neutral,neutral,long,short,long,neutral,neutral,long,long,long,long,long,long,long,long,long,long,long,long,long,long,long,long,long,long,long,long,long,long,long,long,long,long,long,long,long,long
3037,2022-11-07 10:00:00,OANDA:GBPUSD,1.13035,1.14706,1.12971,1.1441,31626.0,Interval.in_2_hour,26820000.0,long,long,long,long,long,long,long,long,long,long,long,long,long,short,short,short,short,short,long,short,short,neutral,long,short,neutral,neutral,neutral,long,long,long,long,long,long,long,long,long,long,long,long,long,long,long,long,long,long,long,long,long,long,long,long,long,long,long,long,long,long
3038,2022-11-07 08:00:00,OANDA:GBPUSD,1.13352,1.13394,1.12904,1.13035,20112.0,Interval.in_2_hour,26812800.0,long,long,long,long,long,long,long,long,long,long,long,long,long,long,long,long,long,long,long,short,neutral,neutral,long,short,neutral,neutral,neutral,short,short,short,short,long,long,long,long,long,long,long,long,long,long,long,long,long,long,long,long,long,long,long,long,long,long,long,long,long,long
3039,2022-11-07 06:00:00,OANDA:GBPUSD,1.13308,1.135,1.13262,1.13352,13966.0,Interval.in_2_hour,26805600.0,long,long,long,long,long,long,long,long,long,long,long,long,long,long,long,long,long,long,long,short,short,short,long,short,long,neutral,neutral,short,short,long,long,long,long,long,long,long,long,long,long,long,long,long,long,long,long,short,long,long,long,long,long,long,long,long,long,long,long
3040,2022-11-07 04:00:00,OANDA:GBPUSD,1.13261,1.13388,1.13183,1.13308,15899.0,Interval.in_2_hour,26798400.0,long,long,long,long,long,long,long,long,long,long,long,long,long,long,long,long,long,long,long,short,neutral,neutral,long,short,neutral,neutral,neutral,short,short,long,long,long,long,long,long,long,long,long,long,long,long,long,long,long,long,long,short,long,long,long,long,long,long,long,long,long,long
3041,2022-11-07 02:00:00,OANDA:GBPUSD,1.13308,1.13438,1.1306,1.13261,20195.0,Interval.in_2_hour,26791200.0,long,long,long,long,long,long,long,long,long,long,long,long,long,long,long,long,long,long,long,short,neutral,neutral,long,short,short,neutral,neutral,short,long,long,long,long,long,long,long,long,long,long,long,long,long,long,long,long,long,long,long,short,long,long,long,long,long,long,long,long,long
3042,2022-11-07 00:00:00,OANDA:GBPUSD,1.13749,1.13749,1.13074,1.13308,9831.0,Interval.in_2_hour,26784000.0,long,long,long,long,long,long,long,long,long,long,long,long,long,long,long,long,long,long,long,short,neutral,neutral,long,short,neutral,neutral,neutral,long,long,long,long,long,long,long,long,long,long,long,long,long,long,long,long,long,short,short,long,long,short,long,long,long,long,long,long,long,long
3043,2022-11-04 21:00:00,OANDA:GBPUSD,1.13672,1.13823,1.13606,1.13749,16366.0,Interval.in_2_hour,26600400.0,long,long,long,long,long,long,long,long,long,long,long,long,long,long,long,long,long,long,long,short,neutral,neutral,long,short,long,neutral,neutral,long,long,long,long,long,long,long,long,long,long,long,long,long,long,long,long,short,short,short,short,short,short,short,long,long,long,long,long,long,long
3044,2022-11-04 19:00:00,OANDA:GBPUSD,1.1296,1.13682,1.12934,1.13672,26125.0,Interval.in_2_hour,26593200.0,long,long,long,long,long,long,long,long,long,long,long,long,long,long,long,long,long,long,long,short,neutral,neutral,long,short,neutral,neutral,neutral,long,long,long,long,long,long,long,long,long,long,long,long,long,long,long,short,short,short,long,short,short,short,short,short,long,long,long,long,long,long
3045,2022-11-04 17:00:00,OANDA:GBPUSD,1.13127,1.13227,1.12628,1.1296,36601.0,Interval.in_2_hour,26586000.0,long,long,long,long,long,long,long,long,long,long,long,long,long,long,long,long,long,long,long,long,neutral,neutral,long,short,neutral,neutral,neutral,long,long,long,long,long,long,long,long,long,long,long,long,long,short,short,short,short,short,long,long,long,long,long,long,long,long,long,long,long,long
3046,2022-11-04 15:00:00,OANDA:GBPUSD,1.12676,1.13376,1.12328,1.13127,47271.0,Interval.in_2_hour,26578800.0,long,long,long,long,long,long,long,long,long,long,long,long,long,long,long,long,long,long,long,long,neutral,neutral,long,short,long,neutral,neutral,long,long,long,long,long,long,long,long,long,long,long,long,short,short,short,short,short,short,short,long,long,long,long,long,long,short,long,long,long,long
3047,2022-11-04 13:00:00,OANDA:GBPUSD,1.12187,1.12754,1.11468,1.12676,33971.0,Interval.in_2_hour,26571600.0,long,long,long,long,long,long,long,long,long,long,long,long,long,long,long,long,long,long,long,long,neutral,neutral,long,short,neutral,neutral,neutral,long,long,long,long,long,long,long,long,long,long,short,short,short,short,short,short,short,short,long,long,long,long,long,long,long,long,long,long,long,long
3048,2022-11-04 11:00:00,OANDA:GBPUSD,1.12226,1.125,1.12102,1.12187,22943.0,Interval.in_2_hour,26564400.0,long,long,long,long,long,long,long,long,long,long,long,long,long,long,long,long,long,long,long,long,neutral,neutral,long,short,neutral,neutral,neutral,long,long,long,long,long,long,long,long,long,short,short,short,short,short,short,short,short,short,long,long,long,long,long,long,long,long,long,long,long,long
3049,2022-11-04 09:00:00,OANDA:GBPUSD,1.12216,1.12298,1.11918,1.12226,23523.0,Interval.in_2_hour,26557200.0,long,long,long,long,long,long,long,long,long,long,long,long,long,long,long,long,long,long,long,long,neutral,neutral,long,short,neutral,neutral,neutral,long,long,long,long,long,long,long,long,short,short,short,short,short,short,short,short,short,short,short,long,long,long,long,long,long,long,long,long,long,long
3050,2022-11-04 07:00:00,OANDA:GBPUSD,1.12342,1.12428,1.1205,1.12216,19255.0,Interval.in_2_hour,26550000.0,long,long,long,long,long,long,long,long,long,long,long,long,long,long,long,long,long,long,long,long,neutral,neutral,long,short,neutral,neutral,neutral,long,long,long,long,long,long,long,short,short,short,short,short,short,short,short,short,short,short,long,short,long,long,long,long,long,long,long,long,long,long
3051,2022-11-04 05:00:00,OANDA:GBPUSD,1.12065,1.12398,1.12048,1.12342,15548.0,Interval.in_2_hour,26542800.0,long,long,long,long,long,long,long,long,long,long,long,long,long,long,long,long,long,long,long,long,neutral,neutral,long,short,long,long,long,long,long,long,long,long,long,short,short,short,short,short,short,short,short,short,short,short,short,short,short,short,long,long,long,long,long,long,long,long,long
3052,2022-11-04 03:00:00,OANDA:GBPUSD,1.11844,1.12108,1.11766,1.12065,17461.0,Interval.in_2_hour,26535600.0,long,long,long,long,long,long,long,long,long,long,long,long,long,long,long,long,long,long,long,long,neutral,neutral,long,short,long,long,neutral,long,long,short,long,short,short,short,short,short,short,short,short,short,short,short,short,short,short,long,long,long,long,long,long,long,long,long,long,long,long
3053,2022-11-04 01:00:00,OANDA:GBPUSD,1.11647,1.11891,1.11626,1.11844,13339.0,Interval.in_2_hour,26528400.0,long,long,long,long,long,long,long,long,long,long,long,long,long,long,long,long,long,long,long,long,neutral,neutral,long,short,long,neutral,neutral,long,short,short,short,short,short,short,short,short,short,short,short,short,short,short,short,short,short,long,long,long,long,long,long,long,long,long,long,long,long
3054,2022-11-03 23:00:00,OANDA:GBPUSD,1.11578,1.11668,1.11497,1.11647,5684.0,Interval.in_2_hour,26521200.0,long,long,long,long,long,long,long,long,long,long,long,long,long,long,long,long,long,long,long,long,neutral,neutral,long,short,neutral,neutral,neutral,short,short,short,short,short,short,short,short,short,short,short,short,short,short,short,short,short,short,long,long,long,long,long,long,long,long,long,long,long,long
3055,2022-11-03 21:00:00,OANDA:GBPUSD,1.11652,1.11736,1.11519,1.11578,12750.0,Interval.in_2_hour,26514000.0,long,long,long,long,long,long,long,long,long,long,long,long,long,long,long,long,long,long,long,long,neutral,neutral,long,short,short,short,neutral,short,short,short,short,short,short,short,short,short,short,short,short,short,short,short,short,short,short,long,long,long,long,long,long,long,long,long,long,long,long
3056,2022-11-03 19:00:00,OANDA:GBPUSD,1.11834,1.11892,1.11546,1.11652,16648.0,Interval.in_2_hour,26506800.0,long,long,long,long,long,long,long,long,long,long,long,long,long,long,long,long,long,long,long,long,neutral,neutral,long,short,short,neutral,neutral,short,short,short,short,short,short,short,short,short,short,short,short,short,short,short,short,short,short,short,short,long,long,long,long,long,long,long,long,long,long
3057,2022-11-03 17:00:00,OANDA:GBPUSD,1.12229,1.12304,1.11576,1.11834,28296.0,Interval.in_2_hour,26499600.0,long,long,long,long,long,long,long,long,long,long,long,long,long,long,long,long,long,long,long,long,short,short,long,short,neutral,neutral,neutral,short,short,short,short,short,short,short,short,short,short,short,short,short,short,short,short,short,short,short,short,short,long,long,long,long,long,long,long,long,long
3058,2022-11-03 15:00:00,OANDA:GBPUSD,1.11634,1.1227,1.11568,1.12229,34447.0,Interval.in_2_hour,26492400.0,long,long,long,long,long,long,long,long,long,long,long,long,long,long,long,long,long,long,long,long,neutral,neutral,long,short,neutral,neutral,neutral,short,short,short,short,short,short,short,short,short,short,short,short,short,short,short,short,short,short,short,short,short,short,short,short,long,short,short,short,long,long
3059,2022-11-03 13:00:00,OANDA:GBPUSD,1.1265,1.12723,1.11618,1.11634,33511.0,Interval.in_2_hour,26485200.0,long,long,long,long,long,long,long,long,long,long,long,long,long,long,long,long,long,long,long,long,neutral,neutral,long,short,neutral,neutral,neutral,short,short,short,short,short,short,short,short,short,short,short,short,short,short,short,short,short,short,long,long,long,short,long,long,long,long,long,long,long,long
3060,2022-11-03 11:00:00,OANDA:GBPUSD,1.12584,1.12788,1.12347,1.1265,27304.0,Interval.in_2_hour,26478000.0,long,long,long,long,long,long,long,long,long,long,long,long,long,long,long,long,long,long,long,long,neutral,neutral,long,short,neutral,neutral,neutral,short,short,short,short,short,short,short,short,short,short,short,short,short,short,short,short,short,short,short,short,short,short,short,short,short,short,short,short,short,short
3061,2022-11-03 09:00:00,OANDA:GBPUSD,1.13852,1.13882,1.12514,1.12584,27228.0,Interval.in_2_hour,26470800.0,short,long,long,long,long,long,long,long,long,long,long,long,long,long,long,long,long,long,long,long,neutral,neutral,long,short,short,neutral,neutral,short,short,short,short,short,short,short,short,short,short,short,short,short,short,short,short,short,short,long,short,short,short,short,short,short,short,short,short,short,short
3062,2022-11-03 07:00:00,OANDA:GBPUSD,1.14174,1.14187,1.13822,1.13852,17174.0,Interval.in_2_hour,26463600.0,short,short,short,short,short,short,short,short,short,short,short,short,long,long,long,long,long,long,short,short,long,neutral,long,short,neutral,neutral,neutral,long,long,short,short,short,short,short,short,short,short,short,short,short,short,short,short,short,short,short,short,short,short,short,short,short,short,short,short,short,short
3063,2022-11-03 05:00:00,OANDA:GBPUSD,1.14056,1.1421,1.14052,1.14174,14732.0,Interval.in_2_hour,26456400.0,short,short,short,short,short,short,short,short,short,short,short,short,short,long,long,long,long,long,short,short,neutral,neutral,long,short,long,long,neutral,long,short,short,short,short,short,short,short,short,short,short,short,short,short,short,short,short,short,short,short,short,short,short,short,short,short,short,short,short,short
3064,2022-11-03 03:00:00,OANDA:GBPUSD,1.13939,1.14224,1.13907,1.14056,19789.0,Interval.in_2_hour,26449200.0,short,short,short,short,short,short,short,short,short,short,short,short,short,short,long,long,long,long,short,short,short,short,long,short,long,neutral,neutral,short,short,short,short,short,short,short,short,short,short,short,short,short,short,short,short,short,short,long,short,short,short,short,short,short,short,short,short,short,short
3065,2022-11-03 01:00:00,OANDA:GBPUSD,1.13876,1.13964,1.13754,1.13939,14269.0,Interval.in_2_hour,26442000.0,short,short,short,short,short,short,short,short,short,short,short,short,short,short,short,long,long,long,short,short,neutral,neutral,long,short,neutral,neutral,neutral,short,short,short,short,short,short,short,short,short,short,short,short,short,short,short,short,short,short,long,long,short,short,short,short,short,short,short,short,short,short
3066,2022-11-02 23:00:00,OANDA:GBPUSD,1.13896,1.14028,1.13846,1.13876,7950.0,Interval.in_2_hour,26434800.0,short,short,short,short,short,short,short,short,short,short,short,short,short,short,short,short,long,long,short,long,neutral,neutral,long,short,short,neutral,neutral,short,short,short,short,short,short,short,short,short,short,short,short,short,short,short,short,short,short,long,long,long,short,short,short,short,short,short,short,short,short
3067,2022-11-02 21:00:00,OANDA:GBPUSD,1.1468,1.14922,1.13881,1.13896,32453.0,Interval.in_2_hour,26427600.0,short,short,short,short,short,short,short,short,short,short,short,short,short,short,short,short,short,long,short,long,neutral,neutral,long,short,neutral,neutral,neutral,short,short,short,short,short,short,short,short,short,short,short,short,short,short,short,short,short,short,short,long,long,long,short,short,short,short,short,short,short,short
3068,2022-11-02 19:00:00,OANDA:GBPUSD,1.14614,1.1565,1.14532,1.1468,41012.0,Interval.in_2_hour,26420400.0,short,short,short,short,short,short,short,short,short,short,short,short,short,short,short,short,short,short,short,short,short,neutral,long,short,neutral,neutral,neutral,short,short,short,short,short,short,short,short,short,short,long,short,short,short,short,short,short,short,short,short,short,short,short,short,short,short,short,short,short,short
3069,2022-11-02 17:00:00,OANDA:GBPUSD,1.14714,1.14824,1.14492,1.14614,18230.0,Interval.in_2_hour,26413200.0,short,short,short,short,short,short,short,short,short,short,short,short,short,short,short,short,short,short,short,short,neutral,neutral,long,short,short,neutral,neutral,short,short,short,short,short,short,short,short,short,long,short,short,short,short,short,short,short,short,long,short,short,short,short,short,short,short,short,short,short,short
3070,2022-11-02 15:00:00,OANDA:GBPUSD,1.15087,1.1516,1.14712,1.14714,25643.0,Interval.in_2_hour,26406000.0,short,short,short,short,short,short,short,short,short,short,short,short,short,short,short,short,short,short,short,short,neutral,neutral,long,short,neutral,neutral,neutral,short,short,short,short,short,long,long,long,long,short,short,short,short,short,short,short,long,long,short,short,short,short,short,short,short,short,short,short,short,short
3071,2022-11-02 13:00:00,OANDA:GBPUSD,1.15079,1.15174,1.14845,1.15087,22116.0,Interval.in_2_hour,26398800.0,short,short,short,short,short,short,short,short,short,short,short,short,short,short,short,short,short,short,short,short,neutral,neutral,long,short,neutral,neutral,neutral,long,short,short,long,long,long,long,long,short,short,short,short,short,short,long,long,long,long,short,short,short,short,short,short,short,short,short,short,short,short
3072,2022-11-02 11:00:00,OANDA:GBPUSD,1.15114,1.15161,1.14858,1.15079,19722.0,Interval.in_2_hour,26391600.0,short,short,short,short,short,short,short,short,short,short,short,short,short,short,short,short,short,short,short,short,neutral,neutral,long,short,neutral,neutral,neutral,long,short,long,long,long,long,long,long,short,short,short,short,long,long,long,long,long,long,long,short,short,short,short,short,short,short,short,short,short,short
3073,2022-11-02 09:00:00,OANDA:GBPUSD,1.14996,1.15242,1.14848,1.15114,20150.0,Interval.in_2_hour,26384400.0,short,short,short,short,short,short,short,short,short,short,short,short,short,short,short,short,short,short,short,short,neutral,neutral,long,short,neutral,neutral,neutral,short,long,long,long,long,long,short,short,short,short,short,short,long,long,long,long,long,long,short,short,short,short,short,short,short,short,short,short,short,short
3074,2022-11-02 07:00:00,OANDA:GBPUSD,1.15052,1.15228,1.14956,1.14996,17791.0,Interval.in_2_hour,26377200.0,short,short,short,short,short,short,short,short,short,short,short,short,short,short,short,short,short,short,short,short,long,long,long,short,short,neutral,neutral,long,long,long,long,long,short,short,short,short,short,short,long,long,long,long,long,long,short,long,long,long,short,short,short,short,short,short,short,short,short
3075,2022-11-02 05:00:00,OANDA:GBPUSD,1.15137,1.15272,1.15003,1.15052,17854.0,Interval.in_2_hour,26370000.0,short,short,short,short,short,short,short,short,short,short,short,short,short,short,short,short,short,short,short,short,neutral,neutral,long,short,neutral,neutral,neutral,long,long,long,long,short,short,short,short,short,short,long,long,long,long,long,long,long,short,short,long,long,long,short,short,short,short,short,short,short,short
3076,2022-11-02 03:00:00,OANDA:GBPUSD,1.15066,1.15178,1.1497,1.15137,20043.0,Interval.in_2_hour,26362800.0,short,short,short,short,short,short,short,short,short,short,short,short,short,short,short,short,short,short,short,short,neutral,neutral,long,short,long,neutral,neutral,long,long,long,long,short,short,short,short,long,long,long,long,long,long,long,long,short,short,short,short,short,short,short,short,short,short,short,short,short,short
3077,2022-11-02 01:00:00,OANDA:GBPUSD,1.14804,1.15073,1.14798,1.15066,14937.0,Interval.in_2_hour,26355600.0,short,short,short,short,short,short,short,short,short,short,short,short,short,short,short,short,short,short,short,short,neutral,neutral,long,short,neutral,neutral,neutral,long,long,short,short,short,short,short,short,short,long,long,long,long,long,short,short,short,short,long,short,short,long,long,long,short,short,short,short,short,short
3078,2022-11-01 23:00:00,OANDA:GBPUSD,1.14814,1.14948,1.14738,1.14804,12793.0,Interval.in_2_hour,26348400.0,short,short,short,short,short,short,short,short,short,short,short,short,short,short,short,short,short,short,short,short,neutral,neutral,long,short,short,neutral,neutral,long,short,short,short,short,short,short,short,long,long,long,long,short,short,short,short,short,short,long,long,long,long,long,long,long,short,short,short,short,short
3079,2022-11-01 21:00:00,OANDA:GBPUSD,1.14837,1.14867,1.14747,1.14814,8650.0,Interval.in_2_hour,26341200.0,short,short,short,short,short,short,short,short,short,short,short,short,short,short,short,short,short,short,short,short,neutral,neutral,long,short,neutral,neutral,neutral,short,short,short,short,short,short,short,long,long,long,long,short,short,short,short,short,short,short,short,long,long,long,long,long,long,long,short,short,short,short
3080,2022-11-01 19:00:00,OANDA:GBPUSD,1.145,1.14857,1.14412,1.14837,16690.0,Interval.in_2_hour,26334000.0,short,short,short,short,short,short,short,short,short,short,short,short,short,short,short,short,short,short,short,short,neutral,neutral,long,short,neutral,neutral,neutral,short,short,short,short,short,short,short,short,short,short,short,short,short,short,short,short,short,short,short,short,long,long,long,long,long,long,long,short,short,short
3081,2022-11-01 17:00:00,OANDA:GBPUSD,1.14682,1.15082,1.14373,1.145,29469.0,Interval.in_2_hour,26326800.0,long,short,short,short,short,short,short,short,short,short,short,short,short,short,short,short,short,short,short,short,neutral,neutral,long,short,short,neutral,neutral,short,short,short,short,short,short,short,short,short,short,short,short,short,short,short,short,short,short,long,long,long,long,long,long,long,long,long,long,long,long
3082,2022-11-01 15:00:00,OANDA:GBPUSD,1.1551,1.15604,1.1457,1.14682,34017.0,Interval.in_2_hour,26319600.0,short,short,short,short,short,short,short,short,short,short,short,short,short,short,short,short,short,short,short,short,long,neutral,long,short,neutral,neutral,neutral,short,short,long,long,long,long,long,long,long,long,short,short,short,short,short,short,short,short,short,long,long,long,long,long,long,long,long,long,long,long
3083,2022-11-01 13:00:00,OANDA:GBPUSD,1.15412,1.15662,1.15269,1.1551,20085.0,Interval.in_2_hour,26312400.0,short,short,short,short,short,short,short,short,short,short,short,short,short,short,short,short,short,short,short,short,neutral,neutral,long,short,long,neutral,neutral,long,long,long,long,long,long,long,long,long,long,long,short,short,short,short,short,short,short,short,short,short,short,short,short,short,short,short,short,short,short
3084,2022-11-01 11:00:00,OANDA:GBPUSD,1.15293,1.15526,1.15131,1.15412,20959.0,Interval.in_2_hour,26305200.0,short,short,short,short,short,short,short,short,short,short,short,short,short,short,short,short,short,short,short,short,neutral,neutral,long,short,neutral,neutral,neutral,long,long,long,long,long,long,long,long,long,short,short,short,short,short,short,short,short,short,long,short,short,short,short,short,short,short,short,short,short,short
3085,2022-11-01 09:00:00,OANDA:GBPUSD,1.15428,1.15492,1.15018,1.15293,25910.0,Interval.in_2_hour,26298000.0,short,short,short,short,short,short,short,short,short,short,short,short,short,short,short,short,short,short,short,short,neutral,neutral,long,short,neutral,neutral,neutral,long,long,long,long,long,long,long,long,short,short,short,short,short,short,short,short,short,short,long,long,short,short,short,short,short,short,short,short,short,short
3086,2022-11-01 07:00:00,OANDA:GBPUSD,1.15066,1.155,1.15024,1.15428,21853.0,Interval.in_2_hour,26290800.0,short,short,short,short,short,short,short,short,short,short,short,short,short,short,short,short,short,short,short,short,neutral,neutral,long,short,neutral,neutral,neutral,long,long,long,long,long,long,short,short,short,short,short,short,short,short,short,short,short,short,short,short,long,short,short,short,short,short,short,short,short,short
3087,2022-11-01 05:00:00,OANDA:GBPUSD,1.15124,1.1515,1.14952,1.15066,18167.0,Interval.in_2_hour,26283600.0,short,long,long,long,short,short,short,short,short,short,short,short,short,short,short,short,short,short,short,short,neutral,neutral,long,short,neutral,neutral,neutral,long,long,long,long,long,short,short,short,short,short,short,short,short,short,short,short,short,short,long,long,long,long,short,short,short,short,short,long,long,short
3088,2022-11-01 03:00:00,OANDA:GBPUSD,1.14809,1.1516,1.14742,1.15124,17786.0,Interval.in_2_hour,26276400.0,short,short,short,short,short,short,short,short,short,short,short,short,short,short,short,short,short,short,short,short,neutral,neutral,long,short,long,long,neutral,long,long,long,short,short,short,short,short,short,short,short,short,short,short,short,short,short,short,short,long,long,long,long,short,short,short,short,short,short,long
3089,2022-11-01 01:00:00,OANDA:GBPUSD,1.14696,1.14824,1.14644,1.14809,11857.0,Interval.in_2_hour,26269200.0,long,long,long,long,long,long,short,short,short,short,short,short,short,short,short,short,short,short,short,short,neutral,neutral,long,short,long,neutral,neutral,short,short,short,short,short,short,short,short,short,short,short,short,short,short,short,short,short,short,long,long,long,long,long,long,short,short,long,long,short,long
3090,2022-10-31 23:00:00,OANDA:GBPUSD,1.14672,1.14795,1.1465,1.14696,3728.0,Interval.in_2_hour,26262000.0,long,long,long,long,long,long,long,long,short,short,short,short,short,short,short,short,short,short,short,short,short,short,long,short,neutral,neutral,neutral,short,short,short,short,short,short,short,short,short,short,short,short,short,short,short,short,short,short,long,long,long,long,long,long,long,short,short,long,long,long
3091,2022-10-31 21:00:00,OANDA:GBPUSD,1.14707,1.14736,1.14609,1.14672,12698.0,Interval.in_2_hour,26254800.0,long,long,long,long,long,long,long,long,long,short,long,short,short,short,short,short,short,short,short,short,neutral,neutral,long,short,short,short,short,short,short,short,short,short,short,short,short,short,short,short,short,short,short,short,short,short,short,long,long,long,long,long,long,long,long,long,short,long,long
3092,2022-10-31 19:00:00,OANDA:GBPUSD,1.14864,1.149,1.14603,1.14707,15230.0,Interval.in_2_hour,26247600.0,long,long,long,long,long,long,long,long,long,long,short,short,short,short,short,short,short,short,short,short,neutral,neutral,long,short,short,short,short,short,short,short,short,short,short,short,short,short,short,short,short,short,short,short,short,short,short,short,short,long,long,long,long,long,long,long,short,short,long
3093,2022-10-31 17:00:00,OANDA:GBPUSD,1.14994,1.15286,1.14811,1.14864,24953.0,Interval.in_2_hour,26240400.0,short,short,short,long,long,long,long,long,long,long,short,short,short,short,short,short,short,short,short,short,short,short,long,short,short,short,short,short,short,short,short,short,short,short,short,short,short,short,short,short,short,short,short,short,short,short,short,short,short,long,long,long,long,long,long,short,short
3094,2022-10-31 15:00:00,OANDA:GBPUSD,1.15066,1.15159,1.1476,1.14994,25709.0,Interval.in_2_hour,26233200.0,short,short,short,short,long,long,long,long,long,long,long,short,short,short,short,short,short,short,short,short,neutral,neutral,long,short,short,short,short,short,short,short,short,short,short,short,short,short,short,short,short,short,short,short,short,short,short,short,short,short,short,short,long,long,long,long,long,long,short
3095,2022-10-31 13:00:00,OANDA:GBPUSD,1.15438,1.15598,1.15023,1.15066,22266.0,Interval.in_2_hour,26226000.0,short,short,short,short,short,long,long,short,short,long,long,long,short,short,short,short,short,short,short,short,neutral,neutral,long,short,short,short,neutral,short,short,short,short,short,short,short,short,short,short,short,short,short,short,short,short,short,short,short,short,short,short,short,short,long,long,long,long,long,long
3096,2022-10-31 11:00:00,OANDA:GBPUSD,1.15469,1.15672,1.15298,1.15438,18529.0,Interval.in_2_hour,26218800.0,long,short,short,short,short,short,short,short,short,short,short,short,short,short,short,short,short,short,short,short,neutral,neutral,long,short,short,neutral,neutral,short,short,short,short,short,short,short,short,long,long,long,short,short,short,short,short,short,short,short,short,short,short,short,short,short,short,short,short,short,short
3097,2022-10-31 09:00:00,OANDA:GBPUSD,1.16053,1.1607,1.15427,1.15469,21819.0,Interval.in_2_hour,26211600.0,short,long,short,short,short,short,short,short,short,short,short,short,short,short,short,short,short,short,short,short,neutral,neutral,long,short,neutral,neutral,neutral,short,short,short,short,short,short,long,long,long,long,long,short,long,long,long,long,long,short,short,short,short,short,short,short,short,short,short,short,short,short
3098,2022-10-31 07:00:00,OANDA:GBPUSD,1.15978,1.16073,1.15824,1.16053,14294.0,Interval.in_2_hour,26204400.0,short,short,short,short,short,short,short,short,short,short,short,short,short,short,short,short,short,short,short,short,neutral,neutral,long,short,neutral,neutral,neutral,short,short,short,long,long,long,long,long,long,long,long,long,long,long,long,long,long,long,short,short,short,short,short,short,short,short,short,short,short,short
3099,2022-10-31 05:00:00,OANDA:GBPUSD,1.16008,1.161,1.15956,1.15978,10685.0,Interval.in_2_hour,26197200.0,short,short,short,short,short,short,short,short,short,short,short,short,short,short,short,short,short,short,short,short,neutral,neutral,long,short,short,neutral,neutral,short,short,short,long,long,long,long,long,long,long,long,long,long,long,long,long,long,long,long,short,short,short,short,short,short,short,short,short,short,short
3100,2022-10-31 03:00:00,OANDA:GBPUSD,1.16074,1.1612,1.15858,1.16008,14248.0,Interval.in_2_hour,26190000.0,short,short,short,short,short,short,short,short,short,short,short,short,short,short,short,short,short,short,short,short,neutral,neutral,long,short,neutral,neutral,neutral,short,long,long,long,long,long,long,long,long,long,long,long,long,long,long,long,long,long,short,long,short,short,short,short,short,short,short,short,short,short
3101,2022-10-31 01:00:00,OANDA:GBPUSD,1.16003,1.16136,1.15898,1.16074,13495.0,Interval.in_2_hour,26182800.0,short,short,short,short,short,short,short,short,short,short,short,short,short,short,short,short,short,short,short,short,short,short,long,short,neutral,neutral,neutral,long,long,long,long,long,long,long,long,long,long,long,long,long,long,long,long,long,long,short,short,short,short,short,short,short,short,short,short,short,short
3102,2022-10-30 23:00:00,OANDA:GBPUSD,1.16135,1.16135,1.15808,1.16003,6757.0,Interval.in_2_hour,26175600.0,short,short,short,short,short,short,short,short,short,short,short,short,short,short,short,short,short,short,short,short,neutral,neutral,long,short,neutral,neutral,neutral,long,long,long,long,long,long,long,long,long,long,long,long,long,long,long,long,long,long,long,long,short,long,short,short,short,short,short,short,short,short
3103,2022-10-28 22:00:00,OANDA:GBPUSD,1.16108,1.16239,1.16036,1.16135,10442.0,Interval.in_2_hour,25999200.0,short,short,short,short,short,short,short,short,short,short,short,short,short,short,short,short,short,short,short,short,neutral,neutral,long,short,long,neutral,neutral,long,long,long,long,long,long,long,long,long,long,long,long,long,long,long,long,long,short,short,short,short,short,short,short,short,short,short,short,short,short
3104,2022-10-28 20:00:00,OANDA:GBPUSD,1.15888,1.16124,1.15834,1.16108,13399.0,Interval.in_2_hour,25992000.0,short,short,short,short,short,short,short,short,short,short,short,short,short,short,short,short,short,short,short,short,neutral,neutral,long,short,neutral,neutral,neutral,long,long,long,long,long,long,long,long,long,long,long,long,long,long,long,short,short,short,long,short,short,short,short,short,short,short,short,short,short,short
3105,2022-10-28 18:00:00,OANDA:GBPUSD,1.1591,1.15958,1.15566,1.15888,23115.0,Interval.in_2_hour,25984800.0,short,short,short,short,short,short,short,short,short,short,short,short,short,short,short,short,short,short,short,short,neutral,neutral,long,short,neutral,neutral,neutral,long,long,long,long,long,long,long,long,long,long,long,long,long,long,short,short,short,short,long,long,long,long,long,long,long,short,short,short,short,short
3106,2022-10-28 16:00:00,OANDA:GBPUSD,1.15392,1.16,1.15338,1.1591,39691.0,Interval.in_2_hour,25977600.0,short,short,short,short,short,short,short,short,short,short,short,short,short,short,short,short,short,short,short,short,neutral,neutral,long,short,long,long,neutral,long,long,short,short,long,short,long,short,short,short,short,short,short,short,short,short,short,short,short,long,long,long,long,long,long,long,short,short,short,short
3107,2022-10-28 14:00:00,OANDA:GBPUSD,1.1536,1.1575,1.15218,1.15392,28896.0,Interval.in_2_hour,25970400.0,short,short,short,short,short,short,short,short,long,short,long,long,short,short,short,short,short,short,short,short,short,neutral,long,short,long,neutral,neutral,short,short,short,short,short,short,short,short,short,short,short,short,short,short,short,short,short,short,long,long,long,long,long,long,long,long,long,long,long,short
3108,2022-10-28 12:00:00,OANDA:GBPUSD,1.15272,1.1543,1.1513,1.1536,21979.0,Interval.in_2_hour,25963200.0,short,short,short,short,short,short,short,short,short,long,short,long,long,short,short,short,short,short,short,short,neutral,neutral,long,short,neutral,neutral,neutral,short,short,short,short,short,short,short,short,short,short,short,short,short,short,short,short,short,short,long,long,long,long,long,long,long,long,long,long,long,long
3109,2022-10-28 10:00:00,OANDA:GBPUSD,1.15334,1.15438,1.15042,1.15272,28606.0,Interval.in_2_hour,25956000.0,long,short,short,short,short,short,short,short,short,short,long,long,long,long,short,short,short,short,short,short,neutral,neutral,long,short,short,short,neutral,short,short,short,short,short,short,short,short,short,short,short,short,short,short,short,short,short,short,long,long,long,long,long,long,long,long,long,long,long,long
3110,2022-10-28 08:00:00,OANDA:GBPUSD,1.15722,1.15736,1.15296,1.15334,21652.0,Interval.in_2_hour,25948800.0,long,long,short,short,short,short,short,short,short,short,short,long,short,long,long,short,short,short,short,short,neutral,neutral,long,short,short,neutral,neutral,short,short,short,short,short,short,short,short,short,short,short,short,short,short,short,short,short,short,short,long,long,long,long,long,long,long,long,long,long,long
3111,2022-10-28 06:00:00,OANDA:GBPUSD,1.1589,1.15894,1.15632,1.15722,19951.0,Interval.in_2_hour,25941600.0,long,short,short,short,short,short,short,short,short,short,short,short,short,short,short,short,short,short,short,short,long,long,long,short,neutral,neutral,neutral,long,long,long,long,long,long,long,short,short,short,short,short,short,short,short,short,long,long,short,short,short,short,long,long,long,long,long,long,long,long
3112,2022-10-28 04:00:00,OANDA:GBPUSD,1.15526,1.15951,1.15482,1.1589,22882.0,Interval.in_2_hour,25934400.0,long,long,short,short,short,short,short,short,short,short,short,short,short,short,short,short,short,short,short,short,short,neutral,long,short,neutral,neutral,neutral,long,long,short,short,long,short,short,short,short,short,short,short,short,short,short,short,long,short,short,short,short,short,short,long,short,long,long,long,long,long
3113,2022-10-28 02:00:00,OANDA:GBPUSD,1.15735,1.15745,1.15444,1.15526,16119.0,Interval.in_2_hour,25927200.0,long,long,long,short,short,short,short,short,short,short,short,short,short,short,short,short,short,short,short,short,neutral,neutral,long,short,neutral,neutral,neutral,short,short,short,short,short,short,short,short,short,short,short,short,short,short,short,long,short,long,long,long,short,short,short,short,long,long,long,long,long,long
3114,2022-10-28 00:00:00,OANDA:GBPUSD,1.15654,1.15745,1.1562,1.15735,6246.0,Interval.in_2_hour,25920000.0,long,long,long,long,short,short,short,short,short,short,short,short,short,short,short,short,short,short,short,short,neutral,neutral,long,short,long,neutral,neutral,short,short,long,short,short,short,short,short,short,short,short,short,short,short,long,short,long,long,short,long,short,short,short,short,short,long,long,long,long,long
3115,2022-10-27 22:00:00,OANDA:GBPUSD,1.15608,1.15788,1.15581,1.15654,15033.0,Interval.in_2_hour,25912800.0,long,long,long,long,long,short,short,short,short,short,short,short,short,short,short,short,short,short,short,short,neutral,neutral,long,short,neutral,neutral,neutral,short,short,short,short,short,short,short,short,short,short,short,short,short,long,short,long,long,long,long,short,long,long,short,short,short,short,long,long,long,long
3116,2022-10-27 20:00:00,OANDA:GBPUSD,1.15737,1.16018,1.15592,1.15608,17610.0,Interval.in_2_hour,25905600.0,long,long,long,long,long,long,short,short,short,short,short,short,short,short,short,short,short,short,short,short,neutral,neutral,long,short,short,neutral,neutral,short,short,short,short,short,short,short,short,short,short,short,short,long,short,long,long,long,long,long,long,short,long,long,short,short,short,short,long,long,long
3117,2022-10-27 18:00:00,OANDA:GBPUSD,1.15809,1.16043,1.15641,1.15737,30304.0,Interval.in_2_hour,25898400.0,long,long,long,long,long,long,long,short,short,short,short,short,short,short,short,short,short,short,short,short,neutral,neutral,long,short,neutral,neutral,neutral,long,short,short,short,short,short,short,short,short,short,short,long,short,long,long,long,long,long,short,short,short,short,long,short,short,short,short,short,long,long
3118,2022-10-27 16:00:00,OANDA:GBPUSD,1.15782,1.16346,1.15567,1.15809,47824.0,Interval.in_2_hour,25891200.0,long,long,long,long,long,long,long,long,short,short,short,short,short,short,short,short,short,short,short,short,neutral,neutral,long,short,long,neutral,neutral,short,short,short,short,short,short,short,short,short,long,long,short,long,long,long,long,long,long,short,short,short,short,short,long,short,short,short,short,short,long
3119,2022-10-27 14:00:00,OANDA:GBPUSD,1.15601,1.15894,1.15494,1.15782,35798.0,Interval.in_2_hour,25884000.0,long,long,long,long,long,long,long,long,long,short,short,short,short,short,short,short,short,short,short,short,short,short,long,short,neutral,neutral,neutral,short,short,short,short,short,short,short,short,short,long,short,long,long,long,long,long,long,long,long,short,short,short,short,short,long,short,short,short,short,short
3120,2022-10-27 12:00:00,OANDA:GBPUSD,1.15906,1.1596,1.15492,1.15601,24985.0,Interval.in_2_hour,25876800.0,short,long,long,long,long,long,long,long,long,long,short,short,short,short,short,short,short,short,short,short,neutral,neutral,long,short,neutral,neutral,neutral,short,short,short,short,short,short,short,short,long,short,long,long,long,long,long,long,long,long,long,long,long,long,long,long,short,long,long,short,short,short
3121,2022-10-27 10:00:00,OANDA:GBPUSD,1.1589,1.16096,1.15864,1.15906,27907.0,Interval.in_2_hour,25869600.0,short,short,long,short,long,long,long,long,long,long,long,short,short,short,short,short,short,short,short,short,short,short,long,short,neutral,neutral,neutral,short,short,short,short,short,short,long,long,long,long,long,long,long,long,long,long,long,long,short,short,short,short,short,short,short,short,short,short,short,short
3122,2022-10-27 08:00:00,OANDA:GBPUSD,1.16233,1.16367,1.15858,1.1589,22031.0,Interval.in_2_hour,25862400.0,short,short,short,long,short,long,long,long,long,long,long,long,short,short,short,short,short,short,short,short,long,neutral,long,short,neutral,neutral,neutral,short,short,short,short,short,long,long,long,long,long,long,long,long,long,long,long,long,long,long,short,short,short,short,short,short,short,short,long,short,short
3123,2022-10-27 06:00:00,OANDA:GBPUSD,1.16126,1.16274,1.16058,1.16233,16082.0,Interval.in_2_hour,25855200.0,short,short,short,short,short,short,short,short,short,short,short,short,short,short,short,short,short,short,short,short,neutral,neutral,long,short,neutral,neutral,neutral,short,short,long,long,long,long,long,long,long,long,long,long,long,long,long,long,long,long,short,short,short,short,short,short,short,short,short,short,short,short
3124,2022-10-27 04:00:00,OANDA:GBPUSD,1.16252,1.16402,1.1605,1.16126,23044.0,Interval.in_2_hour,25848000.0,short,short,short,short,short,short,short,short,long,short,short,short,short,short,short,short,short,short,short,short,neutral,neutral,long,short,neutral,neutral,neutral,short,long,long,long,long,long,long,long,long,long,long,long,long,long,long,long,long,long,long,short,short,short,short,short,short,short,short,short,short,short
3125,2022-10-27 02:00:00,OANDA:GBPUSD,1.16166,1.16457,1.16154,1.16252,18161.0,Interval.in_2_hour,25840800.0,short,short,short,short,short,short,short,short,short,short,short,short,short,short,short,short,short,short,short,short,neutral,neutral,long,short,neutral,neutral,neutral,long,long,long,long,long,long,long,long,long,long,long,long,long,long,long,long,long,long,short,short,short,short,short,short,short,short,short,short,short,short
3126,2022-10-27 00:00:00,OANDA:GBPUSD,1.16306,1.16312,1.16105,1.16166,15736.0,Interval.in_2_hour,25833600.0,short,short,short,short,short,short,short,short,short,short,short,short,short,short,short,short,short,short,short,short,neutral,neutral,long,short,neutral,neutral,neutral,long,long,long,long,long,long,long,long,long,long,long,long,long,long,long,long,long,long,long,short,long,short,short,short,short,short,short,short,short,short
3127,2022-10-26 22:00:00,OANDA:GBPUSD,1.16248,1.16335,1.16196,1.16306,10869.0,Interval.in_2_hour,25826400.0,short,short,short,short,short,short,short,short,short,short,short,short,short,short,short,short,short,short,short,short,neutral,neutral,long,short,long,long,long,long,long,long,long,long,long,long,long,long,long,long,long,long,long,long,long,long,long,short,short,short,short,short,short,short,short,short,short,short,short
3128,2022-10-26 20:00:00,OANDA:GBPUSD,1.1611,1.16341,1.15976,1.16248,19207.0,Interval.in_2_hour,25819200.0,short,short,short,short,short,short,short,short,short,short,short,short,short,short,short,short,short,short,short,short,neutral,neutral,long,short,long,long,neutral,long,long,long,long,long,long,long,long,long,long,long,long,long,long,long,long,long,long,long,short,long,short,short,short,short,short,short,short,short,short
3129,2022-10-26 18:00:00,OANDA:GBPUSD,1.16023,1.16391,1.15918,1.1611,25180.0,Interval.in_2_hour,25812000.0,short,short,short,short,short,short,short,short,short,short,short,short,short,long,short,short,short,short,short,short,neutral,neutral,long,short,long,neutral,neutral,long,long,long,long,long,long,long,long,long,long,long,long,long,long,long,long,long,long,long,long,long,long,long,long,short,short,short,short,short,short
3130,2022-10-26 16:00:00,OANDA:GBPUSD,1.15544,1.16137,1.15443,1.16023,39778.0,Interval.in_2_hour,25804800.0,short,short,short,short,short,short,short,short,short,short,short,short,short,long,long,short,long,short,short,short,neutral,neutral,long,short,neutral,neutral,neutral,long,long,long,long,long,long,long,long,long,long,long,long,long,long,long,long,long,long,long,long,long,long,long,long,long,short,short,short,short,short
3131,2022-10-26 14:00:00,OANDA:GBPUSD,1.15648,1.15868,1.15458,1.15544,27891.0,Interval.in_2_hour,25797600.0,long,long,long,long,long,short,long,long,short,short,short,short,long,long,long,long,long,long,short,short,long,long,long,short,short,neutral,neutral,long,long,long,long,long,long,long,long,long,long,long,long,long,long,long,long,long,long,long,long,long,long,long,long,long,long,long,long,long,long
3132,2022-10-26 12:00:00,OANDA:GBPUSD,1.16002,1.16202,1.15475,1.15648,25961.0,Interval.in_2_hour,25790400.0,long,long,long,short,long,long,short,long,long,short,short,short,short,long,long,long,long,long,short,short,neutral,neutral,long,short,neutral,neutral,neutral,long,long,long,long,long,long,long,long,long,long,long,long,long,long,long,long,long,long,short,long,long,long,long,long,long,long,long,long,long,short
3133,2022-10-26 10:00:00,OANDA:GBPUSD,1.1482,1.16066,1.14716,1.16002,32292.0,Interval.in_2_hour,25783200.0,short,short,short,short,short,short,short,short,short,short,short,short,short,short,short,short,long,long,short,short,neutral,neutral,long,short,long,neutral,neutral,long,long,long,long,long,long,long,long,long,long,long,long,long,long,long,long,long,long,short,short,long,long,long,long,long,long,long,long,short,short
3134,2022-10-26 08:00:00,OANDA:GBPUSD,1.14531,1.14876,1.14452,1.1482,18377.0,Interval.in_2_hour,25776000.0,long,long,long,long,long,long,long,long,long,long,long,long,long,long,long,long,long,long,short,short,neutral,neutral,long,short,neutral,neutral,neutral,long,long,short,short,long,long,long,long,long,long,long,long,long,long,long,long,long,long,long,long,long,long,long,long,long,long,long,long,long,long
3135,2022-10-26 06:00:00,OANDA:GBPUSD,1.14533,1.14687,1.14462,1.14531,14411.0,Interval.in_2_hour,25768800.0,long,long,long,long,long,long,long,long,long,long,long,long,long,long,long,long,long,long,short,short,neutral,neutral,long,short,neutral,neutral,neutral,short,short,short,short,long,long,long,long,long,long,long,long,long,long,long,long,long,long,long,long,long,long,long,long,long,long,long,long,long,long
3136,2022-10-26 04:00:00,OANDA:GBPUSD,1.14388,1.14594,1.14307,1.14533,19344.0,Interval.in_2_hour,25761600.0,long,long,long,long,long,long,long,long,long,long,long,long,long,long,long,long,long,long,short,short,neutral,neutral,long,short,neutral,neutral,neutral,short,short,short,long,long,long,long,long,long,long,long,long,long,long,long,long,long,long,short,long,long,long,long,long,long,long,long,long,long,long
3137,2022-10-26 02:00:00,OANDA:GBPUSD,1.14578,1.1466,1.14323,1.14388,15869.0,Interval.in_2_hour,25754400.0,long,long,long,long,long,long,long,long,long,long,long,long,long,long,long,long,long,long,short,short,short,short,long,short,short,neutral,neutral,short,short,long,long,long,long,long,long,long,long,long,long,long,long,long,long,long,long,long,long,long,long,long,long,long,long,long,long,long,long
3138,2022-10-26 00:00:00,OANDA:GBPUSD,1.14746,1.1478,1.14512,1.14578,7213.0,Interval.in_2_hour,25747200.0,long,long,long,long,long,long,long,long,long,long,long,long,long,long,long,long,long,long,short,short,long,long,long,short,neutral,neutral,neutral,long,long,long,long,long,long,long,long,long,long,long,long,long,long,long,long,long,long,short,short,short,long,long,long,long,long,long,long,long,long
3139,2022-10-25 22:00:00,OANDA:GBPUSD,1.14714,1.14786,1.14648,1.14746,10868.0,Interval.in_2_hour,25740000.0,long,long,long,long,long,long,long,long,long,long,long,long,long,long,long,long,long,long,short,short,neutral,neutral,long,short,long,long,long,long,long,long,long,long,long,long,long,long,long,long,long,long,long,long,long,long,long,short,short,short,short,long,long,long,long,long,long,long,long
3140,2022-10-25 20:00:00,OANDA:GBPUSD,1.14701,1.14889,1.146,1.14714,18398.0,Interval.in_2_hour,25732800.0,long,long,long,long,long,long,long,long,long,long,long,long,long,long,long,long,long,long,short,short,neutral,neutral,long,short,long,long,long,long,long,long,long,long,long,long,long,long,long,long,long,long,long,long,long,long,long,long,short,short,short,short,long,long,long,long,long,long,long
3141,2022-10-25 18:00:00,OANDA:GBPUSD,1.14588,1.14967,1.14562,1.14701,22799.0,Interval.in_2_hour,25725600.0,long,long,long,long,long,long,long,long,long,long,long,long,long,long,long,long,long,long,short,short,neutral,neutral,long,short,long,long,long,long,long,long,long,long,long,long,long,long,long,long,long,long,long,long,long,long,long,long,long,short,short,short,short,long,long,long,long,long,long
3142,2022-10-25 16:00:00,OANDA:GBPUSD,1.13636,1.14996,1.13631,1.14588,35458.0,Interval.in_2_hour,25718400.0,long,long,long,long,long,long,long,long,long,long,long,long,long,long,long,long,long,long,short,short,neutral,neutral,long,short,long,long,long,long,long,long,long,long,long,long,long,long,long,long,long,long,long,long,long,long,long,long,long,long,short,short,short,short,long,long,long,long,long
3143,2022-10-25 14:00:00,OANDA:GBPUSD,1.1333,1.13642,1.13054,1.13636,19466.0,Interval.in_2_hour,25711200.0,long,long,long,long,long,long,long,long,long,long,long,long,long,long,long,long,long,long,long,long,long,long,long,short,long,long,neutral,long,long,long,long,long,long,long,long,long,long,long,long,short,long,long,long,long,long,long,long,long,long,long,long,long,long,long,long,long,long
3144,2022-10-25 12:00:00,OANDA:GBPUSD,1.13204,1.13406,1.13104,1.1333,16770.0,Interval.in_2_hour,25704000.0,long,long,long,long,long,long,long,long,long,long,long,long,long,long,long,long,long,long,long,long,neutral,neutral,long,short,long,neutral,neutral,long,long,long,long,long,long,long,long,long,long,short,short,short,long,short,long,long,long,long,long,long,long,long,long,long,long,long,long,long,long
3145,2022-10-25 10:00:00,OANDA:GBPUSD,1.12904,1.13326,1.12746,1.13204,22770.0,Interval.in_2_hour,25696800.0,long,long,long,long,long,long,long,long,long,long,long,long,long,long,long,long,long,long,long,long,neutral,neutral,long,short,neutral,neutral,neutral,short,short,long,long,long,long,short,short,short,short,short,short,short,short,short,long,long,long,long,long,long,long,long,long,long,long,long,long,long,long
3146,2022-10-25 08:00:00,OANDA:GBPUSD,1.12997,1.13042,1.1271,1.12904,16719.0,Interval.in_2_hour,25689600.0,long,long,long,long,long,long,long,long,long,long,long,long,long,long,long,long,long,long,long,long,neutral,neutral,long,short,short,short,neutral,short,long,long,long,short,short,short,short,short,short,short,short,short,short,long,long,long,long,long,long,long,long,long,long,long,long,long,long,long,long
3147,2022-10-25 06:00:00,OANDA:GBPUSD,1.13059,1.13146,1.12938,1.12997,12492.0,Interval.in_2_hour,25682400.0,long,long,long,long,long,long,long,long,long,long,long,long,long,long,long,long,long,long,long,long,neutral,neutral,long,short,short,neutral,neutral,long,long,long,long,short,short,short,short,short,short,short,short,short,long,long,long,long,long,short,long,long,long,long,long,long,long,long,long,long,long
3148,2022-10-25 04:00:00,OANDA:GBPUSD,1.13186,1.13246,1.12928,1.13059,21880.0,Interval.in_2_hour,25675200.0,long,long,long,long,long,long,long,long,long,long,long,long,long,long,long,long,long,long,short,long,neutral,neutral,long,short,neutral,neutral,neutral,long,long,long,short,short,short,short,short,short,short,short,short,long,long,long,long,long,long,short,short,long,long,long,long,long,long,long,long,long,long
3149,2022-10-25 02:00:00,OANDA:GBPUSD,1.131,1.13258,1.12966,1.13186,15951.0,Interval.in_2_hour,25668000.0,long,long,long,long,long,long,long,long,long,long,long,long,long,long,long,long,long,long,short,long,long,long,long,short,long,neutral,neutral,long,long,short,short,short,short,short,short,short,short,short,long,long,long,long,long,long,long,short,short,short,long,long,long,long,long,long,long,long,long
3150,2022-10-25 00:00:00,OANDA:GBPUSD,1.12792,1.13108,1.12772,1.131,4227.0,Interval.in_2_hour,25660800.0,long,long,long,long,long,long,long,long,long,long,long,long,long,long,long,long,long,long,short,long,neutral,neutral,long,short,neutral,neutral,neutral,short,short,short,short,short,short,short,short,short,short,long,long,long,long,long,long,long,long,long,short,short,short,long,long,long,long,long,long,long,long
3151,2022-10-24 22:00:00,OANDA:GBPUSD,1.12802,1.12968,1.12739,1.12792,9011.0,Interval.in_2_hour,25653600.0,long,long,long,long,long,long,long,long,long,long,long,long,long,long,long,long,long,long,short,long,neutral,neutral,long,short,neutral,neutral,neutral,short,short,short,short,short,short,short,short,short,short,long,long,long,long,long,long,long,long,long,long,long,long,long,long,long,long,long,long,long,long
3152,2022-10-24 20:00:00,OANDA:GBPUSD,1.12757,1.12946,1.12722,1.12802,13852.0,Interval.in_2_hour,25646400.0,long,long,long,long,long,long,long,long,long,long,long,long,long,long,long,long,long,long,short,long,neutral,neutral,long,short,neutral,neutral,neutral,short,short,short,short,short,short,short,short,short,long,long,long,long,long,long,long,long,long,short,long,long,long,long,long,long,long,long,long,long,long
3153,2022-10-24 18:00:00,OANDA:GBPUSD,1.1315,1.13205,1.12577,1.12757,26186.0,Interval.in_2_hour,25639200.0,long,long,long,long,long,long,long,long,long,long,long,long,long,long,long,long,long,long,short,long,neutral,neutral,long,short,short,neutral,neutral,short,short,short,short,short,short,short,long,long,long,long,long,long,long,long,long,long,long,long,long,long,long,long,long,long,long,long,long,long,long
3154,2022-10-24 16:00:00,OANDA:GBPUSD,1.13248,1.13444,1.12728,1.1315,41043.0,Interval.in_2_hour,25632000.0,long,long,long,long,long,long,long,long,long,long,long,long,long,long,long,long,long,long,short,long,neutral,neutral,long,short,neutral,neutral,neutral,short,short,short,short,short,long,long,long,long,long,long,long,long,long,long,long,long,long,short,short,short,short,long,short,short,short,long,long,long,long
3155,2022-10-24 14:00:00,OANDA:GBPUSD,1.13039,1.13284,1.12736,1.13248,30262.0,Interval.in_2_hour,25624800.0,long,long,long,long,long,long,long,long,long,long,long,long,long,long,long,long,long,long,short,long,neutral,neutral,long,short,neutral,neutral,neutral,short,short,short,short,short,long,long,long,long,long,long,long,long,long,long,long,long,long,short,short,short,short,short,short,short,short,short,short,long,long
3156,2022-10-24 12:00:00,OANDA:GBPUSD,1.13262,1.1349,1.12968,1.13039,25218.0,Interval.in_2_hour,25617600.0,long,long,long,long,long,long,long,long,long,long,long,long,long,long,long,long,long,long,short,long,neutral,neutral,long,short,short,neutral,neutral,short,short,short,short,long,long,long,long,long,long,long,long,long,long,long,long,long,long,long,long,short,short,short,long,long,long,short,short,long,long
3157,2022-10-24 10:00:00,OANDA:GBPUSD,1.13512,1.13722,1.13032,1.13262,34901.0,Interval.in_2_hour,25610400.0,long,long,long,long,long,long,long,long,long,long,long,long,long,long,long,long,long,long,short,short,neutral,neutral,long,short,neutral,neutral,neutral,long,long,long,long,long,long,long,long,long,long,long,long,long,long,long,long,long,long,short,short,short,short,short,short,short,short,short,short,short,short
3158,2022-10-24 08:00:00,OANDA:GBPUSD,1.13474,1.13828,1.13318,1.13512,22666.0,Interval.in_2_hour,25603200.0,short,short,long,long,long,long,long,long,long,long,long,long,long,long,long,long,long,long,short,short,long,long,long,short,long,neutral,neutral,long,long,long,long,long,long,long,long,long,long,long,long,long,long,long,long,long,long,short,short,short,short,short,short,short,short,short,short,short,short
3159,2022-10-24 06:00:00,OANDA:GBPUSD,1.13152,1.13536,1.13003,1.13474,14413.0,Interval.in_2_hour,25596000.0,short,short,short,long,long,long,long,long,long,long,long,long,long,long,long,long,long,long,short,short,neutral,neutral,long,short,neutral,neutral,neutral,long,long,long,long,long,long,long,long,long,long,long,long,long,long,long,long,long,long,long,short,short,short,short,short,short,short,short,short,short,short
3160,2022-10-24 04:00:00,OANDA:GBPUSD,1.13283,1.13384,1.13092,1.13152,25187.0,Interval.in_2_hour,25588800.0,short,short,long,long,long,long,long,long,long,long,long,long,long,long,long,long,long,long,short,short,neutral,neutral,long,short,short,neutral,neutral,long,long,long,long,long,long,long,long,long,long,long,long,long,long,long,long,long,long,long,long,long,short,long,short,short,short,short,short,long,short
3161,2022-10-24 02:00:00,OANDA:GBPUSD,1.13338,1.13912,1.13073,1.13283,39284.0,Interval.in_2_hour,25581600.0,short,short,short,short,long,long,long,long,long,long,long,long,long,long,long,long,long,long,short,short,neutral,neutral,long,short,neutral,neutral,neutral,long,long,long,long,long,long,long,long,long,long,long,long,long,long,long,long,long,long,short,long,long,short,short,short,short,short,short,short,short,short
3162,2022-10-24 00:00:00,OANDA:GBPUSD,1.12972,1.14084,1.12972,1.13338,14305.0,Interval.in_2_hour,25574400.0,short,short,short,short,short,short,long,long,long,long,long,long,long,long,long,long,long,long,short,short,neutral,neutral,long,short,long,long,long,long,long,long,long,long,long,long,long,long,long,long,long,long,long,long,long,long,long,short,short,long,long,short,short,short,short,short,short,short,short
3163,2022-10-21 22:00:00,OANDA:GBPUSD,1.12716,1.13152,1.12712,1.12972,16921.0,Interval.in_2_hour,25394400.0,long,long,long,long,short,long,long,long,long,long,long,long,long,long,long,long,long,long,short,short,neutral,neutral,long,short,long,long,long,long,long,long,long,long,long,long,long,long,long,long,short,short,long,long,long,long,long,long,long,long,long,long,long,long,long,long,short,short,short
3164,2022-10-21 20:00:00,OANDA:GBPUSD,1.12604,1.12814,1.12425,1.12716,27362.0,Interval.in_2_hour,25387200.0,long,long,long,long,long,long,long,long,long,long,long,long,long,long,long,long,long,long,short,long,neutral,neutral,long,short,long,long,long,long,long,long,long,long,long,long,long,long,long,short,short,long,long,long,long,long,long,long,long,long,long,long,long,long,long,long,long,long,long
3165,2022-10-21 18:00:00,OANDA:GBPUSD,1.11659,1.13002,1.11524,1.12604,55677.0,Interval.in_2_hour,25380000.0,long,long,long,long,long,long,long,long,long,long,long,long,long,long,long,long,long,long,short,long,neutral,neutral,long,short,long,long,neutral,long,long,long,long,long,short,short,short,short,short,short,short,long,long,short,long,long,long,long,long,long,long,long,long,long,long,long,long,long,long
3166,2022-10-21 16:00:00,OANDA:GBPUSD,1.11298,1.12202,1.11171,1.11659,60632.0,Interval.in_2_hour,25372800.0,long,long,long,long,long,long,long,long,long,long,long,long,long,long,long,long,long,long,short,short,short,neutral,long,short,long,neutral,neutral,short,short,short,short,short,short,short,short,short,short,short,short,short,short,short,short,short,short,long,long,long,long,long,long,long,long,long,long,long,long
3167,2022-10-21 14:00:00,OANDA:GBPUSD,1.1122,1.115,1.10606,1.11298,30789.0,Interval.in_2_hour,25365600.0,long,long,long,long,long,long,long,long,long,long,long,long,long,long,long,long,long,long,short,long,neutral,neutral,long,short,neutral,neutral,neutral,short,short,short,short,short,short,short,short,short,short,short,short,short,short,short,short,short,short,long,long,long,long,long,long,long,long,long,long,long,long
3168,2022-10-21 12:00:00,OANDA:GBPUSD,1.11302,1.11542,1.11003,1.1122,25612.0,Interval.in_2_hour,25358400.0,long,long,long,long,long,long,long,long,long,long,long,long,long,long,long,long,long,long,short,long,neutral,neutral,long,short,short,short,short,short,short,short,short,short,short,short,short,short,short,short,short,short,short,short,short,short,short,long,long,long,long,long,long,long,long,long,long,long,long
3169,2022-10-21 10:00:00,OANDA:GBPUSD,1.11856,1.12224,1.1123,1.11302,29224.0,Interval.in_2_hour,25351200.0,long,long,long,long,long,long,long,long,long,long,long,long,long,long,long,long,long,long,short,long,neutral,neutral,long,short,short,short,neutral,short,short,short,short,short,short,short,short,short,short,short,short,short,short,short,short,short,short,short,short,long,long,long,long,long,long,long,long,long,long
3170,2022-10-21 08:00:00,OANDA:GBPUSD,1.11963,1.12068,1.11752,1.11856,21283.0,Interval.in_2_hour,25344000.0,long,long,long,long,long,long,long,long,long,long,long,long,long,long,long,long,long,long,short,short,short,short,long,short,short,neutral,neutral,short,short,short,short,short,short,short,short,short,short,short,short,short,short,short,short,short,short,short,short,short,short,long,long,long,long,long,long,long,long
3171,2022-10-21 06:00:00,OANDA:GBPUSD,1.1212,1.12198,1.11902,1.11963,17438.0,Interval.in_2_hour,25336800.0,long,long,long,long,long,long,long,long,long,long,long,long,long,long,long,long,long,long,short,short,short,short,long,short,neutral,neutral,neutral,short,short,short,short,short,short,long,short,short,short,short,short,short,short,long,short,short,short,short,short,short,short,short,long,long,long,long,long,long,long
3172,2022-10-21 04:00:00,OANDA:GBPUSD,1.12067,1.12186,1.11975,1.1212,20977.0,Interval.in_2_hour,25329600.0,long,long,long,long,long,long,long,long,long,long,long,long,long,long,long,long,long,long,short,short,neutral,neutral,long,short,neutral,neutral,neutral,short,short,short,short,short,long,long,short,short,long,long,short,short,long,short,short,short,short,short,short,short,short,short,short,long,long,long,long,long,long
3173,2022-10-21 02:00:00,OANDA:GBPUSD,1.12312,1.12332,1.11987,1.12067,15387.0,Interval.in_2_hour,25322400.0,long,long,long,long,long,long,long,long,long,long,long,long,long,long,long,long,long,long,short,short,neutral,neutral,long,short,short,neutral,neutral,short,short,short,short,long,long,short,long,long,long,long,long,long,short,short,short,short,short,long,short,short,short,short,short,short,long,long,long,long,long
3174,2022-10-21 00:00:00,OANDA:GBPUSD,1.12322,1.12404,1.12272,1.12312,4670.0,Interval.in_2_hour,25315200.0,long,long,long,long,long,long,long,long,long,long,long,long,long,long,long,long,long,long,short,short,short,short,long,short,neutral,neutral,neutral,short,short,short,long,long,long,long,long,long,long,long,long,long,short,short,short,short,short,short,short,short,short,short,short,short,short,long,long,long,long
3175,2022-10-20 22:00:00,OANDA:GBPUSD,1.12191,1.12364,1.12026,1.12322,18038.0,Interval.in_2_hour,25308000.0,long,long,long,long,long,long,long,long,long,long,long,long,long,long,long,long,long,long,short,short,neutral,neutral,long,short,neutral,neutral,neutral,short,short,long,long,long,long,long,long,long,long,long,short,short,short,short,short,short,short,short,short,short,short,short,short,short,short,short,long,long,long
3176,2022-10-20 20:00:00,OANDA:GBPUSD,1.12552,1.12558,1.12106,1.12191,31932.0,Interval.in_2_hour,25300800.0,long,long,long,long,long,long,long,long,long,long,long,long,long,long,long,long,long,long,short,short,long,neutral,long,short,short,neutral,neutral,long,long,long,long,long,long,long,long,long,long,long,short,short,short,short,short,short,short,long,long,short,short,short,short,short,short,short,short,long,long
3177,2022-10-20 18:00:00,OANDA:GBPUSD,1.13228,1.1323,1.12448,1.12552,30579.0,Interval.in_2_hour,25293600.0,long,long,long,long,long,long,long,long,long,long,long,long,long,long,long,long,long,long,short,short,neutral,neutral,long,short,neutral,neutral,neutral,long,long,long,long,long,long,long,long,long,long,long,long,long,long,short,short,short,short,short,short,short,short,short,short,short,short,short,short,short,long
3178,2022-10-20 16:00:00,OANDA:GBPUSD,1.1255,1.13366,1.12427,1.13228,39571.0,Interval.in_2_hour,25286400.0,short,short,short,long,long,short,long,long,long,short,long,short,short,short,short,short,short,short,short,short,short,neutral,long,short,long,long,neutral,long,long,long,long,long,long,long,long,long,long,long,long,long,short,short,short,short,short,short,short,short,short,short,short,short,short,short,short,short,short
3179,2022-10-20 14:00:00,OANDA:GBPUSD,1.1217,1.13074,1.1208,1.1255,38824.0,Interval.in_2_hour,25279200.0,short,long,long,long,long,long,long,long,long,long,long,long,long,long,long,long,long,long,short,short,short,short,long,short,long,neutral,neutral,long,long,long,long,long,long,long,long,short,short,short,short,short,short,short,short,short,short,long,long,short,short,short,short,short,short,short,short,short,short
3180,2022-10-20 12:00:00,OANDA:GBPUSD,1.11849,1.1232,1.11714,1.1217,25270.0,Interval.in_2_hour,25272000.0,short,short,long,long,long,long,long,long,long,long,long,long,long,long,long,long,long,long,short,short,short,short,long,short,neutral,neutral,neutral,short,short,short,short,short,long,short,short,short,short,short,short,short,short,short,short,short,short,long,long,long,long,long,long,short,short,short,short,short,short
3181,2022-10-20 10:00:00,OANDA:GBPUSD,1.12256,1.12406,1.11796,1.11849,32714.0,Interval.in_2_hour,25264800.0,short,short,short,long,long,long,long,long,long,long,long,long,long,long,long,long,long,long,short,short,long,neutral,long,short,neutral,neutral,neutral,short,short,short,short,long,short,short,short,short,short,short,short,short,short,short,short,short,short,long,long,long,long,long,long,long,long,long,long,long,short
3182,2022-10-20 08:00:00,OANDA:GBPUSD,1.12217,1.12387,1.121,1.12256,24033.0,Interval.in_2_hour,25257600.0,short,short,short,short,long,long,long,long,long,long,long,long,long,long,long,long,long,long,short,short,neutral,neutral,long,short,long,neutral,neutral,long,long,long,long,short,short,short,short,short,short,short,short,short,short,short,short,short,short,short,short,long,long,long,short,long,long,short,short,short,short
3183,2022-10-20 06:00:00,OANDA:GBPUSD,1.12025,1.12408,1.1191,1.12217,19025.0,Interval.in_2_hour,25250400.0,short,short,short,short,short,long,long,long,long,long,long,long,long,long,long,long,long,long,short,short,short,short,long,short,neutral,neutral,neutral,short,long,long,short,short,short,short,short,short,short,short,short,short,short,short,short,short,short,long,short,short,long,long,long,short,long,long,short,short,short
3184,2022-10-20 04:00:00,OANDA:GBPUSD,1.12094,1.12096,1.11964,1.12025,21547.0,Interval.in_2_hour,25243200.0,short,short,short,short,short,short,long,long,long,long,long,long,long,long,long,long,long,long,short,short,neutral,neutral,long,short,neutral,neutral,neutral,short,long,short,short,short,short,short,short,short,short,short,short,short,short,short,short,short,short,long,long,short,long,long,long,long,long,long,long,long,long
3185,2022-10-20 02:00:00,OANDA:GBPUSD,1.12092,1.12226,1.11978,1.12094,15908.0,Interval.in_2_hour,25236000.0,long,short,short,short,short,short,short,long,long,long,long,long,long,long,long,long,long,long,short,short,neutral,neutral,long,short,neutral,neutral,neutral,long,short,short,short,short,short,short,short,short,short,short,short,short,short,short,short,short,short,short,long,long,short,long,long,long,long,long,long,long,short
3186,2022-10-20 00:00:00,OANDA:GBPUSD,1.12174,1.1224,1.12079,1.12092,6699.0,Interval.in_2_hour,25228800.0,short,long,short,short,short,short,short,short,long,long,long,long,long,long,long,long,long,long,short,short,neutral,neutral,long,short,neutral,neutral,neutral,short,short,short,short,short,short,short,short,short,short,short,short,short,short,short,short,short,short,long,short,long,long,short,long,long,long,long,long,long,long
3187,2022-10-19 22:00:00,OANDA:GBPUSD,1.12046,1.12273,1.12023,1.12174,14911.0,Interval.in_2_hour,25221600.0,long,short,short,short,short,short,short,short,short,long,long,long,long,long,long,long,long,long,short,long,short,short,long,short,long,neutral,neutral,short,short,short,short,short,short,short,short,short,short,short,short,short,short,short,short,short,short,short,short,short,long,long,short,short,long,long,long,long,long
3188,2022-10-19 20:00:00,OANDA:GBPUSD,1.11941,1.12262,1.11852,1.12046,22791.0,Interval.in_2_hour,25214400.0,long,long,long,long,short,short,short,short,short,short,long,long,long,long,long,long,long,long,short,long,neutral,neutral,long,short,neutral,neutral,neutral,short,short,short,short,short,short,short,short,short,short,short,short,short,short,short,short,short,short,long,long,long,short,long,long,short,long,long,long,long,long
3189,2022-10-19 18:00:00,OANDA:GBPUSD,1.12582,1.12647,1.1189,1.11941,22203.0,Interval.in_2_hour,25207200.0,long,long,long,long,long,long,short,short,short,short,short,long,long,long,long,long,long,long,short,long,long,neutral,long,short,neutral,neutral,neutral,short,short,short,short,short,short,short,short,short,short,short,short,short,short,short,short,short,short,long,long,long,long,long,long,long,short,long,long,long,long
3190,2022-10-19 16:00:00,OANDA:GBPUSD,1.12461,1.12782,1.12317,1.12582,30885.0,Interval.in_2_hour,25200000.0,short,short,short,short,short,short,short,short,short,short,short,short,long,long,long,long,long,long,short,short,neutral,neutral,long,short,neutral,neutral,neutral,short,short,short,short,short,short,short,short,short,short,short,short,short,short,short,short,short,short,short,short,short,short,short,short,short,short,short,short,short,long
3191,2022-10-19 14:00:00,OANDA:GBPUSD,1.12554,1.12579,1.12217,1.12461,26948.0,Interval.in_2_hour,25192800.0,long,long,short,short,short,short,short,short,short,short,short,short,short,long,long,long,long,long,short,short,neutral,neutral,long,short,short,short,short,short,short,short,short,short,short,short,short,short,short,short,short,short,short,short,short,short,short,long,short,short,short,short,short,short,short,short,short,short,long
3192,2022-10-19 12:00:00,OANDA:GBPUSD,1.12623,1.12864,1.12524,1.12554,24523.0,Interval.in_2_hour,25185600.0,short,long,short,short,short,short,short,short,short,short,short,short,short,short,long,long,long,long,short,short,neutral,neutral,long,short,short,short,short,short,short,short,short,short,short,short,short,short,short,short,short,short,short,short,short,short,short,short,long,short,short,short,short,short,short,short,short,short,short
3193,2022-10-19 10:00:00,OANDA:GBPUSD,1.12716,1.12992,1.12458,1.12623,30048.0,Interval.in_2_hour,25178400.0,short,short,long,short,short,short,short,short,short,short,short,short,short,short,short,short,long,long,short,short,neutral,neutral,long,short,short,short,short,short,short,short,short,short,short,short,short,short,short,short,short,short,short,short,short,short,short,short,short,short,short,short,short,short,short,short,short,short,short
3194,2022-10-19 08:00:00,OANDA:GBPUSD,1.13258,1.13308,1.1267,1.12716,22891.0,Interval.in_2_hour,25171200.0,short,short,short,long,short,short,short,short,short,short,short,short,short,short,short,short,short,long,short,short,neutral,neutral,long,short,short,short,neutral,short,short,short,short,short,short,long,long,short,short,short,short,short,short,short,short,short,short,short,short,short,short,short,short,short,short,short,short,short,short
3195,2022-10-19 06:00:00,OANDA:GBPUSD,1.13373,1.13489,1.13179,1.13258,15727.0,Interval.in_2_hour,25164000.0,short,short,short,short,short,short,short,short,short,short,short,short,short,short,short,short,short,short,short,short,neutral,neutral,long,short,short,neutral,neutral,long,long,long,long,long,long,long,long,short,short,short,short,short,short,short,short,short,long,short,short,short,short,short,short,short,short,short,short,short,short
3196,2022-10-19 04:00:00,OANDA:GBPUSD,1.13412,1.1351,1.13329,1.13373,21627.0,Interval.in_2_hour,25156800.0,short,short,short,short,short,short,short,short,short,short,short,short,short,short,short,short,short,short,short,short,neutral,neutral,long,short,neutral,neutral,neutral,long,long,long,long,long,long,long,short,short,short,short,short,short,short,short,short,long,long,short,short,short,short,short,short,short,short,short,short,short,short
3197,2022-10-19 02:00:00,OANDA:GBPUSD,1.13345,1.13581,1.13288,1.13412,18256.0,Interval.in_2_hour,25149600.0,short,short,short,short,short,short,short,short,short,short,short,short,short,short,short,short,short,short,short,short,neutral,neutral,long,short,long,long,long,long,long,long,long,long,long,short,short,short,short,short,short,short,short,short,long,long,long,short,short,short,short,short,short,short,short,short,short,short,short
3198,2022-10-19 00:00:00,OANDA:GBPUSD,1.13182,1.13362,1.13169,1.13345,4928.0,Interval.in_2_hour,25142400.0,short,short,short,short,short,short,short,short,short,short,short,short,short,short,short,short,short,short,short,short,neutral,neutral,long,short,long,long,neutral,long,long,long,long,long,short,short,short,short,short,short,short,short,short,long,long,long,long,long,long,short,short,short,short,short,short,short,short,short,short
3199,2022-10-18 22:00:00,OANDA:GBPUSD,1.13174,1.13348,1.13048,1.13182,14495.0,Interval.in_2_hour,25135200.0,short,short,short,short,short,short,short,short,long,short,short,short,short,short,short,short,short,short,short,short,neutral,neutral,long,short,long,neutral,neutral,short,long,long,short,short,short,short,short,short,short,short,short,short,long,long,long,long,long,long,long,long,long,short,short,short,short,short,short,short,short
3200,2022-10-18 20:00:00,OANDA:GBPUSD,1.13124,1.13264,1.12799,1.13174,25470.0,Interval.in_2_hour,25128000.0,short,short,short,short,short,short,short,short,short,long,short,short,short,short,short,short,short,short,short,short,neutral,neutral,long,short,neutral,neutral,neutral,long,long,short,short,short,short,short,short,short,short,short,short,long,long,long,long,long,long,long,long,long,long,long,short,short,short,short,short,short,short
3201,2022-10-18 18:00:00,OANDA:GBPUSD,1.13193,1.13334,1.12803,1.13124,26791.0,Interval.in_2_hour,25120800.0,short,short,short,short,short,short,short,short,short,short,long,short,short,short,short,short,short,short,short,short,neutral,neutral,long,short,short,neutral,neutral,long,short,short,short,short,short,short,short,short,short,short,long,long,long,long,long,long,long,long,long,long,long,long,long,short,short,short,short,short,short
3202,2022-10-18 16:00:00,OANDA:GBPUSD,1.13273,1.13388,1.12892,1.13193,33300.0,Interval.in_2_hour,25113600.0,short,short,short,short,short,short,short,short,short,short,short,long,short,short,short,short,short,short,short,short,long,long,long,short,neutral,neutral,neutral,long,short,short,short,short,short,short,short,short,short,long,long,long,long,long,long,long,long,short,short,short,long,long,long,long,short,short,short,short,short
3203,2022-10-18 14:00:00,OANDA:GBPUSD,1.1259,1.1347,1.12583,1.13273,25510.0,Interval.in_2_hour,25106400.0,short,short,short,short,short,short,short,short,short,short,short,short,short,short,short,short,short,short,short,short,short,neutral,long,short,neutral,neutral,neutral,short,short,short,short,short,short,short,short,short,short,long,long,long,long,long,long,long,long,short,short,short,short,long,long,long,short,short,short,short,short
3204,2022-10-18 12:00:00,OANDA:GBPUSD,1.12948,1.13261,1.12555,1.1259,28826.0,Interval.in_2_hour,25099200.0,short,short,short,short,short,short,short,short,short,short,short,short,short,long,short,short,short,short,short,short,neutral,neutral,long,short,short,short,neutral,short,short,short,short,short,short,short,short,short,long,long,long,long,long,long,long,long,long,long,long,long,long,long,long,long,long,long,long,long,short
3205,2022-10-18 10:00:00,OANDA:GBPUSD,1.13502,1.13648,1.12867,1.12948,29936.0,Interval.in_2_hour,25092000.0,short,short,short,short,short,short,short,short,short,short,short,short,short,short,long,short,short,short,short,short,neutral,neutral,long,short,short,neutral,neutral,short,short,short,short,short,short,short,long,long,long,long,long,long,long,long,long,long,long,short,long,long,long,long,long,long,long,long,long,short,short
3206,2022-10-18 08:00:00,OANDA:GBPUSD,1.13892,1.14024,1.1337,1.13502,28284.0,Interval.in_2_hour,25084800.0,short,short,short,short,short,short,short,short,short,short,short,short,short,short,short,short,short,short,short,short,long,long,long,short,neutral,neutral,neutral,long,long,long,short,short,short,long,long,long,long,long,long,long,long,long,long,long,long,short,short,short,short,short,short,short,short,short,short,short,short
3207,2022-10-18 06:00:00,OANDA:GBPUSD,1.13454,1.14119,1.13348,1.13892,18993.0,Interval.in_2_hour,25077600.0,short,short,short,short,short,short,short,short,short,short,short,short,short,short,short,short,short,short,short,short,neutral,neutral,long,short,neutral,neutral,neutral,long,long,short,short,short,long,long,long,long,long,long,long,long,long,long,long,long,long,short,short,short,short,short,short,short,short,short,short,short,short
3208,2022-10-18 04:00:00,OANDA:GBPUSD,1.13534,1.13561,1.13314,1.13454,18114.0,Interval.in_2_hour,25070400.0,short,short,short,short,short,short,short,short,short,short,short,short,short,short,short,short,short,short,short,short,long,neutral,long,short,short,short,short,short,short,short,short,long,long,long,long,long,long,long,long,long,long,long,long,long,long,long,long,short,short,short,short,short,short,short,short,short,short
3209,2022-10-18 02:00:00,OANDA:GBPUSD,1.13567,1.13696,1.135,1.13534,18166.0,Interval.in_2_hour,25063200.0,short,short,short,short,short,short,short,short,short,short,short,short,short,short,short,short,short,short,short,short,neutral,neutral,long,short,short,short,short,short,short,short,long,long,long,long,long,long,long,long,long,long,long,long,long,long,long,short,long,short,short,short,short,short,short,short,short,short,short
3210,2022-10-18 00:00:00,OANDA:GBPUSD,1.13634,1.13688,1.13499,1.13567,10470.0,Interval.in_2_hour,25056000.0,short,short,short,short,short,short,short,short,short,short,short,short,short,short,short,short,short,short,short,short,neutral,neutral,long,short,short,short,short,short,short,long,long,long,long,long,long,long,long,long,long,long,long,long,long,long,long,short,short,long,short,short,short,short,short,short,short,short,short
3211,2022-10-17 22:00:00,OANDA:GBPUSD,1.13641,1.13641,1.1344,1.13634,15432.0,Interval.in_2_hour,25048800.0,short,short,short,short,short,short,short,short,short,short,short,short,short,short,short,short,short,short,short,short,neutral,neutral,long,short,short,short,neutral,short,long,long,long,long,long,long,long,long,long,long,long,long,long,long,long,long,long,short,short,short,long,short,short,short,short,short,short,short,short
3212,2022-10-17 20:00:00,OANDA:GBPUSD,1.13903,1.14032,1.13513,1.13641,17763.0,Interval.in_2_hour,25041600.0,short,short,short,short,short,short,short,short,short,short,short,short,short,short,short,short,short,short,short,short,long,neutral,long,short,short,neutral,neutral,long,long,long,long,long,long,long,long,long,long,long,long,long,long,long,long,long,long,short,short,short,short,long,short,short,short,short,short,short,short
3213,2022-10-17 18:00:00,OANDA:GBPUSD,1.1432,1.14354,1.13889,1.13903,26665.0,Interval.in_2_hour,25034400.0,short,short,short,short,short,short,short,short,short,short,short,short,short,short,short,short,short,short,short,short,neutral,neutral,long,short,neutral,neutral,neutral,long,long,long,long,long,long,long,long,long,long,long,long,long,long,long,long,long,long,short,short,short,short,short,short,short,short,short,short,short,short
3214,2022-10-17 16:00:00,OANDA:GBPUSD,1.13387,1.144,1.13344,1.1432,33432.0,Interval.in_2_hour,25027200.0,short,short,short,short,short,short,short,short,short,short,short,short,short,short,short,short,short,short,short,short,neutral,neutral,long,short,long,long,long,long,long,long,long,long,long,long,long,long,long,long,long,long,long,long,long,long,long,short,short,short,short,short,short,short,short,short,short,short,short
3215,2022-10-17 14:00:00,OANDA:GBPUSD,1.12753,1.13522,1.12736,1.13387,23384.0,Interval.in_2_hour,25020000.0,short,short,short,short,short,long,short,short,short,short,short,short,short,short,short,short,short,short,short,short,neutral,neutral,long,short,long,long,long,long,long,long,long,long,long,long,long,long,long,long,long,short,short,short,short,short,short,long,long,long,long,long,long,long,long,long,short,short,short
3216,2022-10-17 12:00:00,OANDA:GBPUSD,1.12674,1.1332,1.12562,1.12753,25948.0,Interval.in_2_hour,25012800.0,long,long,long,long,long,long,long,long,long,short,short,short,short,short,short,short,short,short,short,long,neutral,neutral,long,short,long,long,neutral,long,long,long,long,long,long,long,long,long,long,short,short,short,short,short,short,short,short,long,long,long,long,long,long,long,long,long,long,long,short
3217,2022-10-17 10:00:00,OANDA:GBPUSD,1.12594,1.12861,1.1223,1.12674,30791.0,Interval.in_2_hour,25005600.0,short,long,long,long,long,long,long,long,long,long,long,short,short,short,short,short,short,short,short,long,long,long,long,short,long,neutral,neutral,long,long,long,long,long,long,long,long,long,short,short,short,short,short,short,short,short,short,long,long,long,long,long,long,long,long,long,long,long,long
3218,2022-10-17 08:00:00,OANDA:GBPUSD,1.12257,1.13056,1.12239,1.12594,23424.0,Interval.in_2_hour,24998400.0,long,short,long,long,long,long,long,long,long,long,long,long,long,short,short,short,short,short,short,long,neutral,neutral,long,short,neutral,neutral,neutral,long,long,long,long,long,short,short,short,short,short,short,short,short,short,short,short,short,long,long,long,long,long,long,long,long,long,long,long,long,long
3219,2022-10-17 06:00:00,OANDA:GBPUSD,1.12308,1.12425,1.12162,1.12257,15815.0,Interval.in_2_hour,24991200.0,long,long,long,long,long,long,long,long,long,long,long,long,long,long,long,long,long,short,short,long,long,long,long,short,neutral,neutral,neutral,long,long,long,long,short,short,short,short,short,short,short,short,short,short,short,short,long,long,long,long,long,long,long,long,long,long,long,long,long,long
3220,2022-10-17 04:00:00,OANDA:GBPUSD,1.1225,1.12413,1.12183,1.12308,20617.0,Interval.in_2_hour,24984000.0,long,long,long,long,long,long,long,long,long,long,long,long,long,long,long,long,long,long,short,long,neutral,neutral,long,short,neutral,neutral,neutral,long,long,long,short,short,short,short,short,short,short,short,short,short,short,short,long,long,long,short,long,long,long,long,long,long,long,long,long,long,long
3221,2022-10-17 02:00:00,OANDA:GBPUSD,1.12368,1.12524,1.12164,1.1225,20762.0,Interval.in_2_hour,24976800.0,long,long,long,long,long,long,long,long,long,long,long,long,long,long,long,long,long,long,short,long,neutral,neutral,long,short,neutral,neutral,neutral,long,long,short,short,short,short,short,short,short,short,short,short,short,short,long,long,long,long,long,long,long,long,long,long,long,long,long,long,long,long
3222,2022-10-17 00:00:00,OANDA:GBPUSD,1.11798,1.1247,1.11798,1.12368,7207.0,Interval.in_2_hour,24969600.0,long,long,long,long,long,long,long,long,long,long,long,long,long,long,long,long,long,long,short,long,neutral,neutral,long,short,long,long,neutral,long,short,short,short,short,short,short,short,short,short,short,short,short,short,long,long,long,long,short,short,short,long,long,long,long,long,long,long,long,long
3223,2022-10-14 22:00:00,OANDA:GBPUSD,1.11748,1.11862,1.1162,1.11798,13356.0,Interval.in_2_hour,24789600.0,long,long,long,long,long,long,long,long,long,long,long,long,long,long,long,long,long,long,short,long,neutral,neutral,long,short,long,neutral,neutral,short,short,short,short,short,short,short,short,short,short,short,short,short,short,long,long,long,long,long,long,long,long,long,long,long,long,long,long,long,long
3224,2022-10-14 20:00:00,OANDA:GBPUSD,1.11618,1.11812,1.11558,1.11748,21856.0,Interval.in_2_hour,24782400.0,long,long,long,long,long,long,long,long,long,long,long,long,long,long,long,long,long,long,short,long,neutral,neutral,long,short,neutral,neutral,neutral,short,short,short,short,short,short,short,short,short,short,short,short,short,long,long,long,long,long,long,long,long,long,long,long,long,long,long,long,long,long
3225,2022-10-14 18:00:00,OANDA:GBPUSD,1.12544,1.12666,1.11517,1.11618,32111.0,Interval.in_2_hour,24775200.0,long,long,long,long,long,long,long,long,long,long,long,long,long,long,long,long,long,long,short,long,long,long,long,short,short,neutral,neutral,short,short,short,short,short,short,short,short,short,short,short,long,long,long,long,long,long,long,long,long,long,long,long,long,long,long,long,long,long,long
3226,2022-10-14 16:00:00,OANDA:GBPUSD,1.12616,1.12888,1.11581,1.12544,50037.0,Interval.in_2_hour,24768000.0,long,long,long,long,long,long,long,long,long,long,long,long,long,long,long,long,long,long,short,short,neutral,neutral,long,short,neutral,neutral,neutral,short,short,short,short,short,short,short,short,short,long,long,long,long,long,long,long,long,long,short,short,short,short,short,short,short,long,long,long,long,long
3227,2022-10-14 14:00:00,OANDA:GBPUSD,1.12475,1.12748,1.11666,1.12616,33878.0,Interval.in_2_hour,24760800.0,long,long,long,long,long,long,long,long,long,long,short,long,long,long,long,long,long,long,short,short,neutral,neutral,long,short,neutral,neutral,neutral,short,short,short,short,short,short,short,short,long,long,long,long,long,long,long,long,long,long,short,short,short,short,short,short,short,short,short,long,long,long
3228,2022-10-14 12:00:00,OANDA:GBPUSD,1.1275,1.13115,1.12298,1.12475,33680.0,Interval.in_2_hour,24753600.0,long,long,long,long,long,long,long,long,long,long,long,long,long,long,long,long,long,long,short,short,neutral,neutral,long,short,short,short,short,short,short,short,short,short,short,short,long,long,long,long,long,long,long,long,long,long,long,long,long,short,short,short,short,short,short,short,long,long,long
3229,2022-10-14 10:00:00,OANDA:GBPUSD,1.13194,1.13224,1.12546,1.1275,31134.0,Interval.in_2_hour,24746400.0,long,long,long,long,long,long,long,long,long,long,long,long,short,long,long,long,long,long,short,short,neutral,neutral,long,short,short,short,neutral,short,short,short,short,short,long,long,long,long,long,long,long,long,long,long,long,long,long,short,short,short,short,short,short,short,short,short,short,short,short
3230,2022-10-14 08:00:00,OANDA:GBPUSD,1.13218,1.13352,1.12926,1.13194,27089.0,Interval.in_2_hour,24739200.0,short,short,long,long,long,long,long,long,long,long,long,long,short,short,long,short,short,short,short,short,neutral,neutral,long,short,short,neutral,neutral,long,short,short,short,long,long,long,long,long,long,long,long,long,long,long,long,long,long,short,short,short,short,short,short,short,short,short,short,short,short
3231,2022-10-14 06:00:00,OANDA:GBPUSD,1.13282,1.13496,1.1312,1.13218,19010.0,Interval.in_2_hour,24732000.0,short,short,short,long,long,long,long,long,long,long,long,long,long,short,short,long,short,short,short,short,neutral,neutral,long,short,neutral,neutral,neutral,short,short,short,long,long,long,long,long,long,long,long,long,long,long,long,long,long,long,short,short,short,short,short,short,short,short,short,short,short,short
3232,2022-10-14 04:00:00,OANDA:GBPUSD,1.13076,1.13671,1.13059,1.13282,26604.0,Interval.in_2_hour,24724800.0,short,short,short,short,long,long,long,long,long,long,long,long,long,long,short,short,short,short,short,short,neutral,neutral,long,short,neutral,neutral,neutral,short,short,long,long,long,long,long,long,long,long,long,long,long,long,long,long,long,long,short,short,short,short,short,short,short,short,short,short,short,short
3233,2022-10-14 02:00:00,OANDA:GBPUSD,1.13288,1.13303,1.129,1.13076,16538.0,Interval.in_2_hour,24717600.0,short,short,short,short,short,long,long,long,long,long,long,long,long,long,long,short,short,long,short,short,long,long,long,short,short,neutral,neutral,short,long,long,long,long,long,long,long,long,long,long,long,long,long,long,long,long,long,long,long,long,short,short,short,short,short,short,short,short,short
3234,2022-10-14 00:00:00,OANDA:GBPUSD,1.13338,1.13377,1.13187,1.13288,4272.0,Interval.in_2_hour,24710400.0,short,short,short,short,short,short,long,long,long,long,long,long,long,long,long,long,short,short,short,short,neutral,neutral,long,short,neutral,neutral,neutral,long,long,long,long,long,long,long,long,long,long,long,long,long,long,long,long,long,long,short,short,short,short,short,short,short,short,short,short,short,short
3235,2022-10-13 22:00:00,OANDA:GBPUSD,1.13206,1.13387,1.13052,1.13338,16357.0,Interval.in_2_hour,24703200.0,short,short,short,short,short,short,short,long,long,long,long,long,long,long,long,long,long,short,short,short,neutral,neutral,long,short,neutral,neutral,neutral,long,long,long,long,long,long,long,long,long,long,long,long,long,long,long,long,long,long,short,short,short,short,short,short,short,short,short,short,short,short
3236,2022-10-13 20:00:00,OANDA:GBPUSD,1.13298,1.13531,1.1302,1.13206,27786.0,Interval.in_2_hour,24696000.0,short,short,short,short,short,short,short,short,long,long,long,long,long,long,long,long,long,long,short,short,neutral,neutral,long,short,neutral,neutral,neutral,long,long,long,long,long,long,long,long,long,long,long,long,long,long,long,long,long,long,long,long,short,long,long,short,short,short,short,short,short,short
3237,2022-10-13 18:00:00,OANDA:GBPUSD,1.12354,1.13808,1.12324,1.13298,48255.0,Interval.in_2_hour,24688800.0,short,short,short,short,short,short,short,short,short,long,long,long,long,long,long,long,long,long,short,short,neutral,neutral,long,short,long,long,long,long,long,long,long,long,long,long,long,long,long,long,long,long,long,long,long,long,long,short,long,short,short,short,short,short,short,short,short,short,short
3238,2022-10-13 16:00:00,OANDA:GBPUSD,1.12166,1.12389,1.11587,1.12354,53849.0,Interval.in_2_hour,24681600.0,short,short,short,long,short,short,short,long,long,long,long,long,long,long,long,long,long,long,short,short,neutral,neutral,long,short,long,long,long,long,long,long,long,long,long,long,long,long,long,long,long,long,long,long,long,long,long,long,long,long,long,long,long,long,long,long,long,long,long
3239,2022-10-13 14:00:00,OANDA:GBPUSD,1.11536,1.12999,1.11522,1.12166,45083.0,Interval.in_2_hour,24674400.0,long,short,short,short,long,long,long,long,long,long,long,long,long,long,long,long,long,long,short,short,neutral,neutral,long,short,long,long,neutral,long,long,long,long,long,long,long,long,long,long,long,long,long,long,long,long,long,long,long,long,long,long,long,long,long,long,long,long,long,long
3240,2022-10-13 12:00:00,OANDA:GBPUSD,1.11036,1.11642,1.11002,1.11536,21094.0,Interval.in_2_hour,24667200.0,long,long,long,long,long,long,long,long,long,long,long,long,long,long,long,long,long,long,short,short,neutral,neutral,long,short,long,neutral,neutral,long,long,long,long,long,long,long,long,long,long,long,long,long,long,long,long,long,long,long,long,long,long,long,long,long,long,long,long,long,long
3241,2022-10-13 10:00:00,OANDA:GBPUSD,1.10656,1.11042,1.10576,1.11036,24722.0,Interval.in_2_hour,24660000.0,long,long,long,long,long,long,long,long,long,long,long,long,long,long,long,long,long,long,short,long,short,neutral,long,short,neutral,neutral,neutral,short,short,short,short,long,long,long,long,long,long,long,long,long,long,long,long,short,short,long,long,long,long,long,long,long,long,long,long,long,long
3242,2022-10-13 08:00:00,OANDA:GBPUSD,1.10892,1.10928,1.10612,1.10656,15106.0,Interval.in_2_hour,24652800.0,long,long,long,long,long,long,long,long,long,long,long,long,long,long,long,long,long,long,short,long,neutral,neutral,long,short,neutral,neutral,neutral,short,short,short,short,long,long,long,long,long,long,long,long,long,long,long,short,short,short,long,long,long,long,long,long,long,long,long,long,long,long
3243,2022-10-13 06:00:00,OANDA:GBPUSD,1.10832,1.10931,1.10756,1.10892,11036.0,Interval.in_2_hour,24645600.0,long,long,long,long,long,long,long,long,long,long,long,long,long,long,long,long,long,long,short,long,short,short,long,short,neutral,neutral,neutral,short,short,long,long,long,long,long,long,long,long,long,long,long,long,short,short,long,long,short,long,long,long,long,long,long,long,long,long,long,long
3244,2022-10-13 04:00:00,OANDA:GBPUSD,1.11124,1.11154,1.10786,1.10832,16276.0,Interval.in_2_hour,24638400.0,long,long,long,long,long,long,long,long,long,long,long,long,long,long,long,long,long,long,short,long,long,neutral,long,short,neutral,neutral,neutral,long,long,long,long,long,long,long,long,long,long,long,long,long,long,short,long,long,long,long,short,long,long,long,long,long,long,long,long,long,long
3245,2022-10-13 02:00:00,OANDA:GBPUSD,1.10977,1.11203,1.10884,1.11124,12135.0,Interval.in_2_hour,24631200.0,long,long,long,long,long,long,long,long,long,long,long,long,long,long,long,long,long,long,short,long,neutral,neutral,long,short,neutral,neutral,neutral,long,long,long,long,long,long,long,long,long,long,long,long,long,short,long,long,long,long,short,short,short,short,long,long,long,long,long,long,long,long
3246,2022-10-13 00:00:00,OANDA:GBPUSD,1.1099,1.11069,1.10934,1.10977,9162.0,Interval.in_2_hour,24624000.0,long,long,long,long,long,long,long,long,long,long,long,long,long,long,long,long,long,long,short,long,neutral,neutral,long,short,neutral,neutral,neutral,long,long,long,long,long,long,long,long,long,long,long,long,short,long,long,long,long,long,long,short,short,short,long,long,long,long,long,long,long,long
3247,2022-10-12 22:00:00,OANDA:GBPUSD,1.10938,1.1109,1.10812,1.1099,14290.0,Interval.in_2_hour,24616800.0,long,long,long,long,long,long,long,long,long,long,long,long,long,long,long,long,long,long,short,long,neutral,neutral,long,short,long,neutral,neutral,long,long,long,long,long,long,long,long,long,long,long,short,long,long,long,long,long,long,short,long,short,short,short,long,long,long,long,long,long,long
3248,2022-10-12 20:00:00,OANDA:GBPUSD,1.10629,1.11341,1.10609,1.10938,28011.0,Interval.in_2_hour,24609600.0,long,long,long,long,long,long,long,long,long,long,long,long,long,long,long,long,long,long,short,long,neutral,neutral,long,short,neutral,neutral,neutral,long,long,long,long,long,long,long,long,long,short,short,short,short,long,long,long,long,long,long,long,long,short,short,short,long,long,long,long,long,long
3249,2022-10-12 18:00:00,OANDA:GBPUSD,1.10728,1.11,1.10552,1.10629,23110.0,Interval.in_2_hour,24602400.0,long,long,long,long,long,long,long,long,long,long,long,long,long,long,long,long,long,long,short,long,neutral,neutral,long,short,neutral,neutral,neutral,long,long,long,long,long,long,long,long,short,short,short,short,long,long,long,long,long,short,long,long,long,long,long,long,long,long,long,long,long,long
3250,2022-10-12 16:00:00,OANDA:GBPUSD,1.1047,1.10878,1.10227,1.10728,33503.0,Interval.in_2_hour,24595200.0,long,long,long,long,long,long,long,long,long,long,long,long,long,long,long,long,long,long,short,long,neutral,neutral,long,short,neutral,neutral,neutral,long,long,long,long,long,long,long,short,short,short,short,long,long,long,long,short,short,short,short,long,long,long,long,long,long,short,long,long,long,long
3251,2022-10-12 14:00:00,OANDA:GBPUSD,1.10788,1.10882,1.10241,1.1047,28567.0,Interval.in_2_hour,24588000.0,long,long,long,long,long,long,long,long,long,long,long,long,long,long,long,long,long,long,short,long,neutral,neutral,long,short,neutral,neutral,neutral,long,long,long,long,long,long,short,short,short,short,long,long,long,long,neutral,short,long,long,long,long,long,long,long,long,long,long,long,long,long,long
3252,2022-10-12 12:00:00,OANDA:GBPUSD,1.10364,1.10994,1.10218,1.10788,25714.0,Interval.in_2_hour,24580800.0,long,long,long,long,long,long,long,long,long,long,long,long,long,long,long,long,long,long,short,long,neutral,neutral,long,short,long,neutral,neutral,long,long,long,long,long,short,short,short,short,neutral,long,long,long,short,short,short,short,long,short,short,short,long,long,long,long,long,long,short,long,long
3253,2022-10-12 10:00:00,OANDA:GBPUSD,1.09942,1.10649,1.0954,1.10364,35816.0,Interval.in_2_hour,24573600.0,long,long,long,long,long,long,long,long,long,long,long,long,long,long,long,long,long,long,short,long,neutral,neutral,long,short,neutral,neutral,neutral,long,long,long,long,short,short,short,short,short,short,short,short,short,short,short,short,short,short,long,long,long,long,long,long,long,long,long,long,long,long
3254,2022-10-12 08:00:00,OANDA:GBPUSD,1.09958,1.10222,1.09724,1.09942,29054.0,Interval.in_2_hour,24566400.0,long,long,long,long,long,long,long,long,long,long,long,long,long,long,long,long,long,long,short,long,long,long,long,short,neutral,neutral,neutral,long,long,short,short,short,short,short,short,short,short,short,short,short,short,short,short,short,short,long,long,long,long,long,long,long,long,long,long,long,long
3255,2022-10-12 06:00:00,OANDA:GBPUSD,1.09452,1.10596,1.09334,1.09958,25791.0,Interval.in_2_hour,24559200.0,long,long,long,long,long,long,long,long,long,long,long,long,long,long,long,long,long,long,short,long,short,short,long,short,neutral,neutral,neutral,short,short,short,short,short,short,short,short,short,short,short,short,short,short,short,short,short,short,short,long,long,long,long,long,long,long,long,long,long,long
3256,2022-10-12 04:00:00,OANDA:GBPUSD,1.09703,1.09819,1.09234,1.09452,23630.0,Interval.in_2_hour,24552000.0,long,long,long,long,long,long,long,long,long,long,long,long,long,long,long,long,long,long,short,long,neutral,neutral,long,short,short,neutral,neutral,short,short,short,short,short,short,short,short,short,short,short,short,short,short,short,short,short,short,long,long,long,long,long,long,long,long,long,long,long,long
3257,2022-10-12 02:00:00,OANDA:GBPUSD,1.09842,1.09858,1.09484,1.09703,18726.0,Interval.in_2_hour,24544800.0,long,long,long,long,long,long,long,long,long,long,long,long,long,long,long,long,long,long,short,long,neutral,neutral,long,short,neutral,neutral,neutral,short,short,short,short,short,short,short,short,short,short,short,short,short,short,short,short,short,short,short,long,long,long,long,long,long,long,long,long,long,long
3258,2022-10-12 00:00:00,OANDA:GBPUSD,1.09714,1.09928,1.0963,1.09842,11022.0,Interval.in_2_hour,24537600.0,long,long,long,long,long,long,long,long,long,long,long,long,long,long,long,long,long,long,short,long,neutral,neutral,long,short,neutral,neutral,neutral,short,short,short,short,short,short,short,short,short,short,short,short,short,short,short,short,short,short,short,short,long,long,long,long,long,long,long,long,long,long
3259,2022-10-11 22:00:00,OANDA:GBPUSD,1.10202,1.10208,1.09528,1.09714,25089.0,Interval.in_2_hour,24530400.0,long,long,long,long,long,long,long,long,long,long,long,long,long,long,long,long,long,long,short,long,neutral,neutral,long,short,short,neutral,neutral,short,short,short,short,short,short,short,short,short,short,short,short,short,short,short,short,short,short,long,short,short,long,long,long,long,long,long,long,long,long
3260,2022-10-11 20:00:00,OANDA:GBPUSD,1.11622,1.11662,1.10198,1.10202,26951.0,Interval.in_2_hour,24523200.0,long,long,long,long,long,long,long,long,long,long,long,long,long,long,long,long,long,long,long,short,long,neutral,long,short,neutral,neutral,neutral,long,long,long,long,long,long,long,long,long,long,long,long,long,long,long,long,long,long,short,short,short,short,short,short,long,long,long,long,long,long
3261,2022-10-11 18:00:00,OANDA:GBPUSD,1.10829,1.11803,1.10796,1.11622,30510.0,Interval.in_2_hour,24516000.0,short,short,short,short,short,short,short,short,short,long,long,long,long,long,long,long,long,long,long,short,neutral,neutral,long,short,neutral,neutral,neutral,long,long,long,long,long,long,long,long,long,long,long,long,long,long,long,long,long,long,short,short,short,short,short,short,short,short,short,short,short,short
3262,2022-10-11 16:00:00,OANDA:GBPUSD,1.1088,1.10931,1.10437,1.10829,34306.0,Interval.in_2_hour,24508800.0,short,long,long,long,long,long,long,short,long,long,long,long,long,long,long,long,long,long,long,long,long,neutral,long,short,neutral,neutral,neutral,long,long,long,long,long,long,long,long,long,long,long,long,long,long,short,short,long,long,long,short,short,short,short,short,short,short,short,short,short,short
3263,2022-10-11 14:00:00,OANDA:GBPUSD,1.10708,1.11143,1.1067,1.1088,27207.0,Interval.in_2_hour,24501600.0,short,short,long,long,long,long,short,long,short,long,long,long,long,long,long,long,long,long,long,long,neutral,neutral,long,short,long,long,neutral,long,long,long,long,long,long,long,long,long,long,long,long,long,short,short,long,short,short,short,long,short,short,short,short,short,short,short,short,short,short
3264,2022-10-11 12:00:00,OANDA:GBPUSD,1.10444,1.10817,1.10316,1.10708,26271.0,Interval.in_2_hour,24494400.0,short,long,short,long,long,long,long,long,long,short,long,long,long,long,long,long,long,long,long,long,short,short,long,short,long,neutral,neutral,long,short,short,short,short,long,long,short,short,long,short,short,short,short,short,short,short,short,long,long,long,short,short,short,short,short,short,short,short,long
3265,2022-10-11 10:00:00,OANDA:GBPUSD,1.10078,1.10532,1.10023,1.10444,32183.0,Interval.in_2_hour,24487200.0,long,long,long,long,long,long,long,long,long,long,long,long,long,long,long,long,long,long,long,long,neutral,neutral,long,short,neutral,neutral,neutral,short,short,short,short,short,short,short,short,short,short,short,short,short,short,short,short,short,short,long,long,long,long,short,short,short,short,short,short,short,short
3266,2022-10-11 08:00:00,OANDA:GBPUSD,1.1023,1.10564,1.09978,1.10078,23903.0,Interval.in_2_hour,24480000.0,long,long,long,long,long,long,long,long,long,long,long,long,long,long,long,long,long,long,long,long,short,short,long,short,short,short,neutral,short,short,short,short,short,short,short,short,short,short,short,short,short,short,short,short,short,short,long,long,long,long,long,long,short,short,short,short,short,short
3267,2022-10-11 06:00:00,OANDA:GBPUSD,1.1038,1.10554,1.10176,1.1023,17134.0,Interval.in_2_hour,24472800.0,short,long,long,long,long,long,long,long,long,long,long,long,long,long,long,long,long,long,long,long,neutral,neutral,long,short,short,neutral,neutral,short,short,short,short,short,short,short,short,short,short,short,short,short,short,short,short,short,short,short,long,long,long,long,long,short,short,short,short,short,short
3268,2022-10-11 04:00:00,OANDA:GBPUSD,1.10878,1.10944,1.10234,1.1038,24657.0,Interval.in_2_hour,24465600.0,short,short,short,long,long,long,long,long,long,long,long,long,long,long,long,long,long,long,long,long,neutral,neutral,long,short,neutral,neutral,neutral,long,long,long,long,long,long,long,short,short,short,short,short,short,short,short,short,short,short,short,short,long,long,long,long,long,short,short,short,short,short
3269,2022-10-11 02:00:00,OANDA:GBPUSD,1.10649,1.10954,1.10599,1.10878,14222.0,Interval.in_2_hour,24458400.0,short,short,short,short,short,short,short,short,long,long,long,long,short,long,short,long,long,long,long,long,neutral,neutral,long,short,long,neutral,neutral,long,long,long,long,long,long,long,short,short,short,short,short,short,short,short,short,short,short,short,short,short,short,short,long,short,long,short,short,short,short
3270,2022-10-11 00:00:00,OANDA:GBPUSD,1.10572,1.10681,1.10546,1.10649,5394.0,Interval.in_2_hour,24451200.0,short,short,short,short,short,long,short,long,short,long,long,long,long,long,long,long,long,long,long,long,neutral,neutral,long,short,neutral,neutral,neutral,long,long,long,long,long,short,short,short,short,short,short,short,short,short,short,short,short,short,long,short,short,short,short,long,long,long,long,short,short,short
3271,2022-10-10 22:00:00,OANDA:GBPUSD,1.10581,1.10662,1.1052,1.10572,10763.0,Interval.in_2_hour,24444000.0,short,short,short,short,short,short,long,short,long,long,long,long,long,long,long,long,long,long,long,long,long,long,long,short,neutral,neutral,neutral,short,short,long,short,short,short,short,short,short,short,short,short,short,short,short,short,short,short,long,long,short,short,short,short,long,long,long,long,short,short
3272,2022-10-10 20:00:00,OANDA:GBPUSD,1.10271,1.10816,1.10198,1.10581,19731.0,Interval.in_2_hour,24436800.0,short,short,short,short,short,short,short,long,short,long,long,long,long,long,long,long,long,long,long,long,neutral,neutral,long,short,neutral,neutral,neutral,short,short,short,short,short,short,short,short,short,short,short,short,short,short,short,short,short,short,short,long,long,short,short,short,short,long,long,long,long,short
3273,2022-10-10 18:00:00,OANDA:GBPUSD,1.10474,1.10532,1.10248,1.10271,22244.0,Interval.in_2_hour,24429600.0,short,short,short,short,short,short,short,long,long,long,long,long,long,long,long,long,long,long,long,long,neutral,neutral,long,short,short,neutral,neutral,short,short,short,short,short,short,short,short,short,short,short,short,short,short,short,short,short,short,long,long,long,long,long,short,short,long,long,long,long,long
3274,2022-10-10 16:00:00,OANDA:GBPUSD,1.1074,1.10814,1.10253,1.10474,30482.0,Interval.in_2_hour,24422400.0,long,short,short,short,short,short,short,short,short,long,short,long,long,long,long,long,long,long,long,long,neutral,neutral,long,short,neutral,neutral,neutral,long,short,short,short,short,short,short,short,short,short,short,short,short,short,short,short,short,short,short,long,long,long,long,short,short,short,short,long,long,long
3275,2022-10-10 14:00:00,OANDA:GBPUSD,1.1048,1.10746,1.1042,1.1074,21143.0,Interval.in_2_hour,24415200.0,long,long,short,short,short,short,short,short,short,short,long,short,short,short,long,long,long,long,long,long,neutral,neutral,long,short,neutral,neutral,neutral,short,short,short,short,short,short,short,short,short,short,short,short,short,short,short,short,short,short,short,short,short,short,short,long,short,short,short,short,short,long
3276,2022-10-10 12:00:00,OANDA:GBPUSD,1.10548,1.10999,1.10464,1.1048,22362.0,Interval.in_2_hour,24408000.0,long,long,long,short,short,short,short,short,short,short,short,long,short,long,long,long,long,long,long,long,neutral,neutral,long,short,short,short,short,short,short,short,short,short,short,short,short,short,short,short,short,short,short,short,short,short,short,long,short,short,long,long,long,long,short,short,short,short,long
3277,2022-10-10 10:00:00,OANDA:GBPUSD,1.10654,1.11112,1.1027,1.10548,25367.0,Interval.in_2_hour,24400800.0,long,long,long,long,short,short,short,short,short,short,short,short,long,short,long,long,long,long,long,long,neutral,neutral,long,short,short,short,neutral,short,short,short,short,short,short,short,short,short,short,short,short,short,short,short,short,short,short,short,long,short,short,long,long,long,long,short,short,short,short
3278,2022-10-10 08:00:00,OANDA:GBPUSD,1.10808,1.1093,1.10552,1.10654,19760.0,Interval.in_2_hour,24393600.0,short,long,long,long,long,short,short,short,short,short,short,short,short,long,short,long,short,long,long,long,short,short,long,short,short,neutral,neutral,short,short,short,short,short,short,short,short,short,short,short,short,short,short,short,short,short,short,short,short,long,short,short,short,short,short,long,short,short,short
3279,2022-10-10 06:00:00,OANDA:GBPUSD,1.10928,1.10952,1.10694,1.10808,13736.0,Interval.in_2_hour,24386400.0,short,short,short,long,long,long,short,short,short,short,short,short,short,short,short,short,short,short,long,long,neutral,neutral,long,short,neutral,neutral,neutral,long,long,short,short,short,short,short,short,short,short,short,short,short,short,short,short,short,short,short,short,short,short,short,short,short,short,short,long,short,short
3280,2022-10-10 04:00:00,OANDA:GBPUSD,1.1088,1.11118,1.1086,1.10928,19948.0,Interval.in_2_hour,24379200.0,short,short,short,short,short,short,long,short,short,short,short,short,short,short,short,short,short,short,long,long,neutral,neutral,long,short,long,neutral,neutral,long,long,short,short,short,short,short,short,short,short,short,short,short,short,short,short,short,short,short,short,short,short,short,short,short,short,short,short,short,short
3281,2022-10-10 02:00:00,OANDA:GBPUSD,1.10707,1.10963,1.10584,1.1088,19446.0,Interval.in_2_hour,24372000.0,short,short,short,short,short,long,short,long,short,short,short,short,short,short,short,short,short,short,long,long,neutral,neutral,long,short,neutral,neutral,neutral,short,short,short,short,short,short,short,short,short,short,short,short,short,short,short,short,short,short,long,short,short,short,short,short,short,short,short,short,short,short
3282,2022-10-10 00:00:00,OANDA:GBPUSD,1.10956,1.10956,1.10617,1.10707,8629.0,Interval.in_2_hour,24364800.0,long,short,short,short,short,long,long,long,long,short,short,short,short,short,short,short,short,long,long,long,neutral,neutral,long,short,neutral,neutral,neutral,short,short,short,short,short,short,short,short,short,short,short,short,short,short,short,short,short,short,long,long,long,short,short,short,long,short,short,short,short,short
3283,2022-10-07 22:00:00,OANDA:GBPUSD,1.10757,1.10968,1.10553,1.10956,17169.0,Interval.in_2_hour,24184800.0,short,short,short,short,short,short,short,short,short,long,short,short,short,short,short,short,short,short,long,long,neutral,neutral,long,short,neutral,neutral,neutral,short,short,short,short,short,short,short,short,short,short,short,short,short,short,short,short,short,short,short,short,short,short,short,short,short,short,short,short,short,short
3284,2022-10-07 20:00:00,OANDA:GBPUSD,1.1098,1.11042,1.10747,1.10757,18359.0,Interval.in_2_hour,24177600.0,short,short,long,short,short,short,short,short,long,long,long,short,short,short,short,short,short,short,long,long,neutral,neutral,long,short,short,short,short,short,short,short,short,short,short,short,short,short,short,short,short,short,short,short,short,short,short,long,short,long,long,long,short,short,short,short,short,short,short
3285,2022-10-07 18:00:00,OANDA:GBPUSD,1.11306,1.11372,1.10935,1.1098,28040.0,Interval.in_2_hour,24170400.0,short,short,short,short,short,short,short,short,short,short,short,long,short,short,short,short,short,short,long,long,neutral,neutral,long,short,short,short,neutral,short,short,short,short,short,short,short,short,short,short,short,short,short,short,short,short,short,short,short,short,short,short,short,short,short,short,short,short,short,short
3286,2022-10-07 16:00:00,OANDA:GBPUSD,1.11325,1.11698,1.10906,1.11306,43022.0,Interval.in_2_hour,24163200.0,short,short,short,short,short,short,short,short,short,short,short,short,long,short,short,short,short,short,long,long,neutral,neutral,long,short,short,neutral,neutral,short,short,short,short,short,short,short,short,short,short,short,short,short,short,short,short,short,short,short,short,short,short,short,short,short,short,short,short,short,short
3287,2022-10-07 14:00:00,OANDA:GBPUSD,1.11952,1.12138,1.10914,1.11325,29483.0,Interval.in_2_hour,24156000.0,short,short,short,short,short,short,short,short,short,short,short,short,short,long,short,short,short,short,long,long,long,neutral,long,short,neutral,neutral,neutral,long,short,short,long,long,long,long,short,short,short,short,short,short,short,short,short,short,short,short,short,short,short,short,short,short,short,short,short,short,short
3288,2022-10-07 12:00:00,OANDA:GBPUSD,1.1193,1.12252,1.11832,1.11952,23848.0,Interval.in_2_hour,24148800.0,short,short,short,short,short,short,short,short,short,short,short,short,short,short,short,short,short,short,long,long,neutral,neutral,long,short,long,neutral,neutral,long,long,long,long,long,long,long,short,short,short,short,short,short,short,short,short,short,short,short,short,short,short,short,short,short,short,short,short,short,short
3289,2022-10-07 10:00:00,OANDA:GBPUSD,1.11409,1.1219,1.11364,1.1193,27188.0,Interval.in_2_hour,24141600.0,short,short,short,short,short,short,short,short,short,short,short,short,short,short,short,short,short,short,long,long,short,short,long,short,neutral,neutral,neutral,long,long,long,long,long,short,short,short,short,short,short,short,short,short,short,short,short,short,long,short,short,short,short,short,short,short,short,short,short,short
3290,2022-10-07 08:00:00,OANDA:GBPUSD,1.1154,1.11769,1.11153,1.11409,22241.0,Interval.in_2_hour,24134400.0,short,short,short,short,short,short,short,short,short,short,short,short,short,short,short,short,long,short,long,long,neutral,neutral,long,short,short,neutral,neutral,short,short,short,long,short,short,short,short,short,short,short,short,short,short,short,short,short,short,long,long,short,short,short,short,short,short,short,short,short,short
3291,2022-10-07 06:00:00,OANDA:GBPUSD,1.11826,1.11886,1.11516,1.1154,14237.0,Interval.in_2_hour,24127200.0,short,short,short,short,short,short,short,short,short,short,short,short,short,short,short,short,short,long,long,long,neutral,neutral,long,short,neutral,neutral,neutral,long,long,long,short,short,short,short,short,short,short,short,short,short,short,short,short,short,short,short,long,long,short,short,short,short,short,short,short,short,short
3292,2022-10-07 04:00:00,OANDA:GBPUSD,1.1149,1.11901,1.11395,1.11826,19346.0,Interval.in_2_hour,24120000.0,short,short,short,short,short,short,short,short,short,short,short,short,short,short,short,short,short,short,long,long,neutral,neutral,long,short,neutral,neutral,neutral,long,long,short,short,short,short,short,short,short,short,short,short,short,short,short,short,short,short,short,short,long,long,short,short,short,short,short,short,short,short
3293,2022-10-07 02:00:00,OANDA:GBPUSD,1.11628,1.11662,1.11351,1.1149,16742.0,Interval.in_2_hour,24112800.0,short,short,short,short,short,short,short,short,short,short,short,short,short,short,short,short,short,short,long,long,neutral,neutral,long,short,short,neutral,neutral,long,short,short,short,short,short,short,short,short,short,short,short,short,short,short,short,short,short,long,long,short,long,long,short,short,short,short,short,short,short
3294,2022-10-07 00:00:00,OANDA:GBPUSD,1.11634,1.11728,1.11525,1.11628,6629.0,Interval.in_2_hour,24105600.0,short,short,short,short,short,short,short,short,short,short,short,short,short,short,short,short,short,short,long,long,neutral,neutral,long,short,neutral,neutral,neutral,short,short,short,short,short,short,short,short,short,short,short,short,short,short,short,short,short,short,short,long,short,short,long,long,short,short,short,short,short,short
3295,2022-10-06 22:00:00,OANDA:GBPUSD,1.11498,1.11698,1.11441,1.11634,15681.0,Interval.in_2_hour,24098400.0,short,short,short,short,short,short,short,short,short,short,short,short,short,short,short,short,short,short,long,long,neutral,neutral,long,short,long,neutral,neutral,short,short,short,short,short,short,short,short,short,short,short,short,short,short,short,short,short,short,short,short,long,short,short,long,long,short,short,short,short,short
3296,2022-10-06 20:00:00,OANDA:GBPUSD,1.11442,1.11932,1.11418,1.11498,25118.0,Interval.in_2_hour,24091200.0,short,short,short,short,short,short,short,short,short,short,short,short,short,short,short,short,short,short,long,long,neutral,neutral,long,short,neutral,neutral,neutral,short,short,short,short,short,short,short,short,short,short,short,short,short,short,short,short,short,short,long,long,short,long,long,short,long,long,short,short,short,short
3297,2022-10-06 18:00:00,OANDA:GBPUSD,1.11965,1.11992,1.11128,1.11442,34626.0,Interval.in_2_hour,24084000.0,short,short,short,short,short,short,short,short,short,short,short,short,short,short,short,short,short,short,long,long,neutral,neutral,long,short,short,neutral,neutral,short,short,short,short,short,short,short,short,short,short,short,short,short,short,short,short,short,short,long,long,long,long,long,long,short,long,long,short,short,short
3298,2022-10-06 16:00:00,OANDA:GBPUSD,1.1266,1.12696,1.11884,1.11965,40145.0,Interval.in_2_hour,24076800.0,short,short,short,short,short,short,short,short,short,short,short,short,short,short,short,short,short,short,long,long,neutral,neutral,long,short,neutral,neutral,neutral,short,short,short,short,short,short,short,short,short,short,short,short,short,short,short,short,short,short,short,short,short,short,short,short,short,short,short,short,short,short
3299,2022-10-06 14:00:00,OANDA:GBPUSD,1.12544,1.12876,1.12418,1.1266,28427.0,Interval.in_2_hour,24069600.0,short,short,short,short,short,short,short,short,short,short,short,short,short,short,short,short,short,short,long,long,neutral,neutral,long,short,neutral,neutral,neutral,short,short,short,short,short,short,short,short,short,short,short,short,short,short,short,short,short,short,short,short,short,short,short,short,short,short,short,short,short,short
3300,2022-10-06 12:00:00,OANDA:GBPUSD,1.12888,1.13158,1.12434,1.12544,25968.0,Interval.in_2_hour,24062400.0,short,short,short,short,short,short,short,short,short,short,short,short,short,short,short,short,short,short,long,long,neutral,neutral,long,short,short,short,neutral,short,short,short,short,short,short,long,short,short,short,short,short,short,short,short,short,short,short,long,short,short,short,short,short,short,short,short,short,short,short
3301,2022-10-06 10:00:00,OANDA:GBPUSD,1.13192,1.13641,1.1279,1.12888,33741.0,Interval.in_2_hour,24055200.0,short,short,short,short,short,short,short,short,short,short,short,short,short,short,short,short,short,short,long,long,short,short,long,short,short,neutral,neutral,short,short,short,short,short,long,long,short,short,short,short,short,short,short,short,short,short,short,short,short,short,short,short,short,short,short,short,short,short,short
3302,2022-10-06 08:00:00,OANDA:GBPUSD,1.13664,1.13673,1.1313,1.13192,23328.0,Interval.in_2_hour,24048000.0,short,short,short,short,short,short,short,short,short,short,short,short,short,short,short,short,short,short,long,long,long,neutral,long,short,neutral,neutral,neutral,short,long,long,long,long,long,short,short,short,short,short,short,short,short,short,short,short,short,short,short,short,short,short,short,short,short,short,short,short,short
3303,2022-10-06 06:00:00,OANDA:GBPUSD,1.13601,1.13796,1.13486,1.13664,18376.0,Interval.in_2_hour,24040800.0,short,short,short,short,short,short,short,short,short,short,short,short,short,short,short,short,short,short,long,long,neutral,neutral,long,short,neutral,neutral,neutral,long,long,long,long,long,long,short,short,short,short,short,short,short,short,short,short,short,short,short,short,short,short,short,short,short,short,short,short,short,short
3304,2022-10-06 04:00:00,OANDA:GBPUSD,1.13634,1.13696,1.13328,1.13601,21919.0,Interval.in_2_hour,24033600.0,short,short,short,short,short,short,short,short,short,short,short,short,short,short,short,short,short,short,long,long,neutral,neutral,long,short,neutral,neutral,neutral,long,long,long,long,long,short,short,short,short,short,short,short,short,short,short,short,short,short,long,short,short,short,short,short,short,short,short,short,short,short
3305,2022-10-06 02:00:00,OANDA:GBPUSD,1.13274,1.13833,1.13248,1.13634,16160.0,Interval.in_2_hour,24026400.0,short,short,short,short,short,short,short,short,short,short,short,short,short,short,short,short,short,short,long,long,short,neutral,long,short,neutral,neutral,neutral,long,long,long,short,short,short,short,short,short,short,short,short,short,short,short,short,short,short,short,long,short,short,short,short,short,short,short,short,short,short
3306,2022-10-06 00:00:00,OANDA:GBPUSD,1.13285,1.13311,1.13048,1.13274,16025.0,Interval.in_2_hour,24019200.0,short,short,short,short,short,short,short,short,short,short,short,short,short,short,short,short,short,short,long,long,neutral,neutral,long,short,short,neutral,neutral,long,long,short,short,short,short,short,short,short,short,short,short,short,short,short,short,short,short,long,long,long,short,short,short,short,short,short,short,short,short
3307,2022-10-05 22:00:00,OANDA:GBPUSD,1.13456,1.13568,1.1317,1.13285,14122.0,Interval.in_2_hour,24012000.0,short,short,short,short,short,short,short,short,short,short,short,short,short,short,short,short,short,short,long,long,neutral,neutral,long,short,neutral,neutral,neutral,long,short,short,short,short,short,short,short,short,short,short,short,short,short,short,short,short,long,short,long,long,long,short,short,short,short,short,short,short,short
3308,2022-10-05 20:00:00,OANDA:GBPUSD,1.1291,1.13462,1.12896,1.13456,17636.0,Interval.in_2_hour,24004800.0,short,short,short,short,short,short,short,short,short,short,short,short,short,short,short,short,short,short,long,long,short,short,long,short,long,neutral,neutral,short,short,short,short,short,short,short,short,short,short,short,short,short,short,short,short,long,long,short,short,long,long,long,short,short,short,short,short,short,short
3309,2022-10-05 18:00:00,OANDA:GBPUSD,1.12466,1.1307,1.12269,1.1291,23379.0,Interval.in_2_hour,23997600.0,short,short,short,short,short,short,short,short,short,short,short,short,short,short,short,short,short,short,long,long,neutral,neutral,long,short,neutral,neutral,neutral,short,short,short,short,short,short,short,short,short,short,short,short,short,short,short,short,short,short,long,long,long,long,long,long,long,short,short,short,short,short
3310,2022-10-05 16:00:00,OANDA:GBPUSD,1.13212,1.13282,1.12394,1.12466,37543.0,Interval.in_2_hour,23990400.0,short,short,short,short,short,short,short,short,short,short,short,short,short,short,short,short,short,short,long,long,long,neutral,long,short,short,short,short,short,short,short,short,short,short,short,short,short,short,short,short,short,short,short,short,short,short,long,long,long,long,long,long,long,long,long,long,long,short
3311,2022-10-05 14:00:00,OANDA:GBPUSD,1.13755,1.13764,1.13046,1.13212,27340.0,Interval.in_2_hour,23983200.0,short,short,short,short,short,short,short,short,short,short,short,short,short,short,short,short,short,short,long,long,neutral,neutral,long,short,short,short,neutral,short,short,short,short,short,short,short,short,short,short,short,short,long,long,long,long,long,long,short,short,long,long,long,long,long,long,short,short,short,short
3312,2022-10-05 12:00:00,OANDA:GBPUSD,1.14222,1.14291,1.13605,1.13755,19898.0,Interval.in_2_hour,23976000.0,short,short,short,short,short,short,short,short,short,short,short,short,short,short,short,short,short,short,long,short,neutral,neutral,long,short,short,neutral,neutral,short,short,short,short,short,short,short,long,long,long,long,long,long,long,long,long,long,long,short,short,short,short,short,short,short,short,short,short,short,short
3313,2022-10-05 10:00:00,OANDA:GBPUSD,1.14702,1.14758,1.13797,1.14222,30668.0,Interval.in_2_hour,23968800.0,short,short,short,short,short,short,short,short,short,short,short,short,short,short,short,short,short,short,long,short,long,neutral,long,short,neutral,neutral,neutral,long,short,short,short,short,long,long,long,long,long,long,long,long,long,long,long,long,long,short,short,short,short,short,short,short,short,short,short,short,short
3314,2022-10-05 08:00:00,OANDA:GBPUSD,1.1433,1.14958,1.14303,1.14702,22334.0,Interval.in_2_hour,23961600.0,short,short,short,short,short,short,short,short,short,short,short,short,short,short,short,short,short,short,long,short,neutral,neutral,long,short,long,neutral,neutral,short,short,short,short,long,long,long,long,long,long,long,long,long,long,long,long,long,long,short,short,short,short,short,short,short,short,short,short,short,short
3315,2022-10-05 06:00:00,OANDA:GBPUSD,1.1424,1.14432,1.14222,1.1433,17468.0,Interval.in_2_hour,23954400.0,short,short,short,short,short,short,short,short,short,short,short,short,short,short,short,short,short,short,long,short,neutral,neutral,long,short,neutral,neutral,neutral,short,short,short,short,long,long,long,long,long,long,long,long,long,long,long,long,long,long,long,short,short,short,short,short,short,short,short,short,short,short
3316,2022-10-05 04:00:00,OANDA:GBPUSD,1.144,1.14648,1.1414,1.1424,29453.0,Interval.in_2_hour,23947200.0,short,short,short,short,short,short,short,short,short,short,short,short,short,short,short,short,short,short,long,short,neutral,neutral,long,short,short,short,short,short,short,long,long,long,long,long,long,long,long,long,long,long,long,long,long,long,long,long,long,short,short,short,short,short,short,short,short,short,short
3317,2022-10-05 02:00:00,OANDA:GBPUSD,1.14655,1.14726,1.14202,1.144,17176.0,Interval.in_2_hour,23940000.0,short,short,short,short,short,short,short,short,short,short,short,short,short,short,short,short,short,short,long,short,long,long,long,short,short,short,neutral,short,long,long,long,long,long,long,long,long,long,long,long,long,long,long,long,long,long,short,short,long,short,short,short,short,short,short,short,short,short
3318,2022-10-05 00:00:00,OANDA:GBPUSD,1.14748,1.14875,1.14625,1.14655,5829.0,Interval.in_2_hour,23932800.0,short,short,short,short,short,short,short,short,short,short,short,short,short,short,short,short,short,short,short,short,neutral,neutral,long,short,short,neutral,neutral,long,long,long,long,long,long,long,long,long,long,long,long,long,long,long,long,long,long,short,short,short,long,short,short,short,short,short,short,short,short
3319,2022-10-04 22:00:00,OANDA:GBPUSD,1.1478,1.14823,1.14526,1.14748,16294.0,Interval.in_2_hour,23925600.0,short,short,short,short,short,short,short,short,short,short,short,short,short,short,short,short,short,short,short,short,neutral,neutral,long,short,neutral,neutral,neutral,long,long,long,long,long,long,long,long,long,long,long,long,long,long,long,long,long,long,short,short,short,short,short,short,short,short,short,short,short,short
3320,2022-10-04 20:00:00,OANDA:GBPUSD,1.14544,1.14806,1.14272,1.1478,19991.0,Interval.in_2_hour,23918400.0,short,short,short,short,short,short,short,short,short,short,short,short,short,short,short,short,short,short,short,short,neutral,neutral,long,short,long,long,long,long,long,long,long,long,long,long,long,long,long,long,long,long,long,long,long,long,long,short,short,short,short,short,short,short,short,short,short,short,short
3321,2022-10-04 18:00:00,OANDA:GBPUSD,1.1404,1.14902,1.14012,1.14544,25798.0,Interval.in_2_hour,23911200.0,short,short,short,short,short,short,short,short,short,short,short,short,short,short,short,short,short,short,short,short,neutral,neutral,long,short,long,long,neutral,long,long,long,long,long,long,long,long,long,long,long,long,long,long,long,long,long,long,long,long,long,short,short,short,long,short,short,short,short,short
3322,2022-10-04 16:00:00,OANDA:GBPUSD,1.13856,1.14172,1.13514,1.1404,34142.0,Interval.in_2_hour,23904000.0,short,short,short,short,short,short,short,short,short,short,short,short,short,short,short,short,short,short,long,short,neutral,neutral,long,short,long,neutral,neutral,long,long,long,long,long,long,long,long,long,long,long,long,long,long,long,long,long,long,long,long,long,long,long,long,long,long,long,short,short,short
3323,2022-10-04 14:00:00,OANDA:GBPUSD,1.13446,1.1387,1.12992,1.13856,32629.0,Interval.in_2_hour,23896800.0,short,short,short,short,short,short,short,short,short,short,short,short,short,short,short,short,short,short,short,short,short,short,long,short,neutral,neutral,neutral,long,long,long,long,long,long,long,long,long,long,long,long,long,long,long,long,long,long,long,long,long,long,long,long,long,long,long,long,short,short
3324,2022-10-04 12:00:00,OANDA:GBPUSD,1.13791,1.1394,1.13287,1.13446,27306.0,Interval.in_2_hour,23889600.0,short,short,short,long,short,short,long,long,long,short,short,short,short,short,short,short,short,short,short,short,long,neutral,long,short,neutral,neutral,neutral,long,long,long,long,long,long,long,long,long,long,long,long,long,long,long,long,long,long,long,long,long,long,long,long,long,long,long,long,long,long
3325,2022-10-04 10:00:00,OANDA:GBPUSD,1.13696,1.14296,1.13576,1.13791,31370.0,Interval.in_2_hour,23882400.0,short,short,short,short,short,short,short,short,short,short,short,short,short,short,short,short,short,short,short,short,neutral,neutral,long,short,long,long,neutral,long,long,long,long,long,long,long,long,long,long,long,long,long,long,long,long,long,long,short,long,long,long,long,long,long,long,long,long,long,long
3326,2022-10-04 08:00:00,OANDA:GBPUSD,1.1321,1.13852,1.13187,1.13696,27788.0,Interval.in_2_hour,23875200.0,long,long,short,short,short,short,short,short,short,short,short,short,short,short,short,short,short,short,short,short,neutral,neutral,long,short,long,neutral,neutral,long,long,long,long,long,long,long,long,long,long,long,long,long,long,long,long,long,long,long,short,long,long,long,long,long,long,long,long,long,long
3327,2022-10-04 06:00:00,OANDA:GBPUSD,1.13008,1.133,1.12849,1.1321,21205.0,Interval.in_2_hour,23868000.0,long,long,long,long,short,short,long,long,long,long,long,long,short,short,short,short,short,short,short,short,neutral,neutral,long,short,neutral,neutral,neutral,short,short,long,long,long,long,long,long,long,long,long,long,long,long,long,long,long,long,long,long,long,long,long,long,long,long,long,long,long,long
3328,2022-10-04 04:00:00,OANDA:GBPUSD,1.13308,1.13368,1.12808,1.13008,18344.0,Interval.in_2_hour,23860800.0,long,long,long,long,long,short,short,long,long,long,long,long,long,long,short,short,short,short,short,short,neutral,neutral,long,short,neutral,neutral,neutral,long,long,long,long,long,long,long,long,long,long,long,long,long,long,long,long,long,long,long,long,long,long,long,long,long,long,long,long,long,long
3329,2022-10-04 02:00:00,OANDA:GBPUSD,1.13278,1.13442,1.1317,1.13308,16885.0,Interval.in_2_hour,23853600.0,long,long,long,long,long,short,short,short,long,short,short,long,long,long,short,short,short,short,short,short,neutral,neutral,long,short,long,long,long,long,long,long,long,long,long,long,long,long,long,long,long,long,long,long,long,long,long,short,short,long,long,long,long,long,long,long,long,long,long
3330,2022-10-04 00:00:00,OANDA:GBPUSD,1.13209,1.13294,1.13152,1.13278,4578.0,Interval.in_2_hour,23846400.0,long,long,long,long,long,long,short,short,short,long,long,short,long,long,long,short,short,short,short,short,neutral,neutral,long,short,long,long,neutral,long,long,long,long,long,long,long,long,long,long,long,long,long,long,long,long,long,long,long,short,short,long,long,long,long,long,long,long,long,long
3331,2022-10-03 22:00:00,OANDA:GBPUSD,1.13105,1.13268,1.13004,1.13209,10655.0,Interval.in_2_hour,23839200.0,long,long,long,long,long,long,long,long,short,short,long,long,long,long,long,long,short,short,short,short,neutral,neutral,long,short,long,neutral,neutral,long,long,long,long,long,long,long,long,long,long,long,long,long,long,long,long,long,long,long,long,short,long,long,long,long,long,long,long,long,long
3332,2022-10-03 20:00:00,OANDA:GBPUSD,1.1276,1.13254,1.12651,1.13105,18376.0,Interval.in_2_hour,23832000.0,long,long,long,long,long,long,long,long,long,short,short,long,long,long,long,long,long,long,short,short,neutral,neutral,long,short,neutral,neutral,neutral,long,long,long,long,long,long,long,long,long,long,long,long,long,long,long,long,long,long,long,long,long,short,long,long,long,long,long,long,long,long
3333,2022-10-03 18:00:00,OANDA:GBPUSD,1.12794,1.13346,1.126,1.1276,28158.0,Interval.in_2_hour,23824800.0,long,long,long,long,long,long,long,long,long,long,short,long,long,long,long,long,long,long,short,short,neutral,neutral,long,short,neutral,neutral,neutral,long,long,long,long,long,long,long,long,long,long,long,long,long,long,long,long,long,long,long,long,long,long,long,long,long,long,long,long,long,long
3334,2022-10-03 16:00:00,OANDA:GBPUSD,1.1217,1.12929,1.12,1.12794,36239.0,Interval.in_2_hour,23817600.0,long,long,long,long,long,long,long,long,long,long,long,short,long,long,long,long,long,long,short,short,long,long,long,short,long,neutral,neutral,long,long,long,long,long,long,long,long,long,long,long,long,long,long,long,long,long,long,short,long,long,long,long,long,long,long,long,long,long,long
3335,2022-10-03 14:00:00,OANDA:GBPUSD,1.11979,1.12396,1.11852,1.1217,19998.0,Interval.in_2_hour,23810400.0,long,long,long,long,long,long,long,long,long,long,long,long,long,long,long,long,long,long,short,short,neutral,neutral,long,short,neutral,neutral,neutral,long,long,long,long,long,long,long,long,long,long,long,long,long,long,long,long,long,long,long,long,long,long,long,long,long,long,long,long,long,long
3336,2022-10-03 12:00:00,OANDA:GBPUSD,1.12103,1.12146,1.11694,1.11979,17308.0,Interval.in_2_hour,23803200.0,long,long,long,long,long,long,long,long,long,long,long,long,long,long,long,long,long,long,short,short,neutral,neutral,long,short,neutral,neutral,neutral,long,long,long,long,long,long,long,long,long,long,long,long,long,long,long,long,long,long,long,long,long,long,long,long,long,long,long,long,long,long
3337,2022-10-03 10:00:00,OANDA:GBPUSD,1.11886,1.12444,1.11646,1.12103,30085.0,Interval.in_2_hour,23796000.0,long,long,long,long,long,long,long,long,long,long,long,long,long,long,long,long,long,long,short,short,neutral,neutral,long,short,long,neutral,neutral,long,long,long,long,long,long,long,long,long,long,long,long,long,long,long,long,long,long,short,long,long,long,long,long,long,long,long,long,long,long
3338,2022-10-03 08:00:00,OANDA:GBPUSD,1.10937,1.12818,1.1091,1.11886,32658.0,Interval.in_2_hour,23788800.0,long,long,long,long,long,long,long,long,long,long,long,long,long,long,long,long,long,long,short,short,short,neutral,long,short,neutral,neutral,neutral,short,short,short,short,short,long,long,short,short,long,long,long,short,long,long,long,long,long,long,long,long,long,long,long,long,long,long,long,long,long
3339,2022-10-03 06:00:00,OANDA:GBPUSD,1.11286,1.11328,1.1086,1.10937,16485.0,Interval.in_2_hour,23781600.0,long,long,long,long,long,long,long,long,long,long,long,long,long,long,long,long,long,long,short,short,neutral,neutral,long,short,neutral,neutral,neutral,short,short,short,short,short,long,short,short,short,long,short,short,short,long,long,long,long,long,long,long,long,long,long,long,long,long,long,long,long,long
3340,2022-10-03 04:00:00,OANDA:GBPUSD,1.11278,1.11634,1.11266,1.11286,19457.0,Interval.in_2_hour,23774400.0,long,long,long,long,long,long,long,long,long,long,long,long,long,long,long,long,long,long,short,short,neutral,neutral,long,short,neutral,neutral,neutral,short,short,short,long,long,short,short,long,long,short,short,short,long,long,long,long,long,long,short,long,long,long,long,long,long,long,long,long,long,long
3341,2022-10-03 02:00:00,OANDA:GBPUSD,1.1156,1.1156,1.11104,1.11278,19779.0,Interval.in_2_hour,23767200.0,long,long,long,long,long,long,long,long,long,long,long,long,long,long,long,long,long,long,short,short,neutral,neutral,long,short,short,short,neutral,short,short,long,long,long,short,long,long,long,short,long,long,long,long,long,long,long,long,long,short,long,long,long,long,long,long,long,long,long,long
3342,2022-10-03 00:00:00,OANDA:GBPUSD,1.11684,1.11947,1.11519,1.1156,4958.0,Interval.in_2_hour,23760000.0,long,long,long,long,long,long,long,long,long,long,long,long,long,long,long,long,long,long,short,short,neutral,neutral,long,short,short,neutral,neutral,long,long,long,long,short,long,long,long,long,long,long,long,long,long,long,long,long,long,short,short,short,long,long,long,long,long,long,long,long,long
3343,2022-09-30 22:00:00,OANDA:GBPUSD,1.1171,1.11776,1.11436,1.11684,18435.0,Interval.in_2_hour,23580000.0,long,long,long,long,long,long,long,long,long,long,long,long,long,long,long,long,long,long,short,short,neutral,neutral,long,short,neutral,neutral,neutral,long,long,long,short,long,long,long,long,long,long,long,long,long,long,long,long,long,long,short,short,short,short,long,long,long,long,long,long,long,long
3344,2022-09-30 20:00:00,OANDA:GBPUSD,1.11297,1.11806,1.11186,1.1171,21078.0,Interval.in_2_hour,23572800.0,long,long,long,long,long,long,long,long,long,long,long,long,long,long,long,long,long,long,short,short,neutral,neutral,long,short,neutral,neutral,neutral,long,long,short,long,long,long,short,long,long,long,long,long,long,long,long,long,long,long,short,short,short,short,short,long,long,long,long,long,long,long
3345,2022-09-30 18:00:00,OANDA:GBPUSD,1.11684,1.11772,1.11003,1.11297,32037.0,Interval.in_2_hour,23565600.0,long,long,long,long,long,long,long,long,long,long,long,long,long,long,long,long,long,long,short,short,neutral,neutral,long,short,neutral,neutral,neutral,long,short,long,long,long,short,long,long,long,long,long,long,long,long,long,long,long,long,long,long,long,short,short,short,long,long,long,long,long,long
3346,2022-09-30 16:00:00,OANDA:GBPUSD,1.10688,1.11769,1.10502,1.11684,50022.0,Interval.in_2_hour,23558400.0,long,long,long,long,long,long,long,long,long,long,long,long,long,long,long,long,long,long,short,short,short,short,long,short,long,neutral,neutral,short,short,long,short,short,short,long,long,long,long,long,long,long,long,long,long,long,long,short,long,long,short,short,short,short,long,long,long,long,long
3347,2022-09-30 14:00:00,OANDA:GBPUSD,1.10658,1.10974,1.10252,1.10688,35783.0,Interval.in_2_hour,23551200.0,long,long,long,long,long,long,long,long,long,long,long,long,long,long,long,long,long,long,short,short,neutral,neutral,long,short,neutral,neutral,neutral,short,short,short,short,short,short,long,long,long,long,long,long,long,long,long,long,long,long,long,long,long,long,long,long,long,long,long,long,long,long
3348,2022-09-30 12:00:00,OANDA:GBPUSD,1.12177,1.12215,1.10598,1.10658,33650.0,Interval.in_2_hour,23544000.0,long,long,long,long,long,long,long,long,long,long,long,long,long,long,long,long,long,long,short,short,long,neutral,long,short,neutral,neutral,neutral,long,long,short,long,long,long,long,long,long,long,long,long,long,long,long,long,long,long,long,long,long,long,long,long,long,long,long,long,long,long
3349,2022-09-30 10:00:00,OANDA:GBPUSD,1.11389,1.12348,1.11356,1.12177,38201.0,Interval.in_2_hour,23536800.0,short,short,long,long,long,long,long,long,long,long,long,long,long,long,long,long,long,long,short,short,neutral,neutral,long,short,long,long,neutral,long,long,long,long,long,long,long,long,long,long,long,long,long,long,long,long,long,long,short,short,short,short,short,short,short,short,short,short,short,short
3350,2022-09-30 08:00:00,OANDA:GBPUSD,1.11061,1.11686,1.10931,1.11389,30716.0,Interval.in_2_hour,23529600.0,long,long,long,long,long,long,long,long,long,long,long,long,long,long,long,long,long,long,short,short,short,short,long,short,long,neutral,neutral,short,short,long,long,long,long,long,long,long,long,long,long,long,long,long,long,long,long,long,short,short,long,short,long,long,long,short,short,short,long
3351,2022-09-30 06:00:00,OANDA:GBPUSD,1.11014,1.11122,1.10803,1.11061,20536.0,Interval.in_2_hour,23522400.0,long,long,long,long,long,long,long,long,long,long,long,long,long,long,long,long,long,long,short,short,neutral,neutral,long,short,neutral,neutral,neutral,short,long,long,long,long,long,long,long,long,long,long,long,long,long,long,long,long,long,long,long,short,short,long,long,long,long,long,long,long,short
3352,2022-09-30 04:00:00,OANDA:GBPUSD,1.11578,1.11752,1.10708,1.11014,24890.0,Interval.in_2_hour,23515200.0,short,long,long,long,long,long,long,long,long,long,long,long,long,long,long,long,long,long,short,short,long,neutral,long,short,neutral,neutral,neutral,long,long,long,long,long,long,long,long,long,long,long,long,long,long,long,long,long,long,long,long,long,short,short,long,long,long,long,long,long,long
3353,2022-09-30 02:00:00,OANDA:GBPUSD,1.11468,1.12018,1.11213,1.11578,22187.0,Interval.in_2_hour,23508000.0,short,short,long,long,long,long,long,long,long,long,long,long,long,long,long,long,long,long,short,short,neutral,neutral,long,short,long,long,neutral,long,long,long,long,long,long,long,long,long,long,long,long,long,long,long,long,long,long,short,short,short,long,short,short,long,short,long,long,short,short
3354,2022-09-30 00:00:00,OANDA:GBPUSD,1.1118,1.1203,1.11112,1.11468,14709.0,Interval.in_2_hour,23500800.0,short,short,short,long,long,long,long,long,long,long,long,long,long,long,long,long,long,long,short,short,neutral,neutral,long,short,long,neutral,neutral,long,long,long,long,long,long,long,long,long,long,long,long,long,long,long,long,long,long,long,short,short,short,long,short,short,long,short,long,long,long
3355,2022-09-29 22:00:00,OANDA:GBPUSD,1.10582,1.1119,1.10512,1.1118,15698.0,Interval.in_2_hour,23493600.0,long,long,long,short,long,long,long,long,long,long,long,long,long,long,long,long,long,long,short,short,neutral,neutral,long,short,neutral,neutral,neutral,long,long,long,long,long,long,long,long,long,long,long,long,long,long,long,long,long,long,long,long,short,short,long,long,short,short,long,long,long,long
3356,2022-09-29 20:00:00,OANDA:GBPUSD,1.10596,1.10788,1.1038,1.10582,21201.0,Interval.in_2_hour,23486400.0,long,long,long,long,long,long,long,long,long,long,long,long,long,long,long,long,long,long,short,short,neutral,neutral,long,short,neutral,neutral,neutral,long,long,long,long,long,long,long,long,long,long,long,long,long,long,long,long,long,long,long,long,long,long,long,long,long,long,long,long,long,long
3357,2022-09-29 18:00:00,OANDA:GBPUSD,1.10316,1.11088,1.10164,1.10596,35929.0,Interval.in_2_hour,23479200.0,long,long,long,long,long,long,long,long,long,long,long,long,long,long,long,long,long,long,short,short,neutral,neutral,long,short,long,long,long,long,long,long,long,long,long,long,long,long,long,long,long,long,long,long,long,long,long,short,long,long,long,long,long,long,long,long,long,long,long
3358,2022-09-29 16:00:00,OANDA:GBPUSD,1.08788,1.10323,1.08786,1.10316,45986.0,Interval.in_2_hour,23472000.0,long,long,long,long,long,long,long,long,long,long,long,long,long,long,long,long,long,long,short,short,neutral,neutral,long,short,long,long,neutral,long,long,long,long,long,long,long,long,long,long,long,long,long,long,long,long,long,long,long,long,long,long,long,long,long,long,long,long,long,long
3359,2022-09-29 14:00:00,OANDA:GBPUSD,1.08322,1.08858,1.0826,1.08788,35648.0,Interval.in_2_hour,23464800.0,long,long,long,long,long,long,long,long,long,long,long,long,long,long,long,long,long,long,short,short,neutral,neutral,long,short,long,neutral,neutral,long,long,long,long,short,short,short,long,long,long,long,long,long,long,long,long,long,long,long,long,long,long,long,long,long,long,long,long,long,long
3360,2022-09-29 12:00:00,OANDA:GBPUSD,1.07981,1.08978,1.0797,1.08322,35260.0,Interval.in_2_hour,23457600.0,long,long,long,long,long,long,long,long,long,long,long,long,long,long,long,long,long,long,short,short,short,neutral,long,short,neutral,neutral,neutral,long,long,short,short,short,short,long,long,long,long,long,long,long,long,long,long,long,long,long,long,long,long,long,long,long,long,long,long,long,long
3361,2022-09-29 10:00:00,OANDA:GBPUSD,1.0815,1.08173,1.07703,1.07981,39662.0,Interval.in_2_hour,23450400.0,long,long,long,long,long,long,long,long,long,long,long,long,long,long,long,long,long,long,short,short,neutral,neutral,long,short,neutral,neutral,neutral,long,short,short,short,short,long,long,long,long,long,long,long,long,long,long,long,long,long,long,long,long,long,long,long,long,long,long,long,long,long
3362,2022-09-29 08:00:00,OANDA:GBPUSD,1.08076,1.08172,1.07623,1.0815,27515.0,Interval.in_2_hour,23443200.0,long,long,long,long,long,long,long,long,long,long,long,long,long,long,long,long,long,long,short,short,neutral,neutral,long,short,long,neutral,neutral,short,short,short,short,long,long,long,long,long,long,long,long,long,long,long,long,long,long,short,long,long,long,long,long,long,long,long,long,long,long
3363,2022-09-29 06:00:00,OANDA:GBPUSD,1.0793,1.08159,1.07822,1.08076,18231.0,Interval.in_2_hour,23436000.0,long,long,long,long,long,long,long,long,long,long,long,long,long,long,long,long,long,long,short,short,neutral,neutral,long,short,neutral,neutral,neutral,short,short,short,short,long,long,long,long,long,long,long,long,long,long,long,long,long,long,long,short,long,long,long,long,long,long,long,long,long,long
3364,2022-09-29 04:00:00,OANDA:GBPUSD,1.0806,1.08273,1.07822,1.0793,24567.0,Interval.in_2_hour,23428800.0,long,long,long,long,long,long,long,long,long,long,long,long,long,long,long,long,long,long,short,short,neutral,neutral,long,short,short,short,short,short,short,short,long,long,long,long,long,long,long,long,long,long,long,long,long,long,short,long,long,long,long,long,long,long,long,long,long,long,long
3365,2022-09-29 02:00:00,OANDA:GBPUSD,1.08562,1.08611,1.0804,1.0806,20312.0,Interval.in_2_hour,23421600.0,long,long,long,long,long,long,long,long,long,long,long,long,long,long,long,long,long,long,short,short,neutral,neutral,long,short,short,short,neutral,short,long,long,long,long,long,long,long,long,long,long,long,long,long,long,long,long,long,short,long,long,short,long,long,long,long,long,long,long,long
3366,2022-09-29 00:00:00,OANDA:GBPUSD,1.08892,1.08892,1.08558,1.08562,10613.0,Interval.in_2_hour,23414400.0,long,long,long,long,long,long,long,long,long,long,long,long,long,long,long,long,long,long,short,short,neutral,neutral,long,short,short,neutral,neutral,long,long,long,long,long,long,long,long,long,long,long,long,long,long,long,long,long,long,short,short,short,short,short,short,long,long,long,long,long,long
3367,2022-09-28 22:00:00,OANDA:GBPUSD,1.09021,1.09021,1.08666,1.08892,12478.0,Interval.in_2_hour,23407200.0,long,long,long,long,long,long,long,long,long,long,long,long,long,long,long,long,long,long,short,short,neutral,neutral,long,short,neutral,neutral,neutral,long,long,long,long,long,long,long,long,long,long,long,long,long,long,long,long,long,long,short,short,short,short,short,short,short,short,long,long,long,long
3368,2022-09-28 20:00:00,OANDA:GBPUSD,1.08606,1.09164,1.08524,1.09021,24311.0,Interval.in_2_hour,23400000.0,long,long,long,long,long,long,long,long,long,long,long,long,long,long,long,long,long,long,short,short,neutral,neutral,long,short,long,long,long,long,long,long,long,long,long,long,long,long,long,long,long,long,long,long,long,long,long,short,short,short,short,short,short,short,short,short,long,long,long
3369,2022-09-28 18:00:00,OANDA:GBPUSD,1.0747,1.08761,1.07349,1.08606,37955.0,Interval.in_2_hour,23392800.0,long,long,long,long,long,long,long,long,long,long,long,long,long,long,long,long,long,long,short,short,neutral,neutral,long,short,long,long,neutral,long,long,long,long,long,long,long,long,long,long,long,long,long,long,long,long,long,long,long,long,short,short,short,short,short,short,short,long,long,long
3370,2022-09-28 16:00:00,OANDA:GBPUSD,1.06726,1.07739,1.06194,1.0747,46578.0,Interval.in_2_hour,23385600.0,long,long,long,long,long,long,long,long,long,long,long,long,long,long,long,long,long,long,short,long,neutral,neutral,long,short,long,neutral,neutral,long,long,long,long,long,short,short,long,short,short,short,short,short,short,short,short,short,long,long,long,long,long,long,long,long,long,long,long,long,long
3371,2022-09-28 14:00:00,OANDA:GBPUSD,1.06706,1.06892,1.05394,1.06726,50218.0,Interval.in_2_hour,23378400.0,long,long,long,long,long,long,long,long,long,long,long,long,long,long,long,long,long,long,short,long,long,long,long,short,neutral,neutral,neutral,long,long,long,short,short,short,short,short,short,short,short,short,short,short,short,short,short,short,long,long,long,long,long,long,long,long,long,long,long,long
3372,2022-09-28 12:00:00,OANDA:GBPUSD,1.06898,1.08399,1.06218,1.06706,49717.0,Interval.in_2_hour,23371200.0,long,long,long,long,long,long,long,long,long,long,long,long,long,long,long,long,long,long,short,long,neutral,neutral,long,short,neutral,neutral,neutral,long,long,short,short,short,short,short,short,short,short,short,short,short,short,short,short,short,short,long,long,long,long,long,long,long,long,long,long,long,long
3373,2022-09-28 10:00:00,OANDA:GBPUSD,1.06433,1.07126,1.06433,1.06898,35836.0,Interval.in_2_hour,23364000.0,long,long,long,long,long,long,long,long,long,long,long,long,long,long,long,long,long,long,short,long,neutral,neutral,long,short,neutral,neutral,neutral,long,short,short,short,short,short,short,short,short,short,short,short,short,short,short,short,short,short,short,short,long,long,long,long,long,long,long,long,long,long
3374,2022-09-28 08:00:00,OANDA:GBPUSD,1.06481,1.07036,1.06403,1.06433,29992.0,Interval.in_2_hour,23356800.0,long,long,long,long,long,long,long,long,long,long,long,long,long,long,long,long,long,long,short,long,short,short,long,short,neutral,neutral,neutral,short,short,short,short,short,short,short,short,short,short,short,short,short,short,short,short,short,short,long,long,long,long,long,long,long,long,long,long,long,long
3375,2022-09-28 06:00:00,OANDA:GBPUSD,1.06344,1.06642,1.06324,1.06481,25016.0,Interval.in_2_hour,23349600.0,long,long,long,long,long,long,long,long,long,long,long,long,long,long,long,long,long,long,short,long,neutral,neutral,long,short,neutral,neutral,neutral,short,short,short,short,short,short,short,short,short,short,short,short,short,short,short,short,short,short,short,long,long,long,long,long,long,long,long,long,long,long
3376,2022-09-28 04:00:00,OANDA:GBPUSD,1.06929,1.06997,1.06314,1.06344,32515.0,Interval.in_2_hour,23342400.0,long,long,long,long,long,long,long,long,long,long,long,long,long,long,long,long,long,long,long,long,neutral,neutral,long,short,short,short,neutral,short,short,short,short,short,short,short,short,short,short,short,short,short,short,short,short,short,short,long,long,long,long,long,long,long,long,long,long,long,long
3377,2022-09-28 02:00:00,OANDA:GBPUSD,1.0709,1.07392,1.06864,1.06929,21049.0,Interval.in_2_hour,23335200.0,long,long,long,long,long,long,long,long,long,long,long,long,long,long,long,long,long,long,short,long,neutral,neutral,long,short,short,neutral,neutral,short,short,short,short,short,short,short,short,short,short,long,long,long,short,short,short,short,short,short,short,short,short,short,short,long,long,long,long,long,long
3378,2022-09-28 00:00:00,OANDA:GBPUSD,1.07339,1.07397,1.0709,1.0709,4521.0,Interval.in_2_hour,23328000.0,long,long,long,long,long,long,long,long,long,long,long,long,long,long,long,long,long,long,short,long,neutral,neutral,long,short,neutral,neutral,neutral,short,short,short,short,short,short,short,short,short,long,long,long,short,short,short,short,long,long,short,short,short,short,short,short,short,long,long,long,long,long
3379,2022-09-27 22:00:00,OANDA:GBPUSD,1.07305,1.07342,1.0706,1.07339,14168.0,Interval.in_2_hour,23320800.0,long,long,long,long,long,long,long,long,long,long,long,long,long,long,long,long,long,long,short,long,neutral,neutral,long,short,long,neutral,neutral,short,short,short,short,short,short,short,short,long,long,long,short,short,short,short,long,long,long,short,short,short,short,short,short,short,short,long,long,long,long
3380,2022-09-27 20:00:00,OANDA:GBPUSD,1.06758,1.07364,1.06589,1.07305,24456.0,Interval.in_2_hour,23313600.0,long,long,long,long,long,long,long,long,long,long,long,long,long,long,long,long,long,long,short,long,short,short,long,short,neutral,neutral,neutral,short,short,short,short,short,short,short,long,long,long,short,short,short,short,short,long,long,long,long,short,short,short,short,short,short,short,short,long,long,long
3381,2022-09-27 18:00:00,OANDA:GBPUSD,1.07755,1.07946,1.06606,1.06758,34429.0,Interval.in_2_hour,23306400.0,long,long,long,long,long,long,long,long,long,long,long,long,long,long,long,long,long,long,short,long,neutral,neutral,long,short,neutral,neutral,neutral,short,short,short,short,short,short,long,long,long,short,short,short,short,long,long,long,long,long,long,long,long,long,short,short,short,long,short,short,long,long
3382,2022-09-27 16:00:00,OANDA:GBPUSD,1.07713,1.07956,1.07358,1.07755,44489.0,Interval.in_2_hour,23299200.0,long,long,long,long,long,long,long,long,long,long,long,long,long,long,long,long,long,long,short,long,long,long,long,short,neutral,neutral,neutral,short,long,long,long,long,long,long,long,long,short,short,long,long,long,long,long,long,short,short,short,short,short,short,short,short,short,short,short,short,short
3383,2022-09-27 14:00:00,OANDA:GBPUSD,1.07994,1.08213,1.07684,1.07713,30250.0,Interval.in_2_hour,23292000.0,short,long,long,long,long,long,long,long,long,long,long,long,long,long,long,long,long,long,short,long,neutral,neutral,long,short,short,neutral,neutral,long,long,long,long,long,long,long,long,short,short,long,long,long,long,long,long,short,short,long,short,short,short,short,short,short,short,short,short,short,short
3384,2022-09-27 12:00:00,OANDA:GBPUSD,1.08069,1.08261,1.07804,1.07994,25988.0,Interval.in_2_hour,23284800.0,short,short,long,long,long,long,long,short,long,long,short,long,long,long,long,long,long,long,short,long,neutral,neutral,long,short,neutral,neutral,neutral,long,long,long,long,long,long,long,short,short,long,long,long,long,long,long,short,short,short,short,short,short,short,short,short,short,short,short,short,short,short
3385,2022-09-27 10:00:00,OANDA:GBPUSD,1.07726,1.08384,1.07726,1.08069,31401.0,Interval.in_2_hour,23277600.0,short,short,short,long,long,long,long,short,short,long,long,short,long,long,long,long,long,long,short,short,neutral,neutral,long,short,long,neutral,neutral,long,long,long,long,long,long,short,short,long,long,long,long,long,long,short,short,short,short,short,short,short,short,short,short,short,short,short,short,short,short
3386,2022-09-27 08:00:00,OANDA:GBPUSD,1.07696,1.08368,1.0764,1.07726,24652.0,Interval.in_2_hour,23270400.0,short,short,short,short,long,long,long,long,long,long,long,long,long,long,long,long,long,long,short,long,neutral,neutral,long,short,neutral,neutral,neutral,long,long,long,long,long,short,short,long,long,long,long,long,long,short,short,short,short,short,long,long,short,long,short,short,short,short,short,short,short,short
3387,2022-09-27 06:00:00,OANDA:GBPUSD,1.07746,1.07932,1.07664,1.07696,15695.0,Interval.in_2_hour,23263200.0,short,short,short,short,short,long,long,long,long,long,long,long,long,long,long,long,long,long,short,long,neutral,neutral,long,short,neutral,neutral,neutral,long,long,long,long,short,short,long,long,long,long,long,long,short,short,short,short,short,short,long,long,long,long,long,short,short,short,short,short,short,short
3388,2022-09-27 04:00:00,OANDA:GBPUSD,1.07702,1.0783,1.07388,1.07746,21447.0,Interval.in_2_hour,23256000.0,short,short,short,short,short,short,long,long,long,long,long,long,long,long,long,long,long,long,short,long,neutral,neutral,long,short,long,long,neutral,long,long,long,short,short,long,long,long,long,long,long,short,short,short,short,short,short,short,short,short,long,long,short,long,short,short,short,short,short,short
3389,2022-09-27 02:00:00,OANDA:GBPUSD,1.06972,1.07886,1.06951,1.07702,18799.0,Interval.in_2_hour,23248800.0,short,short,short,short,short,short,short,long,long,long,long,long,long,long,long,long,long,long,short,long,neutral,neutral,long,short,long,neutral,neutral,long,short,short,short,short,long,long,long,long,long,short,short,short,short,short,short,short,short,long,short,long,long,long,long,long,short,short,short,short,short
3390,2022-09-27 00:00:00,OANDA:GBPUSD,1.06856,1.06994,1.0653,1.06972,12920.0,Interval.in_2_hour,23241600.0,short,short,short,short,short,short,short,long,long,long,long,long,long,long,long,long,long,long,short,long,neutral,neutral,long,short,neutral,neutral,neutral,short,short,short,short,short,long,long,long,long,short,short,short,short,short,short,short,short,short,long,long,long,long,long,long,long,long,short,long,long,long
3391,2022-09-26 22:00:00,OANDA:GBPUSD,1.0687,1.07205,1.06788,1.06856,20899.0,Interval.in_2_hour,23234400.0,long,long,short,short,short,long,short,short,long,long,long,long,long,long,long,long,long,long,short,long,short,short,long,short,neutral,neutral,neutral,short,short,short,short,long,long,long,long,short,short,short,short,short,short,short,short,short,short,long,long,long,long,long,long,long,long,long,short,long,long
3392,2022-09-26 20:00:00,OANDA:GBPUSD,1.06812,1.06998,1.06419,1.0687,32098.0,Interval.in_2_hour,23227200.0,long,long,long,short,short,short,long,short,short,long,long,long,long,long,long,long,long,long,short,long,neutral,neutral,long,short,neutral,neutral,neutral,short,short,short,long,long,long,long,short,short,short,short,short,short,short,short,short,short,short,short,long,long,long,long,long,long,long,long,long,short,long
3393,2022-09-26 18:00:00,OANDA:GBPUSD,1.07888,1.08434,1.0631,1.06812,52417.0,Interval.in_2_hour,23220000.0,long,long,long,long,short,short,short,long,short,short,long,long,long,long,long,long,long,long,short,long,long,long,long,short,short,neutral,neutral,short,long,long,long,long,long,short,short,short,short,short,short,short,short,short,short,short,short,long,long,long,long,long,long,long,long,long,long,long,short
3394,2022-09-26 16:00:00,OANDA:GBPUSD,1.08804,1.08912,1.07696,1.07888,47072.0,Interval.in_2_hour,23212800.0,short,short,short,short,short,short,short,short,short,short,short,short,long,long,long,long,long,long,short,short,long,long,long,short,neutral,neutral,neutral,long,long,long,long,long,short,short,short,short,short,short,short,short,short,short,short,short,short,short,short,short,short,short,short,short,short,long,long,short,short
3395,2022-09-26 14:00:00,OANDA:GBPUSD,1.07284,1.09306,1.06999,1.08804,44691.0,Interval.in_2_hour,23205600.0,short,short,short,short,short,short,short,short,short,short,short,short,short,short,long,long,short,short,short,short,neutral,neutral,long,short,neutral,neutral,neutral,long,long,long,long,short,short,short,short,short,short,short,short,short,short,short,short,short,short,short,short,short,short,short,short,short,short,short,short,short,short
3396,2022-09-26 12:00:00,OANDA:GBPUSD,1.07542,1.07998,1.0672,1.07284,37076.0,Interval.in_2_hour,23198400.0,long,long,short,long,long,short,short,short,short,short,short,short,short,long,long,long,long,long,long,long,neutral,neutral,long,short,neutral,neutral,neutral,long,long,long,short,short,short,short,short,short,short,short,short,short,short,short,short,short,short,long,long,short,short,short,short,long,long,long,long,long,long
3397,2022-09-26 10:00:00,OANDA:GBPUSD,1.06532,1.07894,1.06532,1.07542,48357.0,Interval.in_2_hour,23191200.0,long,long,long,short,short,short,short,short,short,short,short,short,short,short,short,long,long,long,long,long,neutral,neutral,long,short,long,neutral,neutral,long,long,short,short,short,short,short,short,short,short,short,short,short,short,short,short,short,short,short,long,long,short,short,short,short,long,long,long,long,long
3398,2022-09-26 08:00:00,OANDA:GBPUSD,1.05338,1.06858,1.05234,1.06532,40293.0,Interval.in_2_hour,23184000.0,long,long,long,long,long,long,long,long,long,short,short,short,long,long,long,long,long,long,long,long,short,short,long,short,neutral,neutral,neutral,short,short,short,short,short,short,short,short,short,short,short,short,short,short,short,short,short,short,long,long,long,long,long,long,long,long,long,long,long,long
3399,2022-09-26 06:00:00,OANDA:GBPUSD,1.05424,1.0574,1.0447,1.05338,34509.0,Interval.in_2_hour,23176800.0,long,long,long,long,long,long,long,long,long,long,long,long,long,long,long,long,long,long,long,long,neutral,neutral,long,short,neutral,neutral,neutral,short,short,short,short,short,short,short,short,short,short,short,short,short,short,short,short,short,short,long,long,long,long,long,long,long,long,long,long,long,long
3400,2022-09-26 04:00:00,OANDA:GBPUSD,1.04017,1.06034,1.03595,1.05424,44998.0,Interval.in_2_hour,23169600.0,long,long,long,long,long,long,long,long,long,long,long,long,long,long,long,long,long,long,long,long,neutral,neutral,long,short,neutral,neutral,neutral,short,short,short,short,short,short,short,short,short,short,short,short,short,short,short,short,short,short,short,long,long,long,long,long,long,long,long,long,long,long
3401,2022-09-26 02:00:00,OANDA:GBPUSD,1.0846,1.08464,1.03843,1.04017,25880.0,Interval.in_2_hour,23162400.0,long,long,long,long,long,long,long,long,long,long,long,long,long,long,long,long,long,long,long,long,neutral,neutral,long,short,short,neutral,neutral,short,short,short,short,short,short,short,short,short,short,short,short,short,short,short,short,short,short,long,long,long,long,long,long,long,long,long,long,long,long
3402,2022-09-26 00:00:00,OANDA:GBPUSD,1.08484,1.08484,1.07932,1.0846,10723.0,Interval.in_2_hour,23155200.0,short,short,short,short,short,short,short,short,short,short,short,short,short,short,short,short,short,short,long,long,neutral,neutral,long,short,neutral,neutral,neutral,short,short,short,short,short,short,short,short,short,short,short,short,short,short,short,short,short,short,short,short,short,short,short,short,long,short,short,short,short,short
3403,2022-09-23 22:00:00,OANDA:GBPUSD,1.08478,1.08764,1.08426,1.08484,15621.0,Interval.in_2_hour,22975200.0,short,short,short,short,short,short,short,short,short,short,short,short,short,short,short,short,short,short,long,long,neutral,neutral,long,short,neutral,neutral,neutral,short,short,short,short,short,short,short,short,short,short,short,short,short,short,short,short,short,short,short,short,short,short,short,short,short,long,short,short,short,short
3404,2022-09-23 20:00:00,OANDA:GBPUSD,1.08964,1.09045,1.08394,1.08478,24172.0,Interval.in_2_hour,22968000.0,short,short,short,short,short,short,short,short,short,short,short,short,short,short,short,short,short,short,long,long,neutral,neutral,long,short,short,short,neutral,short,short,short,short,short,short,short,short,short,short,short,short,short,short,short,short,short,short,long,short,short,short,short,short,short,short,long,short,short,short
3405,2022-09-23 18:00:00,OANDA:GBPUSD,1.08976,1.09406,1.08624,1.08964,28702.0,Interval.in_2_hour,22960800.0,short,short,short,short,short,short,short,short,short,short,short,short,short,short,short,short,short,short,long,long,neutral,neutral,long,short,short,neutral,neutral,short,short,short,short,short,short,short,short,short,short,short,short,short,short,short,short,short,short,short,short,short,short,short,short,short,short,short,short,short,short
3406,2022-09-23 16:00:00,OANDA:GBPUSD,1.1061,1.10968,1.08972,1.08976,36332.0,Interval.in_2_hour,22953600.0,short,short,short,short,short,short,short,short,short,short,short,short,short,short,short,short,short,short,long,long,short,short,long,short,neutral,neutral,neutral,short,short,short,short,short,short,short,short,short,short,short,short,short,short,short,short,short,short,short,short,short,short,short,short,short,short,short,short,short,short
3407,2022-09-23 14:00:00,OANDA:GBPUSD,1.10266,1.10844,1.10252,1.1061,31987.0,Interval.in_2_hour,22946400.0,short,short,short,short,short,short,short,short,short,short,short,short,short,short,short,short,short,short,long,long,neutral,neutral,long,short,neutral,neutral,neutral,short,short,short,short,short,short,short,short,short,short,short,short,short,short,short,short,short,short,short,short,short,short,short,short,short,short,short,short,short,short
3408,2022-09-23 12:00:00,OANDA:GBPUSD,1.11754,1.12099,1.10206,1.10266,36907.0,Interval.in_2_hour,22939200.0,short,short,short,short,short,short,short,short,short,short,short,short,short,short,short,short,short,short,long,long,neutral,neutral,long,short,short,short,short,short,short,short,short,short,short,short,short,short,short,short,short,short,short,short,short,short,short,long,short,short,short,short,short,short,short,short,short,short,short
3409,2022-09-23 10:00:00,OANDA:GBPUSD,1.12193,1.12213,1.11504,1.11754,24818.0,Interval.in_2_hour,22932000.0,short,short,short,short,short,short,short,short,short,short,short,short,short,short,short,short,short,short,long,long,neutral,neutral,long,short,short,short,short,short,short,short,short,short,short,short,short,short,short,short,short,short,short,short,short,short,short,short,short,short,short,short,short,short,short,short,short,short,short
3410,2022-09-23 08:00:00,OANDA:GBPUSD,1.12319,1.1245,1.12162,1.12193,15177.0,Interval.in_2_hour,22924800.0,short,short,short,short,short,short,short,short,short,short,short,short,short,short,short,short,short,short,long,short,short,short,long,short,short,short,neutral,short,short,short,short,short,short,short,short,short,short,short,short,short,short,short,short,short,short,short,short,short,short,short,short,short,short,short,short,short,short
3411,2022-09-23 06:00:00,OANDA:GBPUSD,1.1234,1.12398,1.12228,1.12319,10120.0,Interval.in_2_hour,22917600.0,short,short,short,short,short,short,short,short,short,short,short,short,short,short,short,short,short,short,long,short,neutral,neutral,long,short,short,neutral,neutral,short,short,short,short,short,short,short,short,long,short,short,short,short,short,short,short,short,short,short,short,short,short,short,short,short,short,short,short,short,short
3412,2022-09-23 04:00:00,OANDA:GBPUSD,1.12648,1.12696,1.12314,1.1234,10813.0,Interval.in_2_hour,22910400.0,short,short,short,short,short,short,short,short,short,short,short,short,short,short,short,short,short,short,long,short,long,neutral,long,short,neutral,neutral,neutral,short,short,short,short,short,short,short,long,long,long,long,short,short,short,short,short,short,short,short,short,short,short,short,short,short,short,short,short,short,short
3413,2022-09-23 02:00:00,OANDA:GBPUSD,1.12533,1.12741,1.12511,1.12648,8115.0,Interval.in_2_hour,22903200.0,short,short,short,short,short,short,short,short,short,short,short,short,short,short,short,short,short,short,long,short,neutral,neutral,long,short,neutral,neutral,neutral,long,short,short,short,short,short,long,long,long,long,short,short,short,short,short,short,short,short,short,short,short,short,short,short,short,short,short,short,short,short
3414,2022-09-23 00:00:00,OANDA:GBPUSD,1.12568,1.12628,1.12508,1.12533,11261.0,Interval.in_2_hour,22896000.0,short,short,short,short,short,short,short,short,short,short,short,short,short,short,short,short,short,short,long,short,neutral,neutral,long,short,neutral,neutral,neutral,short,short,short,short,short,long,long,long,long,short,short,short,short,short,short,short,short,short,long,short,short,short,short,short,short,short,short,short,short,short
3415,2022-09-22 22:00:00,OANDA:GBPUSD,1.12502,1.12659,1.12502,1.12568,9311.0,Interval.in_2_hour,22888800.0,short,short,short,short,short,short,short,short,short,short,short,short,short,short,short,short,short,short,long,short,neutral,neutral,long,short,neutral,neutral,neutral,short,short,short,short,long,long,long,long,short,short,short,short,short,short,short,short,short,short,short,long,short,short,short,short,short,short,short,short,short,short
3416,2022-09-22 20:00:00,OANDA:GBPUSD,1.12643,1.12718,1.12502,1.12502,13168.0,Interval.in_2_hour,22881600.0,short,short,short,short,short,short,short,short,short,short,short,short,short,short,short,short,short,short,long,short,neutral,neutral,long,short,short,short,short,short,short,short,long,long,long,long,short,short,short,short,short,short,short,short,short,short,short,long,long,long,short,short,short,short,short,short,short,short,short
3417,2022-09-22 18:00:00,OANDA:GBPUSD,1.1265,1.12772,1.12512,1.12643,18358.0,Interval.in_2_hour,22874400.0,short,short,short,short,short,short,short,short,short,short,short,short,short,short,short,short,short,short,long,short,neutral,neutral,long,short,short,short,neutral,short,short,long,long,long,long,short,short,short,short,short,short,short,short,short,short,short,short,short,short,short,long,short,short,short,short,short,short,short,short
3418,2022-09-22 16:00:00,OANDA:GBPUSD,1.13351,1.13356,1.12414,1.1265,32868.0,Interval.in_2_hour,22867200.0,short,short,short,short,short,short,short,short,short,short,short,short,short,short,short,short,short,short,long,short,neutral,neutral,long,short,short,neutral,neutral,long,long,long,long,long,long,short,short,short,short,short,short,short,short,short,short,short,short,short,short,short,short,short,short,short,short,short,short,short,short
3419,2022-09-22 14:00:00,OANDA:GBPUSD,1.13502,1.13539,1.12716,1.13351,37263.0,Interval.in_2_hour,22860000.0,short,short,short,short,short,short,short,short,short,short,short,short,short,short,short,short,short,short,long,short,long,long,long,short,neutral,neutral,neutral,long,long,long,long,long,long,long,long,long,long,long,long,short,short,short,short,short,short,short,short,short,short,short,short,short,short,short,short,short,short
3420,2022-09-22 12:00:00,OANDA:GBPUSD,1.13262,1.13647,1.12907,1.13502,23794.0,Interval.in_2_hour,22852800.0,short,short,short,short,short,short,short,short,short,short,short,short,short,short,short,short,short,short,long,short,neutral,neutral,long,short,long,neutral,neutral,long,long,long,long,long,long,long,long,short,long,long,short,short,short,short,short,short,short,short,short,short,short,short,short,short,short,short,short,short,short
3421,2022-09-22 10:00:00,OANDA:GBPUSD,1.12194,1.13547,1.12119,1.13262,39178.0,Interval.in_2_hour,22845600.0,short,short,short,short,short,short,short,short,short,short,short,short,short,short,short,short,short,short,long,long,short,neutral,long,short,neutral,neutral,neutral,long,long,long,short,short,short,short,short,short,short,short,short,short,short,short,short,short,short,long,long,short,short,short,short,short,short,short,short,short,short
3422,2022-09-22 08:00:00,OANDA:GBPUSD,1.1243,1.12557,1.12193,1.12194,18203.0,Interval.in_2_hour,22838400.0,short,short,short,short,short,short,short,short,short,short,short,short,short,short,short,short,short,short,long,long,short,short,long,short,neutral,neutral,neutral,short,short,short,short,short,short,short,short,short,short,short,short,short,short,short,short,short,short,long,long,long,long,long,long,long,long,long,long,long,short
3423,2022-09-22 06:00:00,OANDA:GBPUSD,1.12416,1.12456,1.12276,1.1243,15356.0,Interval.in_2_hour,22831200.0,short,short,short,short,short,short,short,short,short,short,short,short,short,short,short,short,short,short,long,long,neutral,neutral,long,short,long,neutral,neutral,short,short,short,short,short,short,short,short,short,short,short,short,short,short,short,short,short,short,short,long,long,long,long,long,long,long,long,long,short,short
3424,2022-09-22 04:00:00,OANDA:GBPUSD,1.1228,1.12549,1.12204,1.12416,20364.0,Interval.in_2_hour,22824000.0,short,short,short,short,short,short,short,short,short,short,short,short,short,short,short,short,short,short,long,long,neutral,neutral,long,short,neutral,neutral,neutral,short,short,short,short,short,short,short,short,short,short,short,short,short,short,short,short,short,short,long,short,long,long,long,long,long,long,long,long,long,short
3425,2022-09-22 02:00:00,OANDA:GBPUSD,1.12659,1.1269,1.12246,1.1228,14270.0,Interval.in_2_hour,22816800.0,long,long,short,short,short,short,short,short,short,short,short,short,short,short,short,short,short,short,long,long,neutral,neutral,long,short,short,short,neutral,short,short,short,short,short,short,short,short,short,short,short,short,short,short,short,short,short,short,long,long,short,long,long,long,long,long,long,long,long,long
3426,2022-09-22 00:00:00,OANDA:GBPUSD,1.12678,1.12807,1.12642,1.12659,6413.0,Interval.in_2_hour,22809600.0,short,short,short,short,short,short,short,short,short,short,short,short,short,short,short,short,short,short,long,long,neutral,neutral,long,short,short,neutral,neutral,short,short,short,short,short,short,short,short,short,short,short,short,short,short,short,short,short,short,short,short,short,short,long,long,long,short,short,short,short,short
3427,2022-09-21 22:00:00,OANDA:GBPUSD,1.13445,1.13526,1.12677,1.12678,24977.0,Interval.in_2_hour,22802400.0,short,short,short,short,short,short,short,short,short,short,short,short,short,short,short,short,short,short,long,long,long,long,long,short,neutral,neutral,neutral,short,short,short,short,short,short,short,short,short,short,short,short,short,short,short,short,short,short,short,short,short,short,short,long,long,long,short,short,short,short
3428,2022-09-21 20:00:00,OANDA:GBPUSD,1.1314,1.13574,1.12368,1.13445,39231.0,Interval.in_2_hour,22795200.0,short,short,short,short,short,short,short,short,short,short,short,short,short,short,short,short,short,short,long,long,neutral,neutral,long,short,neutral,neutral,neutral,short,short,short,short,short,short,short,short,short,short,short,short,short,short,short,short,short,short,short,short,short,short,short,short,short,long,short,short,short,short
3429,2022-09-21 18:00:00,OANDA:GBPUSD,1.13326,1.13376,1.13124,1.1314,13254.0,Interval.in_2_hour,22788000.0,short,short,short,short,short,short,short,short,short,short,short,short,short,short,short,short,short,short,long,long,neutral,neutral,long,short,short,neutral,neutral,short,short,short,short,short,short,short,short,short,short,short,short,short,short,short,short,short,short,long,short,short,short,short,short,short,long,long,long,short,short
3430,2022-09-21 16:00:00,OANDA:GBPUSD,1.1343,1.13506,1.13226,1.13326,21000.0,Interval.in_2_hour,22780800.0,short,short,short,short,short,short,short,short,short,short,short,short,short,short,short,short,short,short,long,long,neutral,neutral,long,short,neutral,neutral,neutral,long,short,short,short,short,short,short,short,short,short,short,short,short,short,short,short,short,short,short,long,short,short,short,short,short,short,short,long,long,short
3431,2022-09-21 14:00:00,OANDA:GBPUSD,1.13418,1.13478,1.13292,1.1343,14706.0,Interval.in_2_hour,22773600.0,short,short,short,short,short,short,short,short,short,short,short,short,short,short,short,short,short,short,long,long,neutral,neutral,long,short,long,neutral,neutral,short,short,short,short,short,short,short,short,short,short,short,short,short,short,short,short,short,short,short,short,long,short,short,short,short,short,short,short,long,short
3432,2022-09-21 12:00:00,OANDA:GBPUSD,1.13298,1.13498,1.13273,1.13418,15673.0,Interval.in_2_hour,22766400.0,short,short,short,short,short,short,short,short,short,short,short,short,short,short,short,short,short,short,long,long,neutral,neutral,long,short,neutral,neutral,neutral,short,short,short,short,short,short,short,short,short,short,short,short,short,short,short,short,short,short,long,short,short,long,short,short,short,short,short,short,short,long
3433,2022-09-21 10:00:00,OANDA:GBPUSD,1.13386,1.13612,1.13262,1.13298,23101.0,Interval.in_2_hour,22759200.0,long,long,short,short,short,short,short,short,short,short,short,short,short,short,short,short,short,short,long,long,neutral,neutral,long,short,short,short,neutral,short,short,short,short,short,short,short,short,short,short,short,short,short,short,short,short,short,short,long,long,long,short,long,short,short,short,short,short,short,short
3434,2022-09-21 08:00:00,OANDA:GBPUSD,1.13684,1.13829,1.13042,1.13386,22437.0,Interval.in_2_hour,22752000.0,short,long,short,short,short,short,short,short,short,short,short,short,short,short,short,short,short,short,long,long,neutral,neutral,long,short,short,neutral,neutral,short,short,short,short,short,short,short,short,short,short,short,short,short,short,short,short,short,short,short,long,long,short,short,long,short,short,short,short,short,short
3435,2022-09-21 06:00:00,OANDA:GBPUSD,1.13769,1.138,1.13656,1.13684,9080.0,Interval.in_2_hour,22744800.0,short,short,short,short,short,short,short,short,short,short,short,short,short,short,short,short,short,short,long,long,neutral,neutral,long,short,neutral,neutral,neutral,short,short,short,short,short,short,short,short,short,short,short,short,short,short,short,short,short,short,short,short,short,short,short,short,short,short,short,short,short,short
3436,2022-09-21 04:00:00,OANDA:GBPUSD,1.13724,1.13829,1.13658,1.13769,11737.0,Interval.in_2_hour,22737600.0,short,short,short,short,short,short,short,short,short,short,short,short,short,short,short,short,short,short,long,long,neutral,neutral,long,short,neutral,neutral,neutral,short,short,short,short,short,short,short,short,short,short,short,short,short,short,short,short,short,long,short,short,short,short,short,short,short,short,short,short,short,short
3437,2022-09-21 02:00:00,OANDA:GBPUSD,1.13752,1.13851,1.137,1.13724,9191.0,Interval.in_2_hour,22730400.0,short,short,short,short,short,short,short,short,short,short,short,short,short,short,short,short,short,short,long,long,neutral,neutral,long,short,short,neutral,neutral,short,short,short,short,short,short,short,short,short,short,short,short,short,short,short,short,long,short,long,short,short,short,short,short,short,short,short,short,short,short
3438,2022-09-21 00:00:00,OANDA:GBPUSD,1.13822,1.13822,1.1365,1.13752,8129.0,Interval.in_2_hour,22723200.0,short,short,short,short,short,short,short,short,short,short,short,short,short,short,short,short,short,short,long,long,neutral,neutral,long,short,neutral,neutral,neutral,short,short,short,short,short,short,short,short,short,short,short,short,short,short,long,long,short,short,short,long,short,short,short,short,short,short,short,short,short,short
3439,2022-09-20 22:00:00,OANDA:GBPUSD,1.13697,1.13878,1.1367,1.13822,8262.0,Interval.in_2_hour,22716000.0,short,short,short,short,short,short,short,short,short,short,short,short,short,short,short,short,short,short,long,long,neutral,neutral,long,short,neutral,neutral,neutral,short,short,short,short,short,short,short,short,short,short,short,short,short,long,long,short,short,short,short,short,short,short,short,short,short,short,short,short,short,short
3440,2022-09-20 20:00:00,OANDA:GBPUSD,1.13836,1.13838,1.13574,1.13697,14051.0,Interval.in_2_hour,22708800.0,short,short,short,short,short,short,short,short,short,short,short,short,short,short,short,short,short,short,long,long,neutral,neutral,long,short,short,short,short,short,short,short,short,short,short,short,short,short,short,short,short,long,long,short,short,short,short,long,long,long,long,short,short,short,short,short,short,short,short
3441,2022-09-20 18:00:00,OANDA:GBPUSD,1.14142,1.14186,1.13721,1.13836,14262.0,Interval.in_2_hour,22701600.0,short,short,short,short,short,short,short,short,short,short,short,short,short,short,short,short,short,short,long,long,neutral,neutral,long,short,short,short,neutral,short,short,short,short,short,short,short,short,short,short,long,long,long,long,long,short,short,short,short,short,short,short,short,short,short,short,short,short,short,short
3442,2022-09-20 16:00:00,OANDA:GBPUSD,1.1418,1.14258,1.13819,1.14142,23285.0,Interval.in_2_hour,22694400.0,short,short,short,short,short,short,short,short,short,short,short,short,short,short,short,short,short,short,long,long,long,long,long,short,short,neutral,neutral,short,short,short,short,short,short,short,short,long,long,long,long,long,long,long,short,short,short,short,short,short,short,short,short,short,short,short,short,short,short
3443,2022-09-20 14:00:00,OANDA:GBPUSD,1.14374,1.14556,1.14062,1.1418,21422.0,Interval.in_2_hour,22687200.0,short,short,short,short,short,short,short,short,short,short,short,short,short,short,short,short,short,short,long,long,neutral,neutral,long,short,neutral,neutral,neutral,short,short,short,short,short,long,long,long,long,long,long,long,long,long,long,long,long,long,short,short,short,short,short,short,short,short,short,short,short,short
3444,2022-09-20 12:00:00,OANDA:GBPUSD,1.14324,1.1442,1.14096,1.14374,16463.0,Interval.in_2_hour,22680000.0,short,short,short,short,short,short,short,short,short,short,short,short,short,short,short,short,short,short,long,long,neutral,neutral,long,short,neutral,neutral,neutral,long,long,short,short,long,long,long,long,long,long,long,long,long,long,long,long,long,long,short,short,short,short,short,short,short,short,short,short,short,short
3445,2022-09-20 10:00:00,OANDA:GBPUSD,1.1437,1.14608,1.14276,1.14324,20269.0,Interval.in_2_hour,22672800.0,short,short,short,short,short,short,short,short,short,short,short,short,short,short,short,short,short,short,long,long,long,long,long,short,neutral,neutral,neutral,long,short,short,long,long,long,long,long,long,long,long,long,long,long,long,long,long,long,long,short,short,short,short,short,short,short,short,short,short,short
3446,2022-09-20 08:00:00,OANDA:GBPUSD,1.14278,1.14497,1.14128,1.1437,13060.0,Interval.in_2_hour,22665600.0,short,short,short,short,short,short,short,short,short,short,short,short,short,short,short,short,short,short,long,long,neutral,neutral,long,short,neutral,neutral,neutral,short,short,long,long,long,long,long,long,long,long,long,long,long,long,long,long,long,long,short,long,short,short,short,short,short,short,short,short,short,short
3447,2022-09-20 06:00:00,OANDA:GBPUSD,1.1432,1.14366,1.14216,1.14278,7977.0,Interval.in_2_hour,22658400.0,short,short,short,short,short,short,short,short,short,short,short,short,short,short,short,short,short,short,long,long,neutral,neutral,long,short,neutral,neutral,neutral,short,long,long,long,long,long,long,long,long,long,long,long,long,long,long,long,long,long,long,long,long,short,short,short,short,short,short,short,short,short
3448,2022-09-20 04:00:00,OANDA:GBPUSD,1.14312,1.14368,1.14094,1.1432,10648.0,Interval.in_2_hour,22651200.0,short,short,short,short,short,short,short,short,short,short,short,short,short,short,short,short,short,short,long,long,neutral,neutral,long,short,neutral,neutral,neutral,long,long,long,long,long,long,long,long,long,long,long,long,long,long,long,long,long,long,short,long,long,long,short,short,short,short,short,short,short,short
3449,2022-09-20 02:00:00,OANDA:GBPUSD,1.14388,1.14608,1.14244,1.14312,8828.0,Interval.in_2_hour,22644000.0,short,short,short,short,short,short,short,short,short,short,short,short,short,short,short,short,short,short,long,long,long,long,long,short,neutral,neutral,neutral,long,long,long,long,long,long,long,long,long,long,long,long,long,long,long,long,long,long,long,short,long,long,long,short,short,short,short,short,short,short
3450,2022-09-20 00:00:00,OANDA:GBPUSD,1.14339,1.14424,1.143,1.14388,7422.0,Interval.in_2_hour,22636800.0,short,short,short,short,short,short,short,short,short,short,short,short,short,short,short,short,short,short,long,long,neutral,neutral,long,short,long,long,long,long,long,long,long,long,long,long,long,long,long,long,long,long,long,long,long,long,short,short,short,short,short,short,short,short,short,short,short,short,short
3451,2022-09-19 22:00:00,OANDA:GBPUSD,1.1419,1.14408,1.14188,1.14339,5452.0,Interval.in_2_hour,22629600.0,short,short,short,short,short,short,short,short,short,short,short,short,short,short,short,short,short,short,long,long,neutral,neutral,long,short,long,long,long,long,long,long,long,long,long,long,short,long,long,long,long,long,long,long,long,short,short,long,short,short,short,long,short,long,short,short,short,short,short
3452,2022-09-19 20:00:00,OANDA:GBPUSD,1.14179,1.14211,1.14085,1.1419,7131.0,Interval.in_2_hour,22622400.0,short,short,short,short,short,short,short,short,short,short,short,short,short,short,short,short,short,short,long,long,neutral,neutral,long,short,long,long,neutral,long,long,long,long,long,long,short,short,long,long,long,long,long,long,long,short,short,short,long,long,long,long,long,long,long,long,short,short,short,short
3453,2022-09-19 18:00:00,OANDA:GBPUSD,1.14099,1.1421,1.14006,1.14179,9699.0,Interval.in_2_hour,22615200.0,short,short,short,short,short,short,short,short,short,short,short,short,short,short,short,short,short,short,long,long,neutral,neutral,long,short,long,neutral,neutral,long,long,long,long,short,short,short,short,long,short,long,long,long,long,short,short,short,short,long,long,long,long,long,long,long,long,long,long,short,short
3454,2022-09-19 16:00:00,OANDA:GBPUSD,1.13717,1.14177,1.13631,1.14099,16639.0,Interval.in_2_hour,22608000.0,short,short,short,short,short,short,short,short,short,short,short,short,short,short,short,short,short,short,long,long,short,short,long,short,neutral,neutral,neutral,long,short,short,short,short,short,short,short,short,short,short,long,short,short,short,short,short,short,long,long,long,long,long,long,long,long,long,long,long,long
3455,2022-09-19 14:00:00,OANDA:GBPUSD,1.13778,1.13912,1.13708,1.13717,15780.0,Interval.in_2_hour,22600800.0,long,long,short,long,long,long,long,short,short,short,short,short,short,short,short,short,short,short,long,long,neutral,neutral,long,short,neutral,neutral,neutral,short,short,short,short,short,short,short,short,short,short,short,short,short,short,short,short,short,short,long,long,long,long,long,long,long,long,long,long,long,long
3456,2022-09-19 12:00:00,OANDA:GBPUSD,1.13658,1.13863,1.13554,1.13778,13272.0,Interval.in_2_hour,22593600.0,long,long,long,short,long,short,short,short,short,short,short,short,short,short,short,short,short,short,long,long,neutral,neutral,long,short,neutral,neutral,neutral,short,short,short,short,short,short,short,short,short,short,short,short,short,short,short,short,short,short,short,long,long,long,long,long,long,long,long,long,long,long
3457,2022-09-19 10:00:00,OANDA:GBPUSD,1.13932,1.13961,1.13649,1.13658,12676.0,Interval.in_2_hour,22586400.0,long,long,long,long,long,long,long,long,long,long,short,short,short,short,short,short,short,short,long,long,neutral,neutral,long,short,short,short,short,short,short,short,short,short,short,short,short,short,short,short,short,short,short,short,short,short,short,long,long,long,long,long,long,long,long,long,long,long,long
3458,2022-09-19 08:00:00,OANDA:GBPUSD,1.14019,1.14048,1.13846,1.13932,9737.0,Interval.in_2_hour,22579200.0,long,long,long,long,short,short,short,short,short,short,short,short,short,short,short,short,short,short,long,long,neutral,neutral,long,short,short,short,short,short,short,short,short,short,short,long,long,long,short,short,short,short,short,short,short,short,short,short,short,short,long,long,long,long,long,long,long,long,long
3459,2022-09-19 06:00:00,OANDA:GBPUSD,1.14077,1.14077,1.13984,1.14019,5556.0,Interval.in_2_hour,22572000.0,long,long,long,long,long,short,short,short,short,short,short,short,short,short,short,short,short,short,long,long,neutral,neutral,long,short,short,short,neutral,short,short,long,short,short,long,long,long,short,short,short,short,short,short,short,short,short,short,short,short,short,short,long,long,long,long,long,long,long,long
3460,2022-09-19 04:00:00,OANDA:GBPUSD,1.14247,1.14284,1.13946,1.14077,10182.0,Interval.in_2_hour,22564800.0,long,long,long,long,long,long,short,short,short,short,short,short,short,short,short,short,short,short,long,long,neutral,neutral,long,short,short,neutral,neutral,long,long,long,long,long,long,long,short,short,short,short,short,short,short,short,short,short,short,short,short,short,short,short,long,long,long,long,long,long,long
3461,2022-09-19 02:00:00,OANDA:GBPUSD,1.14292,1.14426,1.14216,1.14247,9552.0,Interval.in_2_hour,22557600.0,long,long,long,long,long,short,short,short,short,short,short,short,short,short,short,short,short,short,long,long,neutral,neutral,long,short,neutral,neutral,neutral,long,long,long,long,long,long,short,short,short,short,short,short,short,short,short,short,short,short,short,short,short,short,short,short,short,short,short,long,long,long
3462,2022-09-19 00:00:00,OANDA:GBPUSD,1.14196,1.14306,1.14128,1.14292,3123.0,Interval.in_2_hour,22550400.0,long,long,short,long,long,long,short,short,short,short,short,short,short,short,short,short,short,short,long,long,neutral,neutral,long,short,long,long,neutral,long,long,long,long,long,short,short,short,short,short,short,short,short,short,short,short,short,short,short,short,short,short,short,short,short,short,short,short,long,long
3463,2022-09-16 22:00:00,OANDA:GBPUSD,1.14116,1.14267,1.14113,1.14196,9457.0,Interval.in_2_hour,22370400.0,long,long,long,long,long,long,long,short,short,short,short,short,short,short,short,short,short,short,long,long,neutral,neutral,long,short,long,neutral,neutral,long,long,long,long,short,short,short,short,short,short,short,short,short,short,short,short,short,short,long,long,short,short,short,short,short,short,short,short,short,long
3464,2022-09-16 20:00:00,OANDA:GBPUSD,1.13972,1.14147,1.13863,1.14116,11918.0,Interval.in_2_hour,22363200.0,long,long,long,long,long,long,long,long,long,long,short,short,short,short,short,short,short,short,long,long,neutral,neutral,long,short,neutral,neutral,neutral,long,long,long,short,short,short,short,short,short,short,short,short,short,short,short,short,short,short,long,long,long,short,short,short,short,short,short,short,long,long
3465,2022-09-16 18:00:00,OANDA:GBPUSD,1.14314,1.14386,1.13875,1.13972,19006.0,Interval.in_2_hour,22356000.0,long,long,long,long,long,long,long,long,long,long,long,short,short,short,short,short,short,short,long,long,neutral,neutral,long,short,neutral,neutral,neutral,long,long,short,short,short,short,short,short,short,short,short,short,short,short,short,short,short,short,long,long,long,long,long,long,short,short,short,short,long,long
3466,2022-09-16 16:00:00,OANDA:GBPUSD,1.13784,1.14468,1.13763,1.14314,30013.0,Interval.in_2_hour,22348800.0,short,short,long,long,short,long,short,long,long,long,short,short,short,short,short,short,short,short,long,long,short,short,long,short,neutral,neutral,neutral,long,short,short,short,short,short,short,short,short,short,short,short,short,short,short,short,short,short,short,short,short,short,short,short,short,short,short,short,short,short
3467,2022-09-16 14:00:00,OANDA:GBPUSD,1.14043,1.14136,1.13762,1.13784,19198.0,Interval.in_2_hour,22341600.0,long,long,long,long,long,long,long,long,long,long,long,long,long,long,short,long,short,short,long,long,neutral,neutral,long,short,neutral,neutral,neutral,short,short,short,short,short,short,short,short,short,short,short,short,short,short,short,short,short,short,long,long,long,long,long,long,long,long,long,short,short,short
3468,2022-09-16 12:00:00,OANDA:GBPUSD,1.13706,1.14132,1.13706,1.14043,16228.0,Interval.in_2_hour,22334400.0,short,long,long,long,long,long,long,long,long,long,long,long,long,long,short,short,short,short,long,long,neutral,neutral,long,short,neutral,neutral,neutral,short,short,short,short,short,short,short,short,short,short,short,short,short,short,short,short,short,short,short,long,short,long,long,long,long,long,short,short,short,short
3469,2022-09-16 10:00:00,OANDA:GBPUSD,1.14196,1.14308,1.13508,1.13706,24928.0,Interval.in_2_hour,22327200.0,long,long,long,long,long,long,long,long,long,long,long,long,long,long,long,long,short,long,long,long,neutral,neutral,long,short,short,neutral,neutral,short,short,short,short,short,short,short,short,short,short,short,short,short,short,short,short,short,short,long,long,long,long,long,long,long,long,long,long,long,short
3470,2022-09-16 08:00:00,OANDA:GBPUSD,1.14654,1.14654,1.14086,1.14196,13959.0,Interval.in_2_hour,22320000.0,short,short,short,short,short,short,long,long,long,long,long,long,long,long,short,short,short,short,long,long,neutral,neutral,long,short,neutral,neutral,neutral,short,short,short,short,short,short,short,short,short,short,short,short,short,short,short,short,short,short,short,short,short,long,short,short,long,long,long,short,short,short
3471,2022-09-16 06:00:00,OANDA:GBPUSD,1.14603,1.1472,1.1458,1.14654,7672.0,Interval.in_2_hour,22312800.0,short,short,short,short,short,short,short,short,short,short,short,short,short,short,short,short,short,short,long,long,neutral,neutral,long,short,neutral,neutral,neutral,short,short,short,short,short,short,short,short,short,short,short,short,short,short,short,short,short,short,short,short,short,short,short,short,short,short,short,short,short,short
3472,2022-09-16 04:00:00,OANDA:GBPUSD,1.14708,1.14808,1.14547,1.14603,9666.0,Interval.in_2_hour,22305600.0,short,short,short,short,short,short,short,short,short,short,short,short,short,short,short,short,short,short,long,long,neutral,neutral,long,short,neutral,neutral,neutral,short,short,short,short,short,short,short,short,short,short,short,short,short,short,short,short,short,short,long,short,short,short,short,short,short,short,short,short,short,short
3473,2022-09-16 02:00:00,OANDA:GBPUSD,1.14625,1.14786,1.1451,1.14708,8026.0,Interval.in_2_hour,22298400.0,short,short,short,short,short,short,short,short,short,short,short,short,short,short,short,short,short,short,long,long,neutral,neutral,long,short,neutral,neutral,neutral,short,short,short,short,short,short,short,short,short,short,short,short,short,short,short,short,short,short,short,short,short,short,short,short,short,short,short,short,short,short
3474,2022-09-16 00:00:00,OANDA:GBPUSD,1.1469,1.14726,1.14602,1.14625,5061.0,Interval.in_2_hour,22291200.0,short,short,short,short,short,short,short,short,short,short,short,short,short,short,short,short,short,short,long,long,neutral,neutral,long,short,neutral,neutral,neutral,short,short,short,short,short,short,short,short,short,short,short,short,short,short,short,short,short,short,long,short,long,short,short,short,short,short,short,short,short,short
3475,2022-09-15 22:00:00,OANDA:GBPUSD,1.14658,1.14735,1.14618,1.1469,8787.0,Interval.in_2_hour,22284000.0,short,short,short,short,short,short,short,short,short,short,short,short,short,short,short,short,short,short,long,long,neutral,neutral,long,short,neutral,neutral,neutral,short,short,short,short,short,short,short,short,short,short,short,short,short,short,short,short,short,short,short,long,short,short,short,short,short,short,short,short,short,short
3476,2022-09-15 20:00:00,OANDA:GBPUSD,1.14812,1.1499,1.14658,1.14658,11930.0,Interval.in_2_hour,22276800.0,short,short,short,short,short,short,short,short,short,short,short,short,short,short,short,short,short,short,long,long,neutral,neutral,long,short,short,short,neutral,short,short,short,short,short,short,short,short,short,short,short,short,short,short,short,short,short,short,long,short,long,short,short,short,short,short,short,short,short,short
3477,2022-09-15 18:00:00,OANDA:GBPUSD,1.14907,1.15032,1.14632,1.14812,15420.0,Interval.in_2_hour,22269600.0,short,short,short,short,short,short,short,short,short,short,short,short,short,short,short,short,short,short,long,long,neutral,neutral,long,short,short,neutral,neutral,short,short,short,short,short,short,short,short,short,short,short,short,short,short,short,short,short,short,short,short,short,short,short,short,short,short,short,short,short,short
3478,2022-09-15 16:00:00,OANDA:GBPUSD,1.15092,1.15176,1.14763,1.14907,25057.0,Interval.in_2_hour,22262400.0,short,short,short,short,short,short,short,short,short,short,short,short,short,short,short,short,short,short,long,long,neutral,neutral,long,short,neutral,neutral,neutral,short,short,short,short,short,short,short,short,short,short,short,short,short,short,short,short,long,long,short,short,short,short,short,short,short,short,short,short,short,short
3479,2022-09-15 14:00:00,OANDA:GBPUSD,1.15046,1.15194,1.14718,1.15092,20573.0,Interval.in_2_hour,22255200.0,short,short,short,short,short,short,short,short,short,short,short,short,short,short,short,short,short,short,long,long,short,short,long,short,neutral,neutral,neutral,short,short,short,short,short,short,short,short,short,short,short,short,long,short,long,long,long,long,short,short,short,short,short,short,short,short,short,short,short,short
3480,2022-09-15 12:00:00,OANDA:GBPUSD,1.15282,1.15282,1.14874,1.15046,15285.0,Interval.in_2_hour,22248000.0,short,short,short,short,short,short,short,short,short,short,short,short,short,short,short,short,short,short,long,long,long,neutral,long,short,neutral,neutral,neutral,short,short,short,short,short,short,short,short,short,short,long,long,long,long,long,long,long,long,long,short,short,short,short,short,short,short,short,short,short,short
3481,2022-09-15 10:00:00,OANDA:GBPUSD,1.1521,1.15384,1.15156,1.15282,17620.0,Interval.in_2_hour,22240800.0,short,short,short,short,short,short,short,short,short,short,short,short,short,short,short,short,short,short,long,long,neutral,neutral,long,short,neutral,neutral,neutral,short,short,short,short,short,short,short,short,short,long,long,long,long,long,long,long,long,short,short,short,short,short,short,short,short,short,short,short,short,short
3482,2022-09-15 08:00:00,OANDA:GBPUSD,1.15252,1.15254,1.15062,1.1521,11467.0,Interval.in_2_hour,22233600.0,short,short,short,short,short,short,short,short,short,short,short,short,short,short,short,short,short,short,long,long,neutral,neutral,long,short,short,short,short,short,short,short,short,short,short,short,short,long,long,long,long,long,long,long,long,short,short,long,short,short,short,short,short,short,short,short,short,short,short
3483,2022-09-15 06:00:00,OANDA:GBPUSD,1.15296,1.15371,1.15203,1.15252,7795.0,Interval.in_2_hour,22226400.0,short,short,short,short,short,short,short,short,short,short,short,short,short,short,short,short,short,short,long,long,neutral,neutral,long,short,short,short,neutral,short,short,short,short,short,short,short,long,long,long,long,long,long,long,long,short,short,short,short,long,short,short,short,short,short,short,short,short,short,short
3484,2022-09-15 04:00:00,OANDA:GBPUSD,1.15341,1.15482,1.15231,1.15296,10330.0,Interval.in_2_hour,22219200.0,short,short,short,short,short,short,short,short,short,short,short,short,short,short,short,short,short,short,long,long,short,short,long,short,short,neutral,neutral,short,short,short,short,short,short,long,long,long,long,long,long,long,long,short,short,short,short,short,short,short,short,short,short,short,short,short,short,short,short
3485,2022-09-15 02:00:00,OANDA:GBPUSD,1.15464,1.15464,1.15279,1.15341,7891.0,Interval.in_2_hour,22212000.0,short,short,short,short,short,short,short,short,short,short,short,short,short,short,short,short,short,short,long,long,long,long,long,short,neutral,neutral,neutral,short,short,short,short,short,long,long,long,long,long,long,long,long,long,short,short,short,short,short,short,short,short,short,short,short,short,short,short,short,short
3486,2022-09-15 00:00:00,OANDA:GBPUSD,1.15398,1.15496,1.1539,1.15464,3002.0,Interval.in_2_hour,22204800.0,short,short,short,short,short,short,short,short,short,short,short,short,short,short,short,short,short,short,long,long,short,short,long,short,neutral,neutral,neutral,short,short,short,short,long,long,long,long,long,long,long,long,long,short,short,short,short,short,short,short,short,short,short,short,short,short,short,short,short,short
3487,2022-09-14 22:00:00,OANDA:GBPUSD,1.15402,1.15434,1.15265,1.15398,7769.0,Interval.in_2_hour,22197600.0,short,short,short,short,short,short,short,short,short,short,short,short,short,short,short,short,short,short,long,long,neutral,neutral,long,short,short,short,neutral,short,short,short,long,long,long,long,long,long,long,long,long,short,short,short,short,short,short,long,short,short,short,short,short,short,short,short,short,short,short
3488,2022-09-14 20:00:00,OANDA:GBPUSD,1.15655,1.15706,1.15402,1.15402,13112.0,Interval.in_2_hour,22190400.0,short,short,short,short,short,short,short,short,short,short,short,short,short,short,short,short,short,short,long,long,neutral,neutral,long,short,short,neutral,neutral,short,long,long,long,long,long,long,long,long,long,long,long,short,short,short,short,short,short,short,long,short,short,short,short,short,short,short,short,short,short
3489,2022-09-14 18:00:00,OANDA:GBPUSD,1.15798,1.159,1.15594,1.15655,16796.0,Interval.in_2_hour,22183200.0,short,short,short,short,short,short,short,short,short,short,short,short,short,short,short,short,short,short,long,long,neutral,neutral,long,short,neutral,neutral,neutral,long,long,long,long,long,long,long,long,long,long,long,short,short,short,short,short,short,short,short,short,short,short,short,short,short,short,short,short,short,short
3490,2022-09-14 16:00:00,OANDA:GBPUSD,1.15568,1.15845,1.15394,1.15798,28871.0,Interval.in_2_hour,22176000.0,short,short,short,short,short,short,short,short,short,short,short,short,short,short,short,short,short,short,long,long,neutral,neutral,long,short,neutral,neutral,neutral,long,long,long,long,long,long,long,long,long,long,short,short,short,short,short,short,short,short,short,short,short,short,short,short,short,short,short,short,short,short
3491,2022-09-14 14:00:00,OANDA:GBPUSD,1.15592,1.1569,1.15337,1.15568,25465.0,Interval.in_2_hour,22168800.0,short,short,short,short,short,short,short,short,short,short,short,short,short,short,short,short,short,short,long,long,neutral,neutral,long,short,neutral,neutral,neutral,long,long,long,long,long,long,long,long,long,short,short,short,short,short,short,short,short,short,long,long,short,short,short,short,short,short,short,short,short,short
3492,2022-09-14 12:00:00,OANDA:GBPUSD,1.15384,1.15727,1.15328,1.15592,20531.0,Interval.in_2_hour,22161600.0,short,short,short,short,short,short,short,short,short,short,short,short,short,short,short,short,short,short,long,long,neutral,neutral,long,short,long,neutral,neutral,long,long,long,long,long,long,long,long,short,short,short,short,short,short,short,short,short,short,short,long,long,short,short,short,short,short,short,short,short,short
3493,2022-09-14 10:00:00,OANDA:GBPUSD,1.14847,1.15524,1.14824,1.15384,27074.0,Interval.in_2_hour,22154400.0,short,short,short,short,short,short,short,short,short,short,short,short,short,short,short,short,short,short,long,long,short,short,long,short,neutral,neutral,neutral,long,long,long,long,short,short,short,short,short,short,short,short,short,short,short,short,short,short,long,long,long,long,long,long,long,short,short,short,short,short
3494,2022-09-14 08:00:00,OANDA:GBPUSD,1.15214,1.15321,1.14802,1.14847,16892.0,Interval.in_2_hour,22147200.0,long,long,long,long,short,short,short,short,short,short,short,short,short,short,short,short,short,short,long,long,neutral,neutral,long,short,neutral,neutral,neutral,long,long,long,short,short,short,short,short,short,short,short,short,short,short,short,short,short,short,long,long,long,long,long,long,long,long,long,long,long,long
3495,2022-09-14 06:00:00,OANDA:GBPUSD,1.15072,1.15302,1.15002,1.15214,10153.0,Interval.in_2_hour,22140000.0,short,long,short,short,short,short,short,short,short,short,short,short,short,short,short,short,short,short,long,long,neutral,neutral,long,short,long,long,neutral,long,long,long,short,short,short,short,short,short,short,short,short,short,short,short,short,short,short,short,long,long,long,long,long,long,long,long,long,long,long
3496,2022-09-14 04:00:00,OANDA:GBPUSD,1.15022,1.15118,1.14878,1.15072,12688.0,Interval.in_2_hour,22132800.0,long,long,long,short,long,short,short,short,short,short,short,short,short,short,short,short,short,short,long,long,neutral,neutral,long,short,long,neutral,neutral,long,short,short,short,short,short,short,short,short,short,short,short,short,short,short,short,short,short,long,short,long,long,long,long,long,long,long,long,long,long
3497,2022-09-14 02:00:00,OANDA:GBPUSD,1.1491,1.15126,1.14843,1.15022,12247.0,Interval.in_2_hour,22125600.0,long,long,long,long,long,long,short,short,short,short,short,short,short,short,short,short,short,short,long,long,short,short,long,short,neutral,neutral,neutral,short,short,short,short,short,short,short,short,short,short,short,short,short,short,short,short,short,short,long,long,short,long,long,long,long,long,long,long,long,long
3498,2022-09-14 00:00:00,OANDA:GBPUSD,1.14933,1.15008,1.1482,1.1491,6964.0,Interval.in_2_hour,22118400.0,long,long,long,long,long,long,long,short,short,short,short,short,short,short,short,short,short,short,long,long,neutral,neutral,long,short,short,short,short,short,short,short,short,short,short,short,short,short,short,short,short,short,short,short,short,short,short,long,long,long,short,long,long,long,long,long,long,long,long
3499,2022-09-13 22:00:00,OANDA:GBPUSD,1.15026,1.1505,1.14926,1.14933,8301.0,Interval.in_2_hour,22111200.0,long,long,long,long,long,long,long,long,short,short,short,short,short,short,short,short,short,short,long,long,neutral,neutral,long,short,short,short,short,short,short,short,short,short,short,short,short,short,short,short,short,short,short,short,short,short,short,short,long,long,long,short,long,long,long,long,long,long,long
3500,2022-09-13 20:00:00,OANDA:GBPUSD,1.15243,1.15372,1.15,1.15026,15509.0,Interval.in_2_hour,22104000.0,long,long,long,long,long,long,long,long,long,short,short,short,short,short,short,short,short,short,long,long,neutral,neutral,long,short,short,short,short,short,short,short,short,short,short,short,short,short,short,short,short,short,short,short,short,short,short,short,short,short,long,long,short,long,long,long,long,long,long
3501,2022-09-13 18:00:00,OANDA:GBPUSD,1.1542,1.15486,1.15154,1.15243,18857.0,Interval.in_2_hour,22096800.0,long,long,long,long,long,long,short,long,short,short,short,short,short,short,short,short,short,short,long,long,neutral,neutral,long,short,short,short,neutral,short,short,short,short,short,short,short,short,short,short,short,short,short,short,short,short,short,short,short,short,short,short,short,short,short,long,long,long,long,long
3502,2022-09-13 16:00:00,OANDA:GBPUSD,1.15556,1.15848,1.15316,1.1542,33087.0,Interval.in_2_hour,22089600.0,long,short,short,long,short,short,short,short,short,short,short,short,short,short,short,short,short,short,long,long,neutral,neutral,long,short,short,neutral,neutral,short,short,short,short,short,short,short,short,short,short,short,short,short,short,short,short,short,short,short,short,short,short,short,short,short,short,short,long,long,long
3503,2022-09-13 14:00:00,OANDA:GBPUSD,1.17314,1.17384,1.15534,1.15556,27742.0,Interval.in_2_hour,22082400.0,long,long,short,short,short,short,short,short,short,short,short,short,short,short,short,short,short,short,long,long,long,neutral,long,short,neutral,neutral,neutral,short,short,short,short,short,short,short,short,short,short,short,short,long,long,long,long,long,long,short,short,short,short,short,short,short,short,short,short,long,long
3504,2022-09-13 12:00:00,OANDA:GBPUSD,1.17144,1.17322,1.17006,1.17314,15178.0,Interval.in_2_hour,22075200.0,short,short,short,short,short,short,short,short,short,short,short,short,short,short,short,short,short,short,long,short,long,long,long,short,long,long,neutral,long,long,long,long,long,long,long,long,long,long,long,long,long,long,long,long,long,long,short,short,short,short,short,short,short,short,short,short,short,short
3505,2022-09-13 10:00:00,OANDA:GBPUSD,1.17129,1.17326,1.17028,1.17144,16382.0,Interval.in_2_hour,22068000.0,short,short,short,short,short,short,short,short,short,short,short,short,short,short,short,short,short,short,long,short,neutral,neutral,long,short,long,neutral,neutral,long,long,long,long,long,long,long,long,long,long,long,long,long,long,long,long,long,long,long,short,short,short,short,short,short,short,short,short,short,short
3506,2022-09-13 08:00:00,OANDA:GBPUSD,1.1682,1.17286,1.168,1.17129,13387.0,Interval.in_2_hour,22060800.0,short,short,short,short,short,short,short,short,short,short,short,short,short,short,short,short,short,short,long,short,neutral,neutral,long,short,neutral,neutral,neutral,long,long,long,long,short,short,long,long,long,long,long,long,long,long,long,long,long,long,long,long,short,short,short,short,short,short,short,short,short,short
3507,2022-09-13 06:00:00,OANDA:GBPUSD,1.16896,1.16946,1.16794,1.1682,6960.0,Interval.in_2_hour,22053600.0,short,short,short,short,short,short,short,short,short,short,short,short,short,short,short,short,short,short,long,short,neutral,neutral,long,short,short,neutral,neutral,long,long,short,short,short,short,short,long,long,long,long,long,long,long,long,long,long,long,long,long,long,short,short,short,short,short,short,short,short,short
3508,2022-09-13 04:00:00,OANDA:GBPUSD,1.16951,1.16983,1.16804,1.16896,10089.0,Interval.in_2_hour,22046400.0,short,short,short,short,short,short,short,short,short,short,short,short,short,short,short,short,short,short,long,short,neutral,neutral,long,short,neutral,neutral,neutral,long,short,short,short,long,long,long,long,long,long,long,long,long,long,long,long,long,long,short,long,long,long,short,short,short,short,short,short,short,short
3509,2022-09-13 02:00:00,OANDA:GBPUSD,1.1683,1.17062,1.16813,1.16951,7742.0,Interval.in_2_hour,22039200.0,short,short,short,short,short,short,short,short,short,short,short,short,short,short,short,short,short,short,short,short,neutral,neutral,long,short,long,long,neutral,short,short,short,long,long,long,long,long,long,long,long,long,long,long,long,long,long,long,short,short,long,long,long,short,short,short,short,short,short,short
3510,2022-09-13 00:00:00,OANDA:GBPUSD,1.16826,1.16858,1.16794,1.1683,4938.0,Interval.in_2_hour,22032000.0,short,short,short,short,short,short,short,short,short,short,short,short,short,short,short,short,short,short,short,short,neutral,neutral,long,short,long,neutral,neutral,short,short,short,short,long,long,long,long,long,long,long,long,long,long,long,long,long,long,long,long,short,long,long,long,short,short,short,short,short,short
3511,2022-09-12 22:00:00,OANDA:GBPUSD,1.16788,1.1684,1.16758,1.16826,5276.0,Interval.in_2_hour,22024800.0,short,short,short,short,short,short,short,short,short,short,short,short,short,short,short,short,short,short,short,short,neutral,neutral,long,short,neutral,neutral,neutral,short,short,short,long,long,long,long,long,long,long,long,long,long,long,long,long,long,long,long,long,long,short,long,long,long,short,short,short,short,short
3512,2022-09-12 20:00:00,OANDA:GBPUSD,1.1709,1.17093,1.16757,1.16788,9890.0,Interval.in_2_hour,22017600.0,short,short,short,short,short,short,short,short,short,short,short,short,short,short,short,short,short,short,short,short,neutral,neutral,long,short,neutral,neutral,neutral,long,long,long,long,long,long,long,long,long,long,long,long,long,long,long,long,long,long,long,long,long,long,long,long,long,long,short,short,short,short
3513,2022-09-12 18:00:00,OANDA:GBPUSD,1.17032,1.1709,1.169,1.1709,12778.0,Interval.in_2_hour,22010400.0,short,short,short,short,short,short,short,short,short,short,short,short,short,short,short,short,short,short,long,short,neutral,neutral,long,short,long,long,neutral,long,long,long,long,long,long,long,long,long,long,long,long,long,long,long,long,long,long,short,short,short,short,short,short,long,long,long,short,short,short
3514,2022-09-12 16:00:00,OANDA:GBPUSD,1.1692,1.17108,1.16638,1.17032,20472.0,Interval.in_2_hour,22003200.0,short,short,short,short,short,short,short,short,short,short,short,short,short,short,short,short,short,short,long,short,neutral,neutral,long,short,long,neutral,neutral,long,long,long,long,long,long,long,long,long,long,long,long,long,long,long,long,long,long,long,short,short,short,short,short,short,long,long,long,short,short
3515,2022-09-12 14:00:00,OANDA:GBPUSD,1.1682,1.17044,1.16722,1.1692,18493.0,Interval.in_2_hour,21996000.0,short,short,short,short,short,short,short,short,short,short,short,short,short,short,short,short,short,short,long,short,neutral,neutral,long,short,neutral,neutral,neutral,long,long,long,long,long,long,long,long,long,long,long,long,long,long,long,long,long,long,long,long,short,short,short,long,short,short,long,long,long,short
3516,2022-09-12 12:00:00,OANDA:GBPUSD,1.16916,1.16958,1.16632,1.1682,17509.0,Interval.in_2_hour,21988800.0,short,short,short,short,short,short,short,short,short,short,short,short,short,short,short,short,short,short,short,short,neutral,neutral,long,short,neutral,neutral,neutral,long,long,long,long,long,long,long,long,long,long,long,long,long,long,long,long,long,long,long,long,long,short,long,long,long,long,long,long,long,long
3517,2022-09-12 10:00:00,OANDA:GBPUSD,1.16572,1.17004,1.16502,1.16916,25067.0,Interval.in_2_hour,21981600.0,long,short,short,short,short,short,short,short,short,short,short,short,short,short,short,short,short,short,short,short,neutral,neutral,long,short,long,neutral,neutral,long,long,long,long,long,long,long,long,long,long,long,long,long,long,long,long,long,long,short,long,long,long,short,short,short,long,short,short,long,long
3518,2022-09-12 08:00:00,OANDA:GBPUSD,1.1605,1.16577,1.16048,1.16572,14297.0,Interval.in_2_hour,21974400.0,long,long,short,short,short,short,short,short,short,short,short,short,short,short,short,short,short,short,long,short,short,neutral,long,short,neutral,neutral,neutral,long,long,long,long,long,long,long,long,long,long,long,long,long,long,long,long,long,long,long,long,long,long,long,long,long,long,long,long,long,long
3519,2022-09-12 06:00:00,OANDA:GBPUSD,1.16119,1.16202,1.16008,1.1605,7984.0,Interval.in_2_hour,21967200.0,long,long,long,short,short,short,short,short,short,short,short,short,short,short,short,short,short,short,long,short,long,long,long,short,neutral,neutral,neutral,long,long,long,long,long,long,short,short,long,long,long,long,long,long,long,long,long,long,long,long,long,long,long,long,long,long,long,long,long,long
3520,2022-09-12 04:00:00,OANDA:GBPUSD,1.16118,1.16292,1.16076,1.16119,9642.0,Interval.in_2_hour,21960000.0,long,long,long,long,short,short,short,short,short,short,short,short,short,short,short,short,short,short,long,short,neutral,neutral,long,short,long,long,long,long,long,long,long,long,short,short,long,long,long,long,long,long,long,long,long,long,long,short,long,long,long,long,long,long,long,long,long,long,long
3521,2022-09-12 02:00:00,OANDA:GBPUSD,1.16109,1.16248,1.16028,1.16118,8745.0,Interval.in_2_hour,21952800.0,long,long,long,long,long,short,short,short,short,short,short,short,short,short,short,short,short,short,long,short,neutral,neutral,long,short,long,long,neutral,long,long,long,long,short,short,long,long,long,long,long,long,long,long,long,long,long,long,long,short,long,long,long,long,long,long,long,long,long,long
3522,2022-09-12 00:00:00,OANDA:GBPUSD,1.15911,1.16384,1.15911,1.16109,5387.0,Interval.in_2_hour,21945600.0,long,long,long,long,long,long,short,short,short,short,short,short,short,short,short,short,short,short,short,short,neutral,neutral,long,short,long,neutral,neutral,long,long,long,short,short,long,long,long,long,long,long,long,long,long,long,long,long,long,long,long,short,long,long,long,long,long,long,long,long,long
3523,2022-09-09 22:00:00,OANDA:GBPUSD,1.15888,1.15984,1.1584,1.15911,5555.0,Interval.in_2_hour,21765600.0,long,long,long,long,long,long,long,short,short,short,short,short,short,short,short,short,short,short,short,short,neutral,neutral,long,short,neutral,neutral,neutral,long,short,short,short,short,long,long,long,long,long,long,long,long,long,long,long,long,long,long,long,long,long,long,long,long,long,long,long,long,long
3524,2022-09-09 20:00:00,OANDA:GBPUSD,1.16016,1.16016,1.15806,1.15888,9545.0,Interval.in_2_hour,21758400.0,long,long,long,long,long,long,long,long,short,short,short,short,short,short,short,short,short,short,short,short,neutral,neutral,long,short,neutral,neutral,neutral,long,short,short,long,long,long,long,long,long,long,long,long,long,long,long,long,long,long,long,long,long,long,long,long,long,long,long,long,long,long
3525,2022-09-09 18:00:00,OANDA:GBPUSD,1.15828,1.16022,1.1574,1.16016,15416.0,Interval.in_2_hour,21751200.0,long,long,long,long,long,long,long,long,long,short,short,short,short,short,short,short,short,short,short,short,neutral,neutral,long,short,long,neutral,neutral,short,short,short,long,long,long,long,long,long,long,long,long,long,long,long,long,long,long,short,short,long,long,long,long,long,long,long,long,long,long
3526,2022-09-09 16:00:00,OANDA:GBPUSD,1.15756,1.1598,1.15674,1.15828,24748.0,Interval.in_2_hour,21744000.0,long,long,long,long,long,long,long,long,long,long,short,short,short,short,short,short,short,short,short,short,neutral,neutral,long,short,neutral,neutral,neutral,short,short,long,long,long,long,long,long,long,long,long,long,long,long,long,long,long,long,long,long,long,long,long,long,long,long,long,long,long,long
3527,2022-09-09 14:00:00,OANDA:GBPUSD,1.16134,1.1617,1.1551,1.15756,21956.0,Interval.in_2_hour,21736800.0,long,long,long,long,long,long,long,long,long,long,long,short,short,short,short,short,short,short,short,short,long,neutral,long,short,short,neutral,neutral,short,long,long,long,long,long,long,long,long,long,long,long,long,long,long,long,long,long,long,long,long,long,long,long,long,long,long,long,long,long
3528,2022-09-09 12:00:00,OANDA:GBPUSD,1.16296,1.1631,1.16034,1.16134,17489.0,Interval.in_2_hour,21729600.0,long,long,long,long,long,long,long,long,long,long,long,long,short,short,short,short,short,short,short,short,neutral,neutral,long,short,neutral,neutral,neutral,long,long,long,long,long,long,long,long,long,long,long,long,long,long,long,long,long,long,short,short,short,short,short,short,short,short,short,long,long,long
3529,2022-09-09 10:00:00,OANDA:GBPUSD,1.16018,1.16481,1.1595,1.16296,22930.0,Interval.in_2_hour,21722400.0,long,long,long,long,long,long,long,long,long,long,long,long,long,short,short,short,short,short,short,short,neutral,neutral,long,short,long,long,long,long,long,long,long,long,long,long,long,long,long,long,long,long,long,long,long,long,long,short,short,short,short,short,short,short,short,short,short,long,long
3530,2022-09-09 08:00:00,OANDA:GBPUSD,1.1588,1.16023,1.15784,1.16018,15299.0,Interval.in_2_hour,21715200.0,long,long,long,long,long,long,long,long,long,long,long,long,long,long,short,short,short,short,short,short,neutral,neutral,long,short,long,long,long,long,long,long,long,long,long,long,long,long,long,long,long,long,long,long,long,long,long,long,long,short,short,short,short,short,long,long,long,long,long
3531,2022-09-09 06:00:00,OANDA:GBPUSD,1.1566,1.15962,1.15636,1.1588,16468.0,Interval.in_2_hour,21708000.0,long,long,long,long,long,long,long,long,long,long,long,long,long,long,long,short,short,short,long,short,neutral,neutral,long,short,long,long,long,long,long,long,long,long,long,long,long,long,long,long,long,long,long,long,long,long,long,long,long,long,short,short,long,long,long,long,long,long,long
3532,2022-09-09 04:00:00,OANDA:GBPUSD,1.15432,1.15728,1.15407,1.1566,12668.0,Interval.in_2_hour,21700800.0,long,long,long,long,long,long,long,long,long,long,long,long,long,long,long,long,short,short,long,short,neutral,neutral,long,short,long,long,long,long,long,long,long,long,long,long,long,long,long,long,long,long,long,long,long,long,long,long,long,long,long,long,long,long,long,long,long,long,long
3533,2022-09-09 02:00:00,OANDA:GBPUSD,1.15122,1.15524,1.15102,1.15432,10137.0,Interval.in_2_hour,21693600.0,long,long,long,long,long,long,long,long,long,long,long,long,long,long,long,long,long,long,long,long,neutral,neutral,long,short,long,long,long,long,long,long,long,long,long,long,long,long,long,short,long,long,long,long,long,long,long,long,long,long,long,long,long,long,long,long,long,long,long
3534,2022-09-09 00:00:00,OANDA:GBPUSD,1.1502,1.15134,1.14989,1.15122,8531.0,Interval.in_2_hour,21686400.0,long,long,long,long,long,long,long,long,long,long,long,long,long,long,long,long,long,long,long,long,neutral,neutral,long,short,long,long,neutral,long,long,short,short,long,long,long,short,short,short,short,long,long,long,long,long,long,long,long,long,long,long,long,long,long,long,long,long,long,long
3535,2022-09-08 22:00:00,OANDA:GBPUSD,1.14976,1.15062,1.14944,1.1502,8042.0,Interval.in_2_hour,21679200.0,long,long,long,long,long,long,long,long,long,long,long,long,long,long,long,long,long,long,long,long,neutral,neutral,long,short,long,neutral,neutral,long,short,short,short,short,short,short,short,short,short,long,long,long,long,long,long,long,long,long,long,long,long,long,long,long,long,long,long,long,long
3536,2022-09-08 20:00:00,OANDA:GBPUSD,1.14816,1.1517,1.14788,1.14976,18019.0,Interval.in_2_hour,21672000.0,long,long,long,long,long,long,long,long,long,long,long,long,long,long,long,long,long,long,long,long,neutral,neutral,long,short,neutral,neutral,neutral,short,short,short,short,short,short,short,short,short,short,long,long,long,long,short,long,long,long,long,long,long,long,long,long,long,long,long,long,long,long
3537,2022-09-08 18:00:00,OANDA:GBPUSD,1.14906,1.15102,1.14627,1.14816,23437.0,Interval.in_2_hour,21664800.0,long,long,long,long,long,long,long,long,long,long,long,long,long,long,long,long,long,long,long,long,neutral,neutral,long,short,short,short,neutral,short,short,short,short,short,short,short,short,short,long,long,long,long,short,short,long,long,short,long,long,long,long,long,long,long,long,long,long,long,long
3538,2022-09-08 16:00:00,OANDA:GBPUSD,1.15029,1.15164,1.14605,1.14906,39500.0,Interval.in_2_hour,21657600.0,long,long,long,long,long,long,long,long,long,long,long,long,long,long,long,long,long,long,long,long,neutral,neutral,long,short,short,neutral,neutral,short,short,short,short,short,short,short,short,long,long,long,long,long,long,long,long,long,short,short,long,long,long,long,long,long,long,long,long,long,long
3539,2022-09-08 14:00:00,OANDA:GBPUSD,1.15402,1.1561,1.14967,1.15029,30597.0,Interval.in_2_hour,21650400.0,long,long,long,long,long,long,long,long,long,long,long,long,long,long,long,long,long,long,long,long,long,long,long,short,neutral,neutral,neutral,long,long,long,short,short,long,long,long,long,long,long,long,long,long,long,long,long,short,short,short,short,short,long,long,long,long,long,long,long,long
3540,2022-09-08 12:00:00,OANDA:GBPUSD,1.1496,1.15536,1.14763,1.15402,14942.0,Interval.in_2_hour,21643200.0,long,long,long,long,long,long,long,long,long,long,long,long,long,long,long,long,long,long,long,long,short,neutral,long,short,neutral,neutral,neutral,long,long,short,short,short,long,long,long,long,long,long,long,long,long,long,long,short,short,short,short,short,short,short,short,long,long,long,long,long,long
3541,2022-09-08 10:00:00,OANDA:GBPUSD,1.15084,1.15156,1.14779,1.1496,23332.0,Interval.in_2_hour,21636000.0,long,long,long,long,long,long,long,long,long,long,long,long,long,long,long,long,long,long,long,long,neutral,neutral,long,short,neutral,neutral,neutral,short,short,short,short,long,long,long,long,long,long,long,long,long,long,short,short,short,short,long,long,short,short,long,long,long,long,long,long,long,long
3542,2022-09-08 08:00:00,OANDA:GBPUSD,1.15051,1.15222,1.15016,1.15084,15873.0,Interval.in_2_hour,21628800.0,long,long,long,long,long,long,long,long,long,long,long,long,long,long,long,long,long,long,long,long,short,short,long,short,neutral,neutral,neutral,short,short,short,long,long,long,long,long,long,long,long,long,long,short,short,short,short,short,short,long,short,short,short,short,short,long,long,long,long,long
3543,2022-09-08 06:00:00,OANDA:GBPUSD,1.1508,1.1513,1.14912,1.15051,10314.0,Interval.in_2_hour,21621600.0,long,long,long,long,long,long,long,long,long,long,long,long,long,long,long,long,long,long,long,long,neutral,neutral,long,short,neutral,neutral,neutral,short,short,long,long,long,long,long,long,long,long,long,long,short,short,short,short,short,short,long,short,long,short,short,short,short,short,long,long,long,long
3544,2022-09-08 04:00:00,OANDA:GBPUSD,1.15064,1.15164,1.15042,1.1508,12493.0,Interval.in_2_hour,21614400.0,long,long,long,long,long,long,long,long,long,long,long,long,long,long,long,long,long,long,long,long,neutral,neutral,long,short,neutral,neutral,neutral,short,long,long,long,long,long,long,long,long,long,long,short,short,short,short,short,short,short,short,long,short,long,short,short,short,short,short,long,long,long
3545,2022-09-08 02:00:00,OANDA:GBPUSD,1.15404,1.15408,1.1501,1.15064,10433.0,Interval.in_2_hour,21607200.0,long,long,long,long,long,long,long,long,long,long,long,long,long,long,long,long,long,long,long,long,long,neutral,long,short,neutral,neutral,neutral,long,long,long,long,long,long,long,long,long,long,long,long,short,short,short,short,short,short,long,short,long,short,long,short,short,short,short,short,long,long
3546,2022-09-08 00:00:00,OANDA:GBPUSD,1.15374,1.15414,1.15276,1.15404,3376.0,Interval.in_2_hour,21600000.0,long,long,long,long,long,long,long,long,long,long,long,long,long,long,long,long,long,long,long,long,neutral,neutral,long,short,long,long,long,long,long,long,long,long,long,long,long,long,long,long,long,long,long,short,short,short,short,short,short,short,short,short,short,short,short,short,short,short,short
3547,2022-09-07 22:00:00,OANDA:GBPUSD,1.1501,1.15396,1.15008,1.15374,7666.0,Interval.in_2_hour,21592800.0,short,long,long,long,long,long,long,long,long,long,long,long,long,long,long,long,long,long,long,long,neutral,neutral,long,short,long,long,long,long,long,long,long,long,long,long,long,long,short,short,short,short,short,short,short,short,short,long,short,short,short,short,short,long,short,short,short,short,short
3548,2022-09-07 20:00:00,OANDA:GBPUSD,1.14952,1.15226,1.1494,1.1501,12838.0,Interval.in_2_hour,21585600.0,long,long,long,long,long,long,long,long,long,long,long,long,long,long,long,long,long,long,long,long,neutral,neutral,long,short,long,long,neutral,long,long,long,long,long,long,long,short,short,short,short,short,short,short,short,short,short,short,long,long,long,long,long,long,short,long,long,short,short,short
3549,2022-09-07 18:00:00,OANDA:GBPUSD,1.14664,1.15002,1.14487,1.14952,16200.0,Interval.in_2_hour,21578400.0,long,long,long,long,long,long,long,long,long,long,long,long,long,long,long,long,long,long,long,long,neutral,neutral,long,short,long,neutral,neutral,long,short,short,long,long,short,short,short,short,short,short,short,short,short,short,short,short,short,long,long,long,long,long,long,long,long,long,long,short,short
3550,2022-09-07 16:00:00,OANDA:GBPUSD,1.14317,1.14754,1.14052,1.14664,26040.0,Interval.in_2_hour,21571200.0,long,long,long,long,long,long,long,long,long,long,long,long,long,long,long,long,long,long,long,long,short,short,long,short,neutral,neutral,neutral,short,short,short,short,short,short,short,short,short,short,short,short,short,short,short,short,short,short,long,long,long,long,long,long,long,long,long,long,long,long
3551,2022-09-07 14:00:00,OANDA:GBPUSD,1.14442,1.14515,1.14141,1.14317,23518.0,Interval.in_2_hour,21564000.0,long,long,long,long,long,long,long,long,long,long,long,long,long,long,long,long,long,long,long,long,neutral,neutral,long,short,short,neutral,neutral,short,short,short,short,short,short,short,short,short,short,short,short,short,short,short,short,short,short,long,long,long,long,long,long,long,long,long,long,long,long
3552,2022-09-07 12:00:00,OANDA:GBPUSD,1.14966,1.15026,1.14413,1.14442,18622.0,Interval.in_2_hour,21556800.0,long,long,long,long,long,long,long,long,long,long,long,long,long,long,long,long,long,long,long,long,long,neutral,long,short,neutral,neutral,neutral,short,short,short,short,short,short,short,short,short,short,short,short,short,short,short,short,short,short,short,long,long,long,long,long,long,long,long,long,long,long
3553,2022-09-07 10:00:00,OANDA:GBPUSD,1.1495,1.15234,1.14852,1.14966,20716.0,Interval.in_2_hour,21549600.0,long,long,short,short,long,long,long,long,long,long,long,long,long,long,long,long,long,long,long,long,neutral,neutral,long,short,long,long,neutral,long,short,short,short,short,short,short,short,short,short,short,short,short,short,short,short,short,short,short,short,short,short,long,long,long,long,long,long,long,short
3554,2022-09-07 08:00:00,OANDA:GBPUSD,1.14786,1.14969,1.14696,1.1495,14550.0,Interval.in_2_hour,21542400.0,long,long,long,short,short,long,long,long,long,long,long,long,long,long,long,long,long,long,long,long,short,short,long,short,long,neutral,neutral,short,short,short,short,short,short,short,short,short,short,short,short,short,short,short,short,short,short,long,short,short,short,long,long,long,long,long,long,long,long
3555,2022-09-07 06:00:00,OANDA:GBPUSD,1.14702,1.1482,1.14518,1.14786,12748.0,Interval.in_2_hour,21535200.0,long,long,long,long,long,long,long,long,long,long,long,long,long,long,long,long,long,long,long,long,neutral,neutral,long,short,neutral,neutral,neutral,short,short,short,short,short,short,short,short,short,short,short,short,short,short,short,short,short,short,long,long,short,short,short,long,long,long,long,long,long,long
3556,2022-09-07 04:00:00,OANDA:GBPUSD,1.14806,1.14862,1.14642,1.14702,16304.0,Interval.in_2_hour,21528000.0,long,long,long,long,long,long,long,long,long,long,long,long,long,long,long,long,long,long,long,long,neutral,neutral,long,short,short,short,short,short,short,short,short,short,short,short,short,short,short,short,short,short,short,short,short,short,short,long,long,long,short,short,short,long,long,long,long,long,long
3557,2022-09-07 02:00:00,OANDA:GBPUSD,1.1512,1.15158,1.14794,1.14806,10773.0,Interval.in_2_hour,21520800.0,long,long,long,long,long,long,long,long,long,long,long,long,long,long,long,long,long,long,long,long,neutral,neutral,long,short,short,short,short,short,short,short,short,short,short,short,short,short,short,short,short,short,short,short,short,short,long,short,short,long,long,short,short,short,long,long,long,long,long
3558,2022-09-07 00:00:00,OANDA:GBPUSD,1.15192,1.15229,1.15078,1.1512,2268.0,Interval.in_2_hour,21513600.0,short,short,short,short,short,long,short,short,short,short,short,long,long,long,long,long,long,long,long,short,neutral,neutral,long,short,short,short,neutral,short,short,short,short,short,short,short,short,short,short,short,short,long,long,long,long,long,long,short,short,short,short,short,short,short,short,short,short,long,long
3559,2022-09-06 22:00:00,OANDA:GBPUSD,1.15244,1.15282,1.15132,1.15192,7825.0,Interval.in_2_hour,21506400.0,long,short,short,short,short,short,long,short,short,short,short,short,short,long,long,long,long,long,long,short,neutral,neutral,long,short,short,neutral,neutral,short,short,short,short,short,short,short,short,short,long,long,long,long,long,long,long,long,long,short,short,short,short,short,short,short,short,short,short,short,long
3560,2022-09-06 20:00:00,OANDA:GBPUSD,1.15305,1.15333,1.15128,1.15244,14545.0,Interval.in_2_hour,21499200.0,long,long,short,short,short,short,short,long,short,short,short,short,short,short,long,long,long,long,long,short,neutral,neutral,long,short,neutral,neutral,neutral,short,short,short,short,short,short,short,short,long,long,long,long,long,long,long,long,long,long,short,short,short,short,short,short,short,short,short,short,short,short
3561,2022-09-06 18:00:00,OANDA:GBPUSD,1.15282,1.15516,1.15196,1.15305,21437.0,Interval.in_2_hour,21492000.0,short,long,long,short,short,short,short,short,long,short,short,short,short,short,short,long,long,long,long,short,short,short,long,short,neutral,neutral,neutral,short,short,short,short,short,short,short,long,long,long,long,long,long,long,long,long,long,long,short,short,short,short,short,short,short,short,short,short,short,short
3562,2022-09-06 16:00:00,OANDA:GBPUSD,1.15473,1.15504,1.14938,1.15282,31068.0,Interval.in_2_hour,21484800.0,short,short,long,long,short,short,short,short,short,long,short,short,short,short,short,short,long,long,long,short,neutral,neutral,long,short,short,short,short,short,short,short,short,short,long,long,long,long,long,long,long,long,long,long,long,long,long,long,short,short,short,short,short,short,short,short,short,short,short
3563,2022-09-06 14:00:00,OANDA:GBPUSD,1.1571,1.15881,1.15467,1.15473,18838.0,Interval.in_2_hour,21477600.0,short,short,short,short,short,short,short,short,short,short,short,short,short,short,short,short,short,short,long,short,neutral,neutral,long,short,short,short,neutral,short,short,short,short,long,long,long,long,long,long,long,long,long,long,long,long,long,long,short,short,short,short,short,short,short,short,short,short,short,short
3564,2022-09-06 12:00:00,OANDA:GBPUSD,1.15742,1.16086,1.15612,1.1571,19149.0,Interval.in_2_hour,21470400.0,short,short,short,short,short,short,short,short,short,short,short,short,short,short,short,short,short,short,long,short,neutral,neutral,long,short,short,neutral,neutral,short,short,long,long,long,long,long,long,long,long,long,long,long,long,long,long,long,long,short,short,short,short,short,short,short,short,short,short,short,short
3565,2022-09-06 10:00:00,OANDA:GBPUSD,1.15925,1.16029,1.1549,1.15742,25441.0,Interval.in_2_hour,21463200.0,short,short,short,short,short,short,short,short,short,short,short,short,short,short,short,short,short,short,long,short,long,neutral,long,short,neutral,neutral,neutral,short,long,long,long,long,long,long,long,long,long,long,long,long,long,long,long,long,long,short,short,short,short,short,short,short,short,short,short,short,short
3566,2022-09-06 08:00:00,OANDA:GBPUSD,1.15627,1.16096,1.15607,1.15925,19004.0,Interval.in_2_hour,21456000.0,short,short,short,short,short,short,short,short,short,short,short,short,short,short,short,short,short,short,long,short,neutral,neutral,long,short,neutral,neutral,neutral,long,long,long,long,long,long,long,long,long,long,long,long,long,long,long,long,long,long,short,short,short,short,short,short,short,short,short,short,short,short
3567,2022-09-06 06:00:00,OANDA:GBPUSD,1.1589,1.15892,1.156,1.15627,10867.0,Interval.in_2_hour,21448800.0,short,short,short,short,short,short,short,short,short,short,short,short,short,short,short,short,short,short,long,short,long,neutral,long,short,short,neutral,neutral,long,long,long,long,long,long,long,long,long,long,long,long,long,long,long,long,long,long,long,long,long,short,short,short,short,short,short,short,short,short
3568,2022-09-06 04:00:00,OANDA:GBPUSD,1.15904,1.16004,1.1578,1.1589,13955.0,Interval.in_2_hour,21441600.0,short,short,short,short,short,short,short,short,short,short,short,short,short,short,short,short,short,short,long,short,neutral,neutral,long,short,neutral,neutral,neutral,long,long,long,long,long,long,long,long,long,long,long,long,long,long,long,long,long,long,short,long,short,short,short,short,short,short,short,short,short,short
3569,2022-09-06 02:00:00,OANDA:GBPUSD,1.15476,1.15917,1.15458,1.15904,11893.0,Interval.in_2_hour,21434400.0,short,short,short,short,short,short,short,short,short,short,short,short,short,short,short,short,short,short,short,short,neutral,neutral,long,short,long,long,long,long,long,long,long,long,long,long,long,long,long,long,long,long,long,long,long,long,long,short,short,long,short,short,short,short,short,short,short,short,short
3570,2022-09-06 00:00:00,OANDA:GBPUSD,1.152,1.15669,1.15178,1.15476,3582.0,Interval.in_2_hour,21427200.0,short,short,short,short,short,short,short,short,short,short,short,short,short,short,short,short,short,short,long,long,neutral,neutral,long,short,long,long,long,long,long,long,long,long,long,long,long,long,long,long,long,short,short,short,short,short,short,long,long,long,long,long,long,short,short,short,short,short,short
3571,2022-09-05 22:00:00,OANDA:GBPUSD,1.15168,1.15217,1.15132,1.152,2464.0,Interval.in_2_hour,21420000.0,short,short,short,short,short,short,short,short,short,short,short,long,long,short,short,short,short,short,long,long,neutral,neutral,long,short,long,long,long,long,long,long,long,long,long,long,long,long,long,short,short,short,short,short,short,short,short,long,long,long,long,long,long,long,long,long,long,long,short
3572,2022-09-05 20:00:00,OANDA:GBPUSD,1.15152,1.15198,1.15146,1.15168,1795.0,Interval.in_2_hour,21412800.0,long,short,short,short,short,short,short,short,short,short,short,short,long,long,short,short,short,short,long,long,neutral,neutral,long,short,long,long,neutral,long,long,long,long,long,long,long,long,long,short,short,short,short,short,short,short,short,short,long,long,long,long,long,long,long,long,long,long,long,long
3573,2022-09-05 18:00:00,OANDA:GBPUSD,1.1506,1.15212,1.15036,1.15152,7191.0,Interval.in_2_hour,21405600.0,long,long,short,short,short,short,short,short,short,short,short,short,short,long,long,short,short,short,long,short,neutral,neutral,long,short,long,neutral,neutral,long,long,long,long,long,long,long,short,short,short,short,short,short,short,short,short,short,short,long,long,long,long,long,long,long,long,long,long,long,long
3574,2022-09-05 16:00:00,OANDA:GBPUSD,1.1491,1.15185,1.1491,1.1506,11849.0,Interval.in_2_hour,21398400.0,long,long,long,long,short,short,short,short,short,short,short,short,short,short,long,long,long,long,long,short,neutral,neutral,long,short,neutral,neutral,neutral,long,long,long,long,long,long,short,short,short,short,short,short,short,short,short,short,short,short,long,long,long,long,long,long,long,long,long,long,long,long
3575,2022-09-05 14:00:00,OANDA:GBPUSD,1.15086,1.15173,1.14804,1.1491,15016.0,Interval.in_2_hour,21391200.0,long,long,long,long,long,short,short,short,long,long,short,short,short,long,long,long,long,long,long,short,long,neutral,long,short,neutral,neutral,neutral,long,long,long,long,long,short,short,short,short,short,short,short,short,short,short,short,short,short,long,long,long,long,long,long,long,long,long,long,long,long
3576,2022-09-05 12:00:00,OANDA:GBPUSD,1.14904,1.15188,1.14872,1.15086,14140.0,Interval.in_2_hour,21384000.0,long,long,long,long,long,long,short,short,short,short,short,short,short,short,short,short,long,long,long,long,neutral,neutral,long,short,long,long,neutral,long,long,long,long,short,short,short,short,short,short,short,short,short,short,short,short,short,short,short,short,long,long,long,long,long,long,long,long,long,long
3577,2022-09-05 10:00:00,OANDA:GBPUSD,1.14758,1.14941,1.14612,1.14904,20262.0,Interval.in_2_hour,21376800.0,long,long,long,long,long,long,long,short,short,short,long,long,short,short,short,long,long,long,long,long,neutral,neutral,long,short,long,neutral,neutral,long,long,short,short,short,short,short,short,short,short,short,short,short,short,short,short,short,short,long,long,long,long,long,long,long,long,long,long,long,long
3578,2022-09-05 08:00:00,OANDA:GBPUSD,1.14646,1.1487,1.14436,1.14758,18291.0,Interval.in_2_hour,21369600.0,long,long,long,long,long,long,long,long,long,short,long,long,long,short,short,short,long,long,long,long,neutral,neutral,long,short,neutral,neutral,neutral,short,short,short,short,short,short,short,short,short,short,short,short,short,short,short,short,short,short,long,long,long,long,long,long,long,long,long,long,long,long
3579,2022-09-05 06:00:00,OANDA:GBPUSD,1.14778,1.148,1.14567,1.14646,9680.0,Interval.in_2_hour,21362400.0,long,long,long,long,long,long,long,long,long,long,long,long,long,long,short,short,long,long,long,long,neutral,neutral,long,short,short,short,short,short,short,short,short,short,short,short,short,short,short,short,short,short,short,short,short,short,short,long,long,long,long,long,long,long,long,long,long,long,long
3580,2022-09-05 04:00:00,OANDA:GBPUSD,1.14797,1.14932,1.14582,1.14778,15923.0,Interval.in_2_hour,21355200.0,long,long,long,long,long,long,long,long,long,long,long,short,long,long,long,short,short,short,long,long,short,short,long,short,short,short,short,short,short,short,short,short,short,short,short,short,short,short,short,short,short,short,short,short,short,short,short,long,long,long,long,long,long,long,long,long,long
3581,2022-09-05 02:00:00,OANDA:GBPUSD,1.14808,1.14911,1.14728,1.14797,12018.0,Interval.in_2_hour,21348000.0,long,long,long,long,long,long,long,long,long,long,long,long,short,short,long,long,short,short,long,long,neutral,neutral,long,short,short,short,short,short,short,short,short,short,short,short,short,short,short,short,short,short,short,short,short,short,short,short,short,short,long,long,long,long,long,long,long,long,long
3582,2022-09-05 00:00:00,OANDA:GBPUSD,1.15118,1.15118,1.14664,1.14808,6303.0,Interval.in_2_hour,21340800.0,long,long,long,long,long,long,long,long,long,long,long,long,short,short,short,long,long,short,long,long,neutral,neutral,long,short,short,short,short,short,short,short,short,short,short,short,short,short,short,short,short,short,short,short,short,short,short,short,short,short,short,long,long,long,long,long,long,long,long
3583,2022-09-02 22:00:00,OANDA:GBPUSD,1.15128,1.15186,1.14962,1.15118,9273.0,Interval.in_2_hour,21160800.0,long,long,long,long,long,long,long,long,long,long,long,long,long,short,short,short,short,short,long,long,neutral,neutral,long,short,short,short,neutral,short,short,short,short,short,short,short,short,short,short,short,short,short,short,short,short,short,short,short,short,short,short,short,short,short,short,short,long,long,long
3584,2022-09-02 20:00:00,OANDA:GBPUSD,1.15241,1.15242,1.15,1.15128,17443.0,Interval.in_2_hour,21153600.0,long,long,long,long,long,long,long,long,long,long,long,long,long,short,short,short,short,short,long,long,neutral,neutral,long,short,short,neutral,neutral,short,short,short,short,short,short,short,short,short,short,short,short,short,short,short,short,short,short,short,short,short,short,short,short,short,short,short,short,long,long
3585,2022-09-02 18:00:00,OANDA:GBPUSD,1.15835,1.15886,1.15156,1.15241,20777.0,Interval.in_2_hour,21146400.0,short,short,long,long,long,long,long,long,long,long,long,long,long,short,short,short,short,short,long,long,neutral,neutral,long,short,neutral,neutral,neutral,short,long,long,long,long,long,long,long,long,long,long,short,short,short,short,short,short,short,short,short,short,short,short,short,short,short,short,short,short,short
3586,2022-09-02 16:00:00,OANDA:GBPUSD,1.15395,1.15882,1.15265,1.15835,29940.0,Interval.in_2_hour,21139200.0,short,short,short,short,long,long,short,long,short,short,short,short,short,short,short,short,short,short,long,long,short,short,long,short,neutral,neutral,neutral,long,long,long,long,long,long,long,long,long,long,long,short,short,short,short,short,short,short,short,short,short,short,short,short,short,short,short,short,short,short
3587,2022-09-02 14:00:00,OANDA:GBPUSD,1.15674,1.15889,1.15316,1.15395,25109.0,Interval.in_2_hour,21132000.0,short,short,short,short,long,long,long,long,long,long,long,long,short,short,short,short,short,short,long,long,neutral,neutral,long,short,neutral,neutral,neutral,long,long,long,long,long,long,long,long,long,short,short,short,short,short,short,short,short,short,long,short,short,short,short,short,short,short,short,short,short,short
3588,2022-09-02 12:00:00,OANDA:GBPUSD,1.15553,1.15823,1.1547,1.15674,14008.0,Interval.in_2_hour,21124800.0,short,short,short,short,short,short,long,long,short,long,long,long,short,short,short,short,short,short,long,long,neutral,neutral,long,short,long,long,long,long,long,long,long,long,long,long,long,long,short,short,short,short,short,short,short,short,short,short,long,short,short,short,short,short,short,short,short,short,short
3589,2022-09-02 10:00:00,OANDA:GBPUSD,1.15506,1.15698,1.15448,1.15553,14191.0,Interval.in_2_hour,21117600.0,short,short,short,short,short,short,short,long,long,long,long,long,long,short,short,short,short,short,long,long,neutral,neutral,long,short,long,long,neutral,long,long,long,long,long,long,long,short,short,short,short,short,short,short,short,short,short,short,long,short,long,short,short,short,short,short,short,short,short,short
3590,2022-09-02 08:00:00,OANDA:GBPUSD,1.15504,1.15562,1.15322,1.15506,13983.0,Interval.in_2_hour,21110400.0,short,short,short,short,short,short,short,short,long,long,long,long,long,long,short,short,short,short,long,long,neutral,neutral,long,short,long,neutral,neutral,long,long,long,long,long,long,short,short,short,short,short,short,short,short,short,short,short,short,long,long,short,long,short,short,short,short,short,short,short,short
3591,2022-09-02 06:00:00,OANDA:GBPUSD,1.15457,1.15531,1.15398,1.15504,7766.0,Interval.in_2_hour,21103200.0,short,short,short,short,short,short,short,short,short,long,long,long,long,long,long,short,short,short,long,long,neutral,neutral,long,short,neutral,neutral,neutral,long,long,long,long,long,short,short,short,short,short,short,short,short,short,short,short,short,short,long,long,long,short,long,short,short,short,short,short,short,short
3592,2022-09-02 04:00:00,OANDA:GBPUSD,1.15507,1.15561,1.15409,1.15457,11091.0,Interval.in_2_hour,21096000.0,short,short,short,short,short,short,short,short,short,long,long,long,long,long,long,long,long,short,long,long,long,long,long,short,neutral,neutral,neutral,long,long,long,long,short,short,short,short,short,short,short,short,short,short,short,short,short,short,long,long,long,long,short,long,short,short,short,short,short,short
3593,2022-09-02 02:00:00,OANDA:GBPUSD,1.15419,1.15598,1.15386,1.15507,8627.0,Interval.in_2_hour,21088800.0,short,short,short,short,short,short,short,short,short,short,short,long,long,long,long,long,long,short,long,long,neutral,neutral,long,short,neutral,neutral,neutral,long,long,long,short,short,short,short,short,short,short,short,short,short,short,short,short,short,short,short,short,short,long,long,short,long,short,short,short,short,short
3594,2022-09-02 00:00:00,OANDA:GBPUSD,1.15436,1.15456,1.15376,1.15419,4431.0,Interval.in_2_hour,21081600.0,short,short,short,short,short,short,short,short,short,short,short,long,long,long,long,long,long,long,long,long,neutral,neutral,long,short,neutral,neutral,neutral,long,short,short,short,short,short,short,short,short,short,short,short,short,short,short,short,short,short,long,long,long,long,long,long,short,long,short,short,short,short
3595,2022-09-01 22:00:00,OANDA:GBPUSD,1.15381,1.15515,1.15358,1.15436,7866.0,Interval.in_2_hour,21074400.0,short,short,short,short,short,short,short,short,short,short,short,short,long,long,long,long,long,long,short,long,neutral,neutral,long,short,long,long,neutral,short,short,short,short,short,short,short,short,short,short,short,short,short,short,short,short,short,short,short,long,long,long,long,long,long,short,long,short,short,short
3596,2022-09-01 20:00:00,OANDA:GBPUSD,1.15338,1.15555,1.15324,1.15381,13145.0,Interval.in_2_hour,21067200.0,short,short,short,short,short,short,short,short,short,short,short,short,short,long,long,long,long,long,short,long,neutral,neutral,long,short,long,neutral,neutral,short,short,short,short,short,short,short,short,short,short,short,short,short,short,short,short,short,short,long,long,long,long,long,long,long,long,long,long,short,short
3597,2022-09-01 18:00:00,OANDA:GBPUSD,1.15226,1.15502,1.15222,1.15338,19585.0,Interval.in_2_hour,21060000.0,short,short,short,short,short,short,short,short,short,short,short,short,short,short,long,long,long,long,long,long,short,short,long,short,neutral,neutral,neutral,short,short,short,short,short,short,short,short,short,short,short,short,short,short,short,short,short,short,long,long,long,long,long,long,long,long,long,long,long,short
3598,2022-09-01 16:00:00,OANDA:GBPUSD,1.15646,1.15789,1.14986,1.15226,29025.0,Interval.in_2_hour,21052800.0,long,short,short,short,short,short,short,short,short,short,short,short,short,short,short,long,long,long,long,long,neutral,neutral,long,short,neutral,neutral,neutral,short,short,short,short,short,short,short,short,short,short,short,short,short,short,short,short,short,short,long,long,long,long,long,long,long,long,long,long,long,long
3599,2022-09-01 14:00:00,OANDA:GBPUSD,1.15572,1.15837,1.15498,1.15646,19445.0,Interval.in_2_hour,21045600.0,long,short,short,short,short,short,short,short,short,short,short,short,short,short,short,short,short,long,long,short,short,short,long,short,neutral,neutral,neutral,short,short,short,short,short,short,short,short,short,short,short,short,short,short,short,short,short,short,short,short,short,short,short,short,short,short,short,short,long,short
3600,2022-09-01 12:00:00,OANDA:GBPUSD,1.15974,1.16076,1.15534,1.15572,17707.0,Interval.in_2_hour,21038400.0,short,long,short,short,short,short,short,short,short,short,short,short,short,short,short,short,short,short,short,long,neutral,neutral,long,short,neutral,neutral,neutral,short,short,short,short,short,short,short,short,short,short,short,short,short,short,short,short,short,short,long,short,short,short,short,short,short,short,short,short,short,long
3601,2022-09-01 10:00:00,OANDA:GBPUSD,1.15905,1.16168,1.15804,1.15974,22842.0,Interval.in_2_hour,21031200.0,short,short,short,short,short,short,short,short,short,short,short,short,short,short,short,short,short,short,long,short,long,long,long,short,long,neutral,neutral,long,short,short,short,short,short,short,short,short,short,short,short,short,short,short,short,short,short,short,short,short,short,short,short,short,short,short,short,short,short
3602,2022-09-01 08:00:00,OANDA:GBPUSD,1.15779,1.15962,1.15724,1.15905,14609.0,Interval.in_2_hour,21024000.0,short,short,short,short,short,short,short,short,short,short,short,short,short,short,short,short,short,short,long,short,short,short,long,short,neutral,neutral,neutral,short,short,short,short,short,short,short,short,short,short,short,short,short,short,short,short,short,short,long,short,short,short,short,short,short,short,short,short,short,short
3603,2022-09-01 06:00:00,OANDA:GBPUSD,1.15878,1.159,1.15688,1.15779,7263.0,Interval.in_2_hour,21016800.0,short,short,short,short,long,short,short,short,short,short,short,short,short,short,short,short,short,short,short,short,neutral,neutral,long,short,neutral,neutral,neutral,short,short,short,short,short,short,short,short,short,short,short,short,short,short,short,short,short,short,long,long,short,short,short,short,short,short,short,short,short,short
3604,2022-09-01 04:00:00,OANDA:GBPUSD,1.15836,1.1591,1.15684,1.15878,11196.0,Interval.in_2_hour,21009600.0,short,short,short,short,short,short,short,short,short,short,short,short,short,short,short,short,short,short,short,short,neutral,neutral,long,short,neutral,neutral,neutral,short,short,short,short,short,short,short,short,short,short,short,short,short,short,short,short,short,short,short,long,long,short,short,short,short,short,short,short,short,short
3605,2022-09-01 02:00:00,OANDA:GBPUSD,1.16132,1.16132,1.15742,1.15836,12394.0,Interval.in_2_hour,21002400.0,short,short,short,short,short,short,short,short,short,short,short,short,short,short,short,short,short,short,short,long,neutral,neutral,long,short,short,neutral,neutral,short,short,short,short,short,short,short,short,short,short,short,short,short,short,short,short,short,short,long,short,long,long,short,short,short,short,short,short,short,short
3606,2022-09-01 00:00:00,OANDA:GBPUSD,1.16212,1.16241,1.16077,1.16132,10474.0,Interval.in_2_hour,20995200.0,short,short,short,short,short,short,short,short,short,short,short,short,short,short,short,short,short,short,short,short,neutral,neutral,long,short,neutral,neutral,neutral,short,short,short,short,short,short,short,short,short,short,short,short,short,short,short,short,short,short,short,short,short,short,short,short,short,short,short,short,short,short
3607,2022-08-31 22:00:00,OANDA:GBPUSD,1.16152,1.16251,1.16066,1.16212,10185.0,Interval.in_2_hour,20988000.0,short,short,short,short,short,short,short,short,short,short,short,short,short,short,short,short,short,short,short,short,neutral,neutral,long,short,neutral,neutral,neutral,short,short,short,short,short,short,short,short,short,short,short,short,short,short,short,short,short,short,short,short,short,short,short,short,short,short,short,short,short,short
3608,2022-08-31 20:00:00,OANDA:GBPUSD,1.16253,1.16305,1.16075,1.16152,14173.0,Interval.in_2_hour,20980800.0,short,short,short,short,short,short,short,short,short,short,short,short,short,short,short,short,short,short,short,long,neutral,neutral,long,short,short,neutral,neutral,short,short,short,short,short,short,short,short,short,short,short,short,short,short,short,short,short,short,long,short,short,short,short,short,short,short,short,short,short,short
3609,2022-08-31 18:00:00,OANDA:GBPUSD,1.16376,1.16538,1.16188,1.16253,20827.0,Interval.in_2_hour,20973600.0,short,short,short,short,short,short,short,short,short,short,short,short,short,short,short,short,short,short,short,long,neutral,neutral,long,short,neutral,neutral,neutral,long,short,short,short,short,short,short,short,short,short,short,short,short,short,short,short,short,short,short,short,short,short,short,short,short,short,short,short,short,short
3610,2022-08-31 16:00:00,OANDA:GBPUSD,1.16376,1.1653,1.15991,1.16376,29909.0,Interval.in_2_hour,20966400.0,short,short,short,short,short,short,short,short,short,short,short,short,short,short,short,short,short,short,short,long,short,short,long,short,long,neutral,neutral,short,short,short,short,short,short,short,short,short,short,short,short,short,short,short,short,short,short,short,short,short,short,short,short,short,short,short,short,short,short
3611,2022-08-31 14:00:00,OANDA:GBPUSD,1.16141,1.16418,1.16018,1.16376,21465.0,Interval.in_2_hour,20959200.0,short,short,short,short,short,short,short,short,short,short,short,short,short,short,short,short,short,short,short,long,neutral,neutral,long,short,neutral,neutral,neutral,short,short,short,short,short,short,short,short,short,short,short,short,short,short,short,short,short,short,long,short,short,short,short,short,short,short,short,short,short,short
3612,2022-08-31 12:00:00,OANDA:GBPUSD,1.16412,1.1651,1.16129,1.16141,19931.0,Interval.in_2_hour,20952000.0,short,short,short,short,short,short,short,short,short,short,short,short,short,short,short,short,short,short,short,long,neutral,neutral,long,short,short,short,neutral,short,short,short,short,short,short,short,short,short,short,short,short,short,short,short,short,short,short,long,long,long,long,long,short,short,short,short,short,short,short
3613,2022-08-31 10:00:00,OANDA:GBPUSD,1.16796,1.16821,1.16358,1.16412,21205.0,Interval.in_2_hour,20944800.0,short,short,short,short,short,short,short,short,short,short,short,short,short,short,short,short,short,short,short,long,long,neutral,long,short,short,neutral,neutral,short,short,long,long,long,long,short,short,short,short,short,short,short,short,short,short,short,short,short,short,short,short,short,short,short,short,short,short,short,short
3614,2022-08-31 08:00:00,OANDA:GBPUSD,1.16844,1.16942,1.16706,1.16796,11966.0,Interval.in_2_hour,20937600.0,short,short,short,short,short,short,short,short,short,short,short,short,short,short,short,short,short,short,short,long,neutral,neutral,long,short,neutral,neutral,neutral,long,long,long,long,long,long,short,short,short,short,short,short,short,short,short,short,short,short,short,short,short,short,short,short,short,short,short,short,short,short
3615,2022-08-31 06:00:00,OANDA:GBPUSD,1.16696,1.16922,1.16636,1.16844,7631.0,Interval.in_2_hour,20930400.0,short,short,short,short,short,short,short,short,short,short,short,short,short,short,short,short,short,short,short,long,neutral,neutral,long,short,long,long,long,long,long,long,long,long,short,short,short,short,short,short,short,short,short,short,short,short,short,short,short,short,short,short,short,short,short,short,short,short,short
3616,2022-08-31 04:00:00,OANDA:GBPUSD,1.1667,1.16736,1.16595,1.16696,9397.0,Interval.in_2_hour,20923200.0,short,short,short,short,short,short,short,short,short,short,short,short,short,short,short,short,short,short,short,long,neutral,neutral,long,short,long,long,neutral,long,long,long,long,short,short,short,short,short,short,short,short,short,short,short,short,short,short,long,long,short,short,short,short,short,short,short,short,short,short
3617,2022-08-31 02:00:00,OANDA:GBPUSD,1.16546,1.16752,1.16525,1.1667,6933.0,Interval.in_2_hour,20916000.0,short,short,short,short,short,short,short,short,short,short,short,short,short,short,short,short,short,short,short,long,short,short,long,short,long,neutral,neutral,long,long,short,short,short,short,short,short,short,short,short,short,short,short,short,short,short,short,long,long,long,short,short,short,short,short,short,short,short,short
3618,2022-08-31 00:00:00,OANDA:GBPUSD,1.16541,1.16568,1.16512,1.16546,6640.0,Interval.in_2_hour,20908800.0,short,short,short,short,short,short,short,short,short,short,short,short,short,short,short,short,short,short,short,long,neutral,neutral,long,short,neutral,neutral,neutral,long,short,short,short,short,short,short,short,short,short,short,short,short,short,short,short,short,short,long,long,long,long,short,short,short,short,short,short,short,short
3619,2022-08-30 22:00:00,OANDA:GBPUSD,1.16584,1.16701,1.16507,1.16541,8322.0,Interval.in_2_hour,20901600.0,short,short,short,short,short,short,short,short,short,short,short,short,short,short,short,short,short,short,short,long,neutral,neutral,long,short,neutral,neutral,neutral,short,short,short,short,short,short,short,short,short,short,short,short,short,short,short,short,short,short,long,long,long,long,long,short,short,short,short,short,short,short
3620,2022-08-30 20:00:00,OANDA:GBPUSD,1.16511,1.16656,1.16466,1.16584,14467.0,Interval.in_2_hour,20894400.0,short,short,short,short,short,short,short,short,short,short,short,short,short,short,short,short,short,short,short,long,neutral,neutral,long,short,long,neutral,neutral,short,short,short,short,short,short,short,short,short,short,short,short,short,short,short,short,short,short,short,short,long,long,long,long,short,short,short,short,short,short
3621,2022-08-30 18:00:00,OANDA:GBPUSD,1.16326,1.16726,1.16297,1.16511,24184.0,Interval.in_2_hour,20887200.0,short,short,short,short,short,short,short,short,short,short,short,short,short,short,short,short,short,short,short,long,neutral,neutral,long,short,neutral,neutral,neutral,short,short,short,short,short,short,short,short,short,short,short,short,short,short,short,short,short,short,long,long,long,long,long,long,long,short,short,short,short,short
3622,2022-08-30 16:00:00,OANDA:GBPUSD,1.16988,1.17222,1.16214,1.16326,28457.0,Interval.in_2_hour,20880000.0,short,short,short,short,short,short,short,short,short,short,short,short,short,short,short,short,short,short,short,long,neutral,neutral,long,short,short,short,neutral,short,short,short,short,short,short,short,short,short,short,short,short,long,long,long,short,short,short,long,long,long,long,long,long,long,long,long,short,long,long
3623,2022-08-30 14:00:00,OANDA:GBPUSD,1.17166,1.17346,1.1688,1.16988,19954.0,Interval.in_2_hour,20872800.0,short,short,short,short,short,short,short,short,short,short,short,short,short,short,short,short,short,short,short,long,neutral,neutral,long,short,short,neutral,neutral,short,long,long,short,long,long,short,long,long,long,long,long,long,long,long,long,short,short,short,short,short,short,short,short,short,short,short,short,short,short
3624,2022-08-30 12:00:00,OANDA:GBPUSD,1.17382,1.17608,1.17109,1.17166,18642.0,Interval.in_2_hour,20865600.0,short,short,short,short,short,short,short,short,short,short,short,short,short,short,short,short,short,short,short,long,neutral,neutral,long,short,neutral,neutral,neutral,long,long,long,long,long,long,long,long,long,long,long,long,long,long,long,short,short,short,short,short,short,short,short,short,short,short,short,short,short,short
3625,2022-08-30 10:00:00,OANDA:GBPUSD,1.17158,1.17528,1.17088,1.17382,22485.0,Interval.in_2_hour,20858400.0,short,short,short,short,short,short,short,short,short,short,short,short,short,short,short,short,short,short,short,long,neutral,neutral,long,short,long,long,neutral,long,long,long,long,long,long,long,long,long,long,long,long,long,long,short,short,short,short,short,short,short,short,short,short,short,short,short,short,short,short
3626,2022-08-30 08:00:00,OANDA:GBPUSD,1.17052,1.17216,1.16982,1.17158,13848.0,Interval.in_2_hour,20851200.0,short,short,short,short,short,short,short,short,short,short,short,short,short,short,short,short,short,short,short,long,neutral,neutral,long,short,long,neutral,neutral,short,long,long,short,long,long,long,long,long,long,long,long,long,short,short,short,short,short,long,long,short,short,short,short,short,short,short,short,short,short
3627,2022-08-30 06:00:00,OANDA:GBPUSD,1.16922,1.17148,1.16883,1.17052,7439.0,Interval.in_2_hour,20844000.0,short,short,short,short,short,short,short,short,short,short,short,short,short,short,short,short,short,short,short,long,short,short,long,short,neutral,neutral,neutral,short,short,short,short,short,short,long,long,long,long,long,long,short,short,short,short,short,short,long,long,long,short,short,short,short,short,short,short,short,short
3628,2022-08-30 04:00:00,OANDA:GBPUSD,1.17164,1.1727,1.16873,1.16922,11339.0,Interval.in_2_hour,20836800.0,short,short,short,short,short,short,short,short,short,short,short,short,short,short,short,short,short,short,short,long,neutral,neutral,long,short,neutral,neutral,neutral,long,short,short,short,short,long,long,long,long,long,long,short,short,short,short,short,short,short,long,long,long,long,long,short,short,short,short,short,short,short
3629,2022-08-30 02:00:00,OANDA:GBPUSD,1.17086,1.17256,1.17052,1.17164,7585.0,Interval.in_2_hour,20829600.0,short,short,short,short,short,short,short,short,short,short,short,short,short,short,short,short,short,short,short,long,neutral,neutral,long,short,long,long,neutral,long,long,long,long,long,long,long,long,long,long,short,short,short,short,short,short,short,short,short,short,short,long,long,short,short,short,short,short,short,short
3630,2022-08-30 00:00:00,OANDA:GBPUSD,1.17056,1.17132,1.17024,1.17086,8108.0,Interval.in_2_hour,20822400.0,short,short,short,short,short,short,short,short,short,short,short,short,short,short,short,short,short,short,short,long,neutral,neutral,long,short,long,neutral,neutral,short,long,long,long,long,long,long,long,long,short,short,short,short,short,short,short,short,short,long,short,short,long,long,long,short,short,short,short,short,short
3631,2022-08-29 22:00:00,OANDA:GBPUSD,1.17024,1.17099,1.16996,1.17056,5931.0,Interval.in_2_hour,20815200.0,short,short,short,short,short,short,short,short,short,short,short,short,short,short,short,short,short,short,long,long,neutral,neutral,long,short,neutral,neutral,neutral,short,short,long,long,long,long,long,long,short,short,short,short,short,short,short,short,short,short,long,long,short,short,long,long,long,short,short,short,short,short
3632,2022-08-29 20:00:00,OANDA:GBPUSD,1.17224,1.17296,1.16988,1.17024,9964.0,Interval.in_2_hour,20808000.0,short,short,short,short,short,short,short,short,short,short,short,short,short,short,short,short,short,short,long,long,neutral,neutral,long,short,neutral,neutral,neutral,long,long,long,long,long,long,long,short,short,short,short,short,short,short,short,short,short,short,long,long,long,short,long,long,long,long,short,short,short,short
3633,2022-08-29 18:00:00,OANDA:GBPUSD,1.16922,1.17234,1.16918,1.17224,13534.0,Interval.in_2_hour,20800800.0,short,short,short,short,short,short,short,short,short,short,short,short,short,short,short,short,short,short,long,long,neutral,neutral,long,short,neutral,neutral,neutral,long,long,long,long,long,long,short,short,short,short,short,short,short,short,short,short,short,short,short,short,short,short,short,short,short,long,short,short,short,short
3634,2022-08-29 16:00:00,OANDA:GBPUSD,1.17168,1.17444,1.16862,1.16922,21344.0,Interval.in_2_hour,20793600.0,short,short,short,short,short,short,short,short,short,short,short,short,short,short,short,short,short,short,long,long,neutral,neutral,long,short,neutral,neutral,neutral,long,long,long,long,long,short,short,short,short,short,short,short,short,short,short,short,short,short,long,long,long,long,long,long,long,long,long,long,long,short
3635,2022-08-29 14:00:00,OANDA:GBPUSD,1.16937,1.17346,1.16803,1.17168,17383.0,Interval.in_2_hour,20786400.0,short,short,short,short,short,short,short,short,short,short,short,short,short,short,short,short,short,short,long,long,neutral,neutral,long,short,long,neutral,neutral,long,long,long,long,short,short,short,short,short,short,short,short,short,short,short,short,short,short,short,long,short,short,short,short,short,short,short,long,short,short
3636,2022-08-29 12:00:00,OANDA:GBPUSD,1.16584,1.17052,1.16568,1.16937,14986.0,Interval.in_2_hour,20779200.0,long,short,short,short,short,short,short,short,short,short,short,short,short,short,short,short,short,short,long,long,short,short,long,short,neutral,neutral,neutral,long,short,short,short,short,short,short,short,short,short,short,short,short,short,short,short,short,short,long,short,long,long,long,long,long,short,long,long,long,long
3637,2022-08-29 10:00:00,OANDA:GBPUSD,1.16672,1.16828,1.16562,1.16584,18387.0,Interval.in_2_hour,20772000.0,long,long,short,short,long,short,short,long,long,long,long,short,short,short,short,short,short,short,long,long,neutral,neutral,long,short,neutral,neutral,neutral,short,short,short,short,short,short,short,short,short,short,short,short,short,short,short,short,short,short,long,long,long,long,long,long,long,long,long,long,long,long
3638,2022-08-29 08:00:00,OANDA:GBPUSD,1.16544,1.16776,1.16486,1.16672,12261.0,Interval.in_2_hour,20764800.0,long,long,long,short,short,short,short,short,short,long,long,long,short,short,short,short,short,short,long,long,neutral,neutral,long,short,neutral,neutral,neutral,short,short,short,short,short,short,short,short,short,short,short,short,short,short,short,short,short,short,short,long,long,long,long,long,long,long,long,long,long,long
3639,2022-08-29 06:00:00,OANDA:GBPUSD,1.16747,1.16766,1.1652,1.16544,8204.0,Interval.in_2_hour,20757600.0,long,long,long,long,short,short,long,short,long,long,long,long,long,short,short,short,short,short,long,long,neutral,neutral,long,short,short,short,short,short,short,short,short,short,short,short,short,short,short,short,short,short,short,short,short,short,short,long,long,long,long,long,long,long,long,long,long,long,long
3640,2022-08-29 04:00:00,OANDA:GBPUSD,1.16788,1.16862,1.16558,1.16747,12275.0,Interval.in_2_hour,20750400.0,long,long,long,long,long,short,short,short,short,short,short,short,long,long,short,short,short,short,long,long,neutral,neutral,long,short,short,short,neutral,short,short,short,short,short,short,short,short,short,short,short,short,short,short,short,short,short,short,short,short,short,long,long,long,long,long,long,long,long,long
3641,2022-08-29 02:00:00,OANDA:GBPUSD,1.17118,1.17138,1.16754,1.16788,12720.0,Interval.in_2_hour,20743200.0,long,long,long,long,long,long,short,short,short,short,short,short,short,long,long,short,short,short,long,long,neutral,neutral,long,short,short,neutral,neutral,short,short,short,short,short,short,short,short,short,short,short,short,short,short,short,short,short,short,short,short,short,short,long,long,long,long,long,long,long,long
3642,2022-08-29 00:00:00,OANDA:GBPUSD,1.17457,1.17457,1.17108,1.17118,3431.0,Interval.in_2_hour,20736000.0,long,short,short,long,long,long,short,short,short,short,short,short,short,short,short,short,short,short,long,long,neutral,neutral,long,short,neutral,neutral,neutral,short,short,short,short,short,short,short,short,short,short,short,short,short,short,short,short,short,short,short,short,short,short,short,short,long,short,long,short,short,short
3643,2022-08-26 22:00:00,OANDA:GBPUSD,1.17434,1.1746,1.17338,1.17457,8348.0,Interval.in_2_hour,20556000.0,short,short,short,short,short,short,short,short,short,short,short,short,short,short,short,short,short,short,short,long,neutral,neutral,long,short,neutral,neutral,neutral,short,short,short,short,short,short,short,short,short,short,short,short,short,short,short,short,short,short,short,short,short,short,short,short,short,short,short,short,short,short
3644,2022-08-26 20:00:00,OANDA:GBPUSD,1.17537,1.1758,1.17394,1.17434,11650.0,Interval.in_2_hour,20548800.0,short,short,short,short,short,short,short,short,short,short,short,short,short,short,short,short,short,short,short,long,neutral,neutral,long,short,short,short,neutral,short,short,short,short,short,short,short,short,short,short,short,short,short,short,short,short,short,short,long,short,short,short,short,short,short,short,short,short,short,short
3645,2022-08-26 18:00:00,OANDA:GBPUSD,1.17914,1.17948,1.17458,1.17537,21388.0,Interval.in_2_hour,20541600.0,short,short,short,short,short,short,short,short,short,short,short,short,short,short,short,short,short,short,short,long,neutral,neutral,long,short,short,neutral,neutral,short,short,short,short,short,short,short,short,short,short,short,short,short,short,short,short,short,short,short,short,short,short,short,short,short,short,short,short,short,short
3646,2022-08-26 16:00:00,OANDA:GBPUSD,1.18535,1.19015,1.1788,1.17914,40083.0,Interval.in_2_hour,20534400.0,short,short,short,short,short,short,short,short,short,short,short,short,short,short,short,short,short,short,short,short,long,neutral,long,short,neutral,neutral,neutral,long,long,long,long,short,short,short,short,short,short,short,short,short,short,short,long,long,long,short,short,short,short,short,short,short,short,short,short,short,short
3647,2022-08-26 14:00:00,OANDA:GBPUSD,1.1836,1.18545,1.18148,1.18535,17284.0,Interval.in_2_hour,20527200.0,short,short,short,short,short,short,short,short,short,short,short,short,short,short,short,short,short,short,short,short,neutral,neutral,long,short,long,long,neutral,long,long,long,long,long,long,long,long,long,long,long,short,long,long,long,long,long,long,short,short,short,short,short,short,short,short,short,short,short,short
3648,2022-08-26 12:00:00,OANDA:GBPUSD,1.18012,1.18454,1.18009,1.1836,12152.0,Interval.in_2_hour,20520000.0,short,short,short,short,short,short,short,short,short,short,short,short,short,short,short,short,short,short,short,short,short,neutral,long,short,long,neutral,neutral,long,short,short,short,short,short,short,short,short,short,short,short,short,long,long,long,long,long,long,short,short,short,short,short,short,short,short,short,short,short
3649,2022-08-26 10:00:00,OANDA:GBPUSD,1.17893,1.18027,1.17753,1.18012,16419.0,Interval.in_2_hour,20512800.0,short,short,short,short,short,short,short,short,short,short,short,short,short,short,short,short,short,short,short,short,neutral,neutral,long,short,neutral,neutral,neutral,short,short,short,short,short,short,short,short,short,short,short,short,short,short,long,long,long,short,long,long,short,short,short,short,short,short,short,short,short,short
3650,2022-08-26 08:00:00,OANDA:GBPUSD,1.18092,1.18104,1.17822,1.17893,10987.0,Interval.in_2_hour,20505600.0,short,short,short,short,short,short,short,short,short,short,short,short,short,short,short,short,short,short,short,short,neutral,neutral,long,short,short,neutral,neutral,short,short,short,short,short,short,short,short,short,short,short,short,short,long,long,long,short,long,long,long,long,long,short,short,short,short,short,short,short,short
3651,2022-08-26 06:00:00,OANDA:GBPUSD,1.18239,1.18316,1.1808,1.18092,6466.0,Interval.in_2_hour,20498400.0,short,short,short,short,short,short,short,short,short,short,short,short,short,short,short,short,short,short,short,short,short,neutral,long,short,neutral,neutral,neutral,short,short,short,short,short,short,short,short,short,short,long,long,long,long,long,long,long,long,short,short,long,long,short,short,short,short,short,short,short,short
3652,2022-08-26 04:00:00,OANDA:GBPUSD,1.18144,1.18262,1.18135,1.18239,8518.0,Interval.in_2_hour,20491200.0,short,short,short,short,short,short,short,short,short,short,short,short,short,short,short,short,short,short,short,short,neutral,neutral,long,short,neutral,neutral,neutral,short,short,short,short,short,short,short,short,short,long,long,long,long,long,long,long,long,long,short,short,short,long,long,short,short,short,short,short,short,short
3653,2022-08-26 02:00:00,OANDA:GBPUSD,1.18347,1.18348,1.1806,1.18144,6021.0,Interval.in_2_hour,20484000.0,short,short,short,short,short,short,short,short,short,short,short,short,short,short,short,short,short,short,short,short,neutral,neutral,long,short,short,neutral,neutral,long,long,long,long,short,short,short,short,long,long,long,long,long,long,long,long,long,long,long,short,short,short,long,long,short,short,short,short,short,short
3654,2022-08-26 00:00:00,OANDA:GBPUSD,1.18353,1.18388,1.18302,1.18347,5560.0,Interval.in_2_hour,20476800.0,short,short,short,short,short,short,short,short,short,short,short,short,short,short,short,short,short,short,short,short,neutral,neutral,long,short,neutral,neutral,neutral,long,long,long,long,short,short,long,long,long,long,long,long,long,long,long,long,long,long,short,short,short,short,short,long,long,short,short,short,short,short
3655,2022-08-25 22:00:00,OANDA:GBPUSD,1.18272,1.18388,1.18256,1.18353,6298.0,Interval.in_2_hour,20469600.0,short,short,short,short,short,short,short,short,short,short,short,short,short,short,short,short,short,short,short,short,long,long,long,short,long,neutral,neutral,long,long,short,short,short,long,long,long,long,long,long,long,long,long,long,long,long,long,short,short,short,short,short,short,long,long,short,short,short,short
3656,2022-08-25 20:00:00,OANDA:GBPUSD,1.18208,1.18389,1.1818,1.18272,10211.0,Interval.in_2_hour,20462400.0,short,short,short,short,short,short,short,short,short,short,short,short,short,short,short,short,short,short,short,short,neutral,neutral,long,short,neutral,neutral,neutral,long,short,short,short,short,long,long,long,long,long,long,long,long,long,long,long,long,long,long,long,short,short,short,short,short,long,long,short,short,short
3657,2022-08-25 18:00:00,OANDA:GBPUSD,1.18254,1.18266,1.17943,1.18208,15306.0,Interval.in_2_hour,20455200.0,short,short,short,short,short,short,short,short,short,short,short,short,short,short,short,short,short,short,short,short,neutral,neutral,long,short,neutral,neutral,neutral,short,short,short,short,long,long,long,long,long,long,long,long,long,long,long,long,long,short,long,long,long,short,long,short,short,short,long,long,short,short
3658,2022-08-25 16:00:00,OANDA:GBPUSD,1.18201,1.18502,1.1793,1.18254,20613.0,Interval.in_2_hour,20448000.0,short,short,short,short,short,short,short,short,short,short,short,short,short,short,short,short,short,short,short,short,long,neutral,long,short,neutral,neutral,neutral,short,short,short,long,long,long,long,long,long,long,long,long,long,long,long,long,short,short,short,long,long,long,short,short,short,short,short,long,long,short
3659,2022-08-25 14:00:00,OANDA:GBPUSD,1.18256,1.18508,1.1809,1.18201,18690.0,Interval.in_2_hour,20440800.0,short,short,short,short,short,short,short,short,short,short,short,short,short,short,short,short,short,short,short,short,neutral,neutral,long,short,short,short,neutral,short,short,long,long,long,long,long,long,long,long,long,long,long,long,long,short,short,short,long,long,long,long,long,short,long,short,short,short,long,long
3660,2022-08-25 12:00:00,OANDA:GBPUSD,1.1844,1.1857,1.18216,1.18256,14604.0,Interval.in_2_hour,20433600.0,long,short,short,short,short,short,short,short,short,short,short,short,short,short,short,short,short,short,short,short,neutral,neutral,long,short,short,neutral,neutral,long,long,long,long,long,long,long,long,long,long,long,long,long,long,long,long,long,long,short,short,short,long,long,long,short,short,short,short,short,long
3661,2022-08-25 10:00:00,OANDA:GBPUSD,1.18496,1.18648,1.18252,1.1844,19293.0,Interval.in_2_hour,20426400.0,short,long,short,short,short,short,short,short,short,short,short,short,short,short,short,short,short,short,short,short,long,neutral,long,short,neutral,neutral,neutral,long,long,long,long,long,long,long,long,long,long,long,long,long,long,long,long,long,short,short,short,short,short,short,short,short,short,short,short,short,short
3662,2022-08-25 08:00:00,OANDA:GBPUSD,1.18348,1.18615,1.18262,1.18496,13115.0,Interval.in_2_hour,20419200.0,short,short,long,short,short,short,short,short,short,short,short,short,short,short,short,short,short,short,short,short,neutral,neutral,long,short,long,long,long,long,long,long,long,long,long,long,long,long,long,long,long,long,long,long,long,short,long,short,short,short,short,short,short,short,short,short,short,short,short
3663,2022-08-25 06:00:00,OANDA:GBPUSD,1.18146,1.1843,1.18132,1.18348,8375.0,Interval.in_2_hour,20412000.0,short,short,long,long,short,short,short,short,short,short,short,short,short,short,short,short,short,short,short,short,neutral,neutral,long,short,long,long,neutral,long,long,long,long,long,long,long,long,long,long,long,short,short,long,short,short,long,long,long,long,short,short,short,short,short,long,short,short,short,short
3664,2022-08-25 04:00:00,OANDA:GBPUSD,1.18122,1.18254,1.18038,1.18146,10759.0,Interval.in_2_hour,20404800.0,short,short,short,long,long,short,short,short,short,short,short,short,short,short,short,short,short,short,short,short,neutral,neutral,long,short,long,neutral,neutral,long,long,long,long,long,long,short,short,long,long,short,short,short,short,short,long,long,long,long,long,long,long,long,long,long,long,long,long,short,long
3665,2022-08-25 02:00:00,OANDA:GBPUSD,1.17932,1.18156,1.17836,1.18122,8375.0,Interval.in_2_hour,20397600.0,long,short,short,short,long,long,short,short,short,short,short,short,short,short,short,short,short,short,short,short,neutral,neutral,long,short,neutral,neutral,neutral,long,long,long,long,long,short,short,short,short,short,short,short,short,short,short,long,long,long,long,long,long,long,long,long,long,long,long,long,long,long
3666,2022-08-25 00:00:00,OANDA:GBPUSD,1.1794,1.18004,1.17917,1.17932,6618.0,Interval.in_2_hour,20390400.0,long,long,long,short,long,long,long,short,short,short,short,short,short,short,short,short,short,short,short,short,neutral,neutral,long,short,neutral,neutral,neutral,short,short,long,short,short,short,short,short,short,short,short,short,short,short,long,long,long,long,long,long,long,long,long,long,long,long,long,long,long,long
3667,2022-08-24 22:00:00,OANDA:GBPUSD,1.17869,1.1802,1.17864,1.1794,5300.0,Interval.in_2_hour,20383200.0,long,long,long,long,short,long,long,long,short,short,short,short,short,short,short,short,short,short,short,short,neutral,neutral,long,short,long,neutral,neutral,short,long,short,short,short,short,short,short,short,short,short,short,short,long,long,long,long,long,short,long,long,long,long,long,long,long,long,long,long,long
3668,2022-08-24 20:00:00,OANDA:GBPUSD,1.17852,1.17986,1.17811,1.17869,9492.0,Interval.in_2_hour,20376000.0,long,long,long,long,long,long,long,long,long,long,short,short,short,short,short,short,short,short,short,short,neutral,neutral,long,short,neutral,neutral,neutral,long,short,short,short,short,short,short,short,short,short,short,short,long,long,long,long,long,long,long,long,long,long,long,long,long,long,long,long,long,long
3669,2022-08-24 18:00:00,OANDA:GBPUSD,1.1818,1.18258,1.17796,1.17852,16029.0,Interval.in_2_hour,20368800.0,long,long,long,long,long,long,long,long,long,long,long,short,short,short,short,short,short,short,short,short,long,long,long,short,neutral,neutral,neutral,long,short,short,short,short,short,short,short,short,short,short,long,long,long,long,long,long,long,long,long,long,long,long,long,long,long,long,long,long,long
3670,2022-08-24 16:00:00,OANDA:GBPUSD,1.17724,1.18238,1.17557,1.1818,24895.0,Interval.in_2_hour,20361600.0,long,long,long,long,short,long,short,short,short,long,long,short,short,short,short,short,short,short,short,short,short,short,long,short,neutral,neutral,neutral,short,short,short,short,short,short,short,short,short,short,long,long,long,long,long,long,long,long,short,short,short,short,short,short,long,long,long,long,long,long
3671,2022-08-24 14:00:00,OANDA:GBPUSD,1.17758,1.17944,1.17581,1.17724,19295.0,Interval.in_2_hour,20354400.0,long,long,long,long,long,long,long,long,long,long,long,long,long,short,short,short,short,short,short,short,neutral,neutral,long,short,short,neutral,neutral,short,short,short,short,short,short,short,short,short,long,long,long,long,long,long,long,long,long,long,long,long,long,long,long,long,long,long,long,long,long
3672,2022-08-24 12:00:00,OANDA:GBPUSD,1.18226,1.18264,1.17713,1.17758,15046.0,Interval.in_2_hour,20347200.0,long,long,long,long,long,long,long,long,long,long,long,long,long,long,short,short,short,short,short,short,neutral,neutral,long,short,neutral,neutral,neutral,short,short,short,short,short,short,short,short,long,long,long,long,long,long,long,long,long,long,short,long,long,long,long,long,long,long,long,long,long,long
3673,2022-08-24 10:00:00,OANDA:GBPUSD,1.1817,1.1834,1.18088,1.18226,16638.0,Interval.in_2_hour,20340000.0,long,short,long,short,long,long,long,short,long,short,short,short,long,long,short,short,short,short,short,short,neutral,neutral,long,short,neutral,neutral,neutral,long,short,short,short,short,short,long,long,long,long,long,long,long,long,long,long,long,long,short,short,short,short,short,short,short,short,short,long,long,long
3674,2022-08-24 08:00:00,OANDA:GBPUSD,1.18248,1.18306,1.18008,1.1817,10564.0,Interval.in_2_hour,20332800.0,long,long,long,long,long,long,long,long,short,long,short,short,short,long,long,short,short,short,short,short,neutral,neutral,long,short,neutral,neutral,neutral,short,short,short,short,short,long,long,long,long,long,long,long,long,long,long,long,long,long,long,short,short,long,short,short,short,short,short,short,long,long
3675,2022-08-24 06:00:00,OANDA:GBPUSD,1.17998,1.18278,1.17996,1.18248,6662.0,Interval.in_2_hour,20325600.0,long,long,long,short,long,short,long,long,long,short,short,short,short,short,long,long,short,short,short,short,short,short,long,short,neutral,neutral,neutral,short,short,short,short,long,long,long,long,long,long,long,long,long,long,long,long,long,long,short,short,short,short,short,short,short,short,short,short,short,long
3676,2022-08-24 04:00:00,OANDA:GBPUSD,1.18134,1.18198,1.1799,1.17998,11213.0,Interval.in_2_hour,20318400.0,long,long,long,long,long,long,long,long,long,long,long,long,long,short,long,long,long,short,short,short,neutral,neutral,long,short,short,neutral,neutral,short,short,short,short,long,long,long,long,long,long,long,long,long,long,long,long,short,short,long,long,long,short,short,long,short,short,short,short,long,long
3677,2022-08-24 02:00:00,OANDA:GBPUSD,1.18378,1.18385,1.1813,1.18134,8341.0,Interval.in_2_hour,20311200.0,long,long,long,long,long,long,long,long,long,long,long,long,long,short,short,short,long,long,short,short,neutral,neutral,long,short,neutral,neutral,neutral,short,short,long,long,long,long,long,long,long,long,long,long,long,long,long,long,long,long,short,long,long,long,short,short,long,short,short,short,short,short
3678,2022-08-24 00:00:00,OANDA:GBPUSD,1.18308,1.18382,1.18286,1.18378,4458.0,Interval.in_2_hour,20304000.0,short,short,short,long,long,short,short,short,short,short,short,short,short,short,short,short,short,short,short,short,neutral,neutral,long,short,long,neutral,neutral,short,long,long,long,long,long,long,long,long,long,long,long,long,long,long,long,long,long,short,short,short,short,short,short,short,short,short,short,short,short
3679,2022-08-23 22:00:00,OANDA:GBPUSD,1.18173,1.18367,1.1817,1.18308,6357.0,Interval.in_2_hour,20296800.0,short,short,short,long,long,long,short,short,short,short,short,long,long,short,short,short,short,short,short,short,neutral,neutral,long,short,neutral,neutral,neutral,long,long,long,long,long,long,long,long,long,long,long,long,long,long,long,long,long,short,long,short,short,short,short,short,short,short,short,short,short,short
3680,2022-08-23 20:00:00,OANDA:GBPUSD,1.18486,1.18504,1.18168,1.18173,10907.0,Interval.in_2_hour,20289600.0,short,short,short,short,long,long,long,long,long,long,long,long,long,long,short,long,short,short,short,short,long,long,long,short,short,neutral,neutral,long,long,long,long,long,long,long,long,long,long,long,long,long,long,long,long,long,long,long,long,short,short,long,short,long,short,short,long,short,short
3681,2022-08-23 18:00:00,OANDA:GBPUSD,1.18523,1.18743,1.18343,1.18486,15329.0,Interval.in_2_hour,20282400.0,short,short,short,short,short,short,long,short,short,short,short,short,short,short,short,short,short,short,short,short,neutral,neutral,long,short,neutral,neutral,neutral,long,long,long,long,long,long,long,long,long,long,long,long,long,long,long,long,long,long,short,short,short,short,short,short,short,short,short,short,short,short
3682,2022-08-23 16:00:00,OANDA:GBPUSD,1.17649,1.18782,1.1757,1.18523,30743.0,Interval.in_2_hour,20275200.0,short,short,short,short,short,short,short,short,short,short,short,short,short,short,short,short,short,short,short,short,neutral,neutral,long,short,long,neutral,neutral,long,long,long,long,long,long,long,long,long,long,short,long,short,short,short,short,short,short,short,short,short,short,short,short,short,short,short,short,short,short
3683,2022-08-23 14:00:00,OANDA:GBPUSD,1.17634,1.17792,1.17494,1.17649,14390.0,Interval.in_2_hour,20268000.0,long,long,long,long,long,long,long,long,long,long,long,long,long,long,long,long,long,long,short,long,neutral,neutral,long,short,neutral,neutral,neutral,long,short,short,short,short,long,long,short,short,short,short,short,short,short,short,short,short,short,long,long,long,long,long,long,long,long,long,long,long,long
3684,2022-08-23 12:00:00,OANDA:GBPUSD,1.17776,1.17828,1.17456,1.17634,13836.0,Interval.in_2_hour,20260800.0,long,long,long,long,long,long,long,long,long,long,long,long,long,long,long,long,long,long,short,long,long,long,long,short,neutral,neutral,neutral,long,short,short,long,long,long,short,short,short,short,short,short,short,short,short,short,short,short,long,long,long,long,long,long,long,long,long,long,long,long
3685,2022-08-23 10:00:00,OANDA:GBPUSD,1.17283,1.17792,1.17282,1.17776,21919.0,Interval.in_2_hour,20253600.0,short,short,long,long,long,long,long,long,long,long,long,long,long,long,long,long,long,long,short,long,neutral,neutral,long,short,neutral,neutral,neutral,short,short,short,short,short,short,short,short,short,short,short,short,short,short,short,short,short,short,short,short,long,long,long,long,long,long,long,long,long,long
3686,2022-08-23 08:00:00,OANDA:GBPUSD,1.17638,1.17664,1.17172,1.17283,12591.0,Interval.in_2_hour,20246400.0,long,long,long,long,long,long,long,long,long,long,long,long,long,long,long,long,long,long,short,long,neutral,neutral,long,short,short,short,neutral,short,short,short,short,short,short,short,short,short,short,short,short,short,short,short,short,short,short,long,long,long,long,long,long,long,long,long,long,long,long
3687,2022-08-23 06:00:00,OANDA:GBPUSD,1.17725,1.17761,1.17638,1.17638,6963.0,Interval.in_2_hour,20239200.0,long,long,long,long,long,long,long,long,long,long,long,long,long,long,long,long,long,long,short,long,neutral,neutral,long,short,short,neutral,neutral,long,long,long,short,short,short,short,short,short,short,short,short,short,short,short,short,short,short,short,long,short,long,long,long,long,long,long,long,long,long
3688,2022-08-23 04:00:00,OANDA:GBPUSD,1.17744,1.17854,1.17656,1.17725,11180.0,Interval.in_2_hour,20232000.0,long,long,long,long,short,long,long,long,long,long,long,long,long,long,long,long,long,long,short,long,neutral,neutral,long,short,neutral,neutral,neutral,long,long,short,short,short,short,short,short,short,short,short,short,short,short,short,short,short,short,short,short,long,short,short,long,long,long,long,long,long,long
3689,2022-08-23 02:00:00,OANDA:GBPUSD,1.17694,1.17826,1.17576,1.17744,8484.0,Interval.in_2_hour,20224800.0,long,long,long,long,long,short,long,long,long,long,long,long,long,long,long,long,long,long,short,long,neutral,neutral,long,short,long,long,neutral,long,short,short,short,short,short,short,short,short,short,short,short,short,short,short,short,short,short,short,short,short,long,short,short,long,long,long,long,long,long
3690,2022-08-23 00:00:00,OANDA:GBPUSD,1.17654,1.17701,1.1761,1.17694,2504.0,Interval.in_2_hour,20217600.0,long,long,long,long,long,long,long,long,long,long,long,long,long,long,long,long,long,long,short,long,neutral,neutral,long,short,long,neutral,neutral,short,short,short,short,short,short,short,short,short,short,short,short,short,short,short,short,short,short,long,long,short,short,long,short,short,long,long,long,long,long
3691,2022-08-22 22:00:00,OANDA:GBPUSD,1.17524,1.1769,1.17524,1.17654,4916.0,Interval.in_2_hour,20210400.0,long,long,long,long,long,long,long,long,long,long,long,long,long,long,long,long,long,long,short,long,neutral,neutral,long,short,neutral,neutral,neutral,short,short,short,short,short,short,short,short,short,short,short,short,short,short,short,short,short,short,long,long,long,short,short,long,short,short,long,long,long,long
3692,2022-08-22 20:00:00,OANDA:GBPUSD,1.17752,1.1776,1.17518,1.17524,8099.0,Interval.in_2_hour,20203200.0,long,long,long,long,long,long,long,long,long,long,long,long,long,long,long,long,long,long,short,long,neutral,neutral,long,short,short,short,neutral,short,short,short,short,short,short,short,short,short,short,short,short,short,short,short,short,short,short,long,long,long,long,long,short,long,long,long,long,long,long
3693,2022-08-22 18:00:00,OANDA:GBPUSD,1.17894,1.17916,1.1742,1.17752,14293.0,Interval.in_2_hour,20196000.0,long,long,long,long,long,long,long,long,long,short,long,long,long,long,long,long,long,long,short,long,short,short,long,short,short,neutral,neutral,short,short,short,short,short,short,short,short,short,short,short,short,short,short,short,short,short,short,short,short,short,short,short,short,short,long,short,short,long,long
3694,2022-08-22 16:00:00,OANDA:GBPUSD,1.18184,1.18267,1.17732,1.17894,18422.0,Interval.in_2_hour,20188800.0,long,long,long,long,long,long,long,long,long,short,short,long,short,short,long,long,long,long,short,long,short,short,long,short,neutral,neutral,neutral,short,short,short,short,short,short,short,short,short,short,short,short,short,short,short,short,short,short,short,short,short,short,short,short,short,short,short,short,short,long
3695,2022-08-22 14:00:00,OANDA:GBPUSD,1.18042,1.18228,1.17896,1.18184,14635.0,Interval.in_2_hour,20181600.0,long,long,short,long,long,short,short,long,short,long,short,short,short,short,short,short,short,short,short,long,short,short,long,short,neutral,neutral,neutral,short,short,short,short,short,short,short,short,short,short,short,short,short,short,short,short,short,short,short,short,short,short,short,short,short,short,short,short,short,short
3696,2022-08-22 12:00:00,OANDA:GBPUSD,1.18126,1.18196,1.17953,1.18042,14474.0,Interval.in_2_hour,20174400.0,short,long,long,long,long,long,long,short,long,long,long,short,short,long,short,short,short,short,short,long,neutral,neutral,long,short,neutral,neutral,neutral,short,short,short,short,short,short,short,short,short,short,short,short,short,short,short,short,short,short,long,short,short,short,short,short,short,short,short,short,short,short
3697,2022-08-22 10:00:00,OANDA:GBPUSD,1.18124,1.18198,1.1782,1.18126,18833.0,Interval.in_2_hour,20167200.0,short,short,long,long,long,long,long,long,short,long,long,long,short,short,long,short,short,short,short,long,neutral,neutral,long,short,neutral,neutral,neutral,short,short,short,short,short,short,short,short,short,short,short,short,short,short,short,short,short,short,short,long,short,short,short,short,short,short,short,short,short,short
3698,2022-08-22 08:00:00,OANDA:GBPUSD,1.18306,1.18364,1.18118,1.18124,10209.0,Interval.in_2_hour,20160000.0,short,short,short,long,long,long,long,long,long,short,long,long,long,short,short,long,short,short,short,long,neutral,neutral,long,short,neutral,neutral,neutral,long,short,long,long,long,short,short,short,short,short,short,short,short,short,short,short,short,short,long,short,long,short,short,short,short,short,short,short,short,short
3699,2022-08-22 06:00:00,OANDA:GBPUSD,1.18304,1.1837,1.18239,1.18306,6310.0,Interval.in_2_hour,20152800.0,short,short,short,short,long,long,short,long,long,short,short,short,short,short,short,short,short,short,long,long,long,long,long,short,long,neutral,neutral,long,long,long,long,long,short,short,short,short,short,short,short,short,short,short,short,short,short,short,short,short,short,short,short,short,short,short,short,short,short
3700,2022-08-22 04:00:00,OANDA:GBPUSD,1.18074,1.18305,1.18061,1.18304,10037.0,Interval.in_2_hour,20145600.0,short,short,short,short,short,long,long,short,long,long,short,short,short,short,short,short,short,short,long,long,neutral,neutral,long,short,neutral,neutral,neutral,short,long,long,short,short,short,short,short,short,short,short,short,short,short,short,short,short,short,long,short,short,short,short,short,short,short,short,short,short,short
3701,2022-08-22 02:00:00,OANDA:GBPUSD,1.1822,1.18252,1.18054,1.18074,8440.0,Interval.in_2_hour,20138400.0,short,short,short,short,short,short,long,long,long,long,long,long,short,long,long,long,short,short,long,long,neutral,neutral,long,short,short,neutral,neutral,short,long,short,short,short,short,short,short,short,short,short,short,short,short,short,short,short,short,long,long,long,long,short,long,short,short,short,short,short,short
3702,2022-08-22 00:00:00,OANDA:GBPUSD,1.18291,1.18365,1.18171,1.1822,2511.0,Interval.in_2_hour,20131200.0,short,short,short,short,short,short,short,long,long,short,long,long,short,short,long,short,long,short,long,long,neutral,neutral,long,short,neutral,neutral,neutral,long,short,short,short,short,short,short,short,short,short,short,short,short,short,short,short,short,short,short,long,long,short,short,short,short,short,short,short,short,short
3703,2022-08-19 22:00:00,OANDA:GBPUSD,1.18112,1.1833,1.18112,1.18291,5349.0,Interval.in_2_hour,19951200.0,short,short,short,short,short,short,short,short,long,long,short,long,long,short,short,short,short,short,long,long,neutral,neutral,long,short,neutral,neutral,neutral,short,short,short,short,short,short,short,short,short,short,short,short,short,short,short,short,short,short,short,short,long,long,short,short,short,short,short,short,short,short
3704,2022-08-19 20:00:00,OANDA:GBPUSD,1.18253,1.18346,1.1811,1.18112,7680.0,Interval.in_2_hour,19944000.0,short,short,short,short,short,short,short,short,short,long,long,long,long,long,long,short,long,long,long,long,neutral,neutral,long,short,neutral,neutral,neutral,short,short,short,short,short,short,short,short,short,short,short,short,short,short,short,short,short,short,long,long,short,long,long,long,long,short,long,short,short,short
3705,2022-08-19 18:00:00,OANDA:GBPUSD,1.18034,1.18271,1.1792,1.18253,11877.0,Interval.in_2_hour,19936800.0,short,short,short,short,short,short,short,short,short,short,long,long,short,long,long,short,short,short,long,long,short,short,long,short,neutral,neutral,neutral,short,short,short,short,short,short,short,short,short,short,short,short,short,short,short,short,short,short,short,long,short,short,long,long,short,short,short,short,short,short
3706,2022-08-19 16:00:00,OANDA:GBPUSD,1.18478,1.18576,1.17968,1.18034,17624.0,Interval.in_2_hour,19929600.0,short,short,short,short,short,short,short,short,short,short,short,long,long,long,long,long,long,short,long,long,short,short,long,short,neutral,neutral,neutral,short,short,short,short,short,short,short,short,short,short,short,short,short,short,short,short,short,short,long,long,long,long,long,long,long,long,long,long,long,short
3707,2022-08-19 14:00:00,OANDA:GBPUSD,1.18413,1.18548,1.18155,1.18478,17310.0,Interval.in_2_hour,19922400.0,short,short,short,short,short,short,short,short,short,short,short,short,long,long,short,short,short,short,long,long,neutral,neutral,long,short,neutral,neutral,neutral,short,short,short,short,short,short,short,short,short,short,short,short,short,short,short,short,short,short,short,short,short,short,short,short,short,short,short,short,short,short
3708,2022-08-19 12:00:00,OANDA:GBPUSD,1.18956,1.18966,1.18406,1.18413,14756.0,Interval.in_2_hour,19915200.0,short,short,short,short,short,short,short,short,short,short,short,short,short,long,long,short,short,short,long,long,neutral,neutral,long,short,short,neutral,neutral,short,short,short,short,short,short,short,short,short,short,short,short,short,short,short,short,short,short,long,short,short,short,short,short,short,short,short,short,short,short
3709,2022-08-19 10:00:00,OANDA:GBPUSD,1.19049,1.19261,1.18792,1.18956,17550.0,Interval.in_2_hour,19908000.0,short,short,short,short,short,short,short,short,short,short,short,short,short,short,short,short,short,short,short,long,neutral,neutral,long,short,neutral,neutral,neutral,short,short,short,short,short,short,short,short,short,short,short,short,short,short,short,short,short,short,short,short,short,short,short,short,short,short,short,short,short,short
3710,2022-08-19 08:00:00,OANDA:GBPUSD,1.19024,1.19262,1.18996,1.19049,11854.0,Interval.in_2_hour,19900800.0,short,short,short,short,short,short,short,short,short,short,short,short,short,short,short,short,short,short,short,long,short,neutral,long,short,neutral,neutral,neutral,short,short,short,short,short,short,short,short,short,short,short,short,short,short,short,short,short,short,short,short,short,short,short,short,short,short,short,short,short,short
3711,2022-08-19 06:00:00,OANDA:GBPUSD,1.19242,1.19252,1.18944,1.19024,7172.0,Interval.in_2_hour,19893600.0,short,short,short,short,short,short,short,short,short,short,short,short,short,short,short,short,short,short,short,long,neutral,neutral,long,short,neutral,neutral,neutral,short,short,short,short,short,short,short,short,short,short,short,short,short,short,short,short,short,short,long,short,short,short,short,short,short,short,short,short,short,short
3712,2022-08-19 04:00:00,OANDA:GBPUSD,1.19062,1.19262,1.19052,1.19242,10822.0,Interval.in_2_hour,19886400.0,short,short,short,short,short,short,short,short,short,short,short,short,short,short,short,short,short,short,long,long,neutral,neutral,long,short,neutral,neutral,neutral,short,short,short,short,short,short,short,short,short,short,short,short,short,short,short,short,short,short,short,short,short,short,short,short,short,short,short,short,short,short
3713,2022-08-19 02:00:00,OANDA:GBPUSD,1.19296,1.19364,1.19052,1.19062,8614.0,Interval.in_2_hour,19879200.0,short,short,short,short,short,short,short,short,short,short,short,short,short,short,short,short,short,short,long,long,neutral,neutral,long,short,short,short,short,short,short,short,short,short,short,short,short,short,short,short,short,short,short,short,short,short,short,long,short,short,short,short,short,short,short,short,short,short,short
3714,2022-08-19 00:00:00,OANDA:GBPUSD,1.1932,1.19376,1.19275,1.19296,9783.0,Interval.in_2_hour,19872000.0,short,short,short,short,short,short,short,short,short,short,short,short,short,short,short,short,short,short,long,long,neutral,neutral,long,short,short,short,short,short,short,short,short,short,short,short,short,short,short,short,short,short,short,short,short,short,short,short,short,short,short,short,short,short,short,short,short,short,short
3715,2022-08-18 22:00:00,OANDA:GBPUSD,1.19322,1.1944,1.193,1.1932,5756.0,Interval.in_2_hour,19864800.0,short,short,short,short,short,short,short,short,short,short,short,short,short,short,short,short,short,short,long,long,short,short,long,short,short,short,short,short,short,short,short,short,short,short,short,short,short,short,short,short,short,short,short,short,short,short,short,short,short,short,short,short,short,short,short,short,short
3716,2022-08-18 20:00:00,OANDA:GBPUSD,1.1937,1.19432,1.19228,1.19322,12861.0,Interval.in_2_hour,19857600.0,short,short,short,short,short,short,short,short,short,short,short,short,short,short,short,short,short,short,long,long,neutral,neutral,long,short,short,short,short,short,short,short,short,short,short,short,short,short,short,short,short,short,short,short,short,short,short,short,short,short,short,short,short,short,short,short,short,short,short
3717,2022-08-18 18:00:00,OANDA:GBPUSD,1.20028,1.2014,1.19355,1.1937,13561.0,Interval.in_2_hour,19850400.0,short,short,short,short,short,short,short,short,short,short,short,short,short,short,short,short,short,short,long,long,neutral,neutral,long,short,short,short,neutral,short,short,short,short,short,short,short,short,short,short,short,short,short,short,short,short,short,short,short,short,short,short,short,short,short,short,short,short,short,short
3718,2022-08-18 16:00:00,OANDA:GBPUSD,1.20491,1.20536,1.19872,1.20028,21854.0,Interval.in_2_hour,19843200.0,short,short,short,short,short,short,short,short,short,short,short,short,short,short,short,short,short,short,short,long,neutral,neutral,long,short,short,neutral,neutral,long,long,short,short,short,short,short,short,short,short,short,short,short,short,short,short,short,short,short,short,short,short,short,short,short,short,short,short,short,short
3719,2022-08-18 14:00:00,OANDA:GBPUSD,1.20531,1.20743,1.20357,1.20491,17797.0,Interval.in_2_hour,19836000.0,short,short,short,short,short,short,short,short,short,short,short,short,short,short,short,short,short,short,short,long,neutral,neutral,long,short,neutral,neutral,neutral,long,long,long,long,long,short,short,long,short,short,short,short,short,short,short,short,short,short,short,short,short,short,short,short,short,short,short,short,short,short
3720,2022-08-18 12:00:00,OANDA:GBPUSD,1.20476,1.20797,1.20386,1.20531,13990.0,Interval.in_2_hour,19828800.0,short,short,short,short,short,short,short,short,short,short,short,short,short,short,short,short,short,short,short,long,neutral,neutral,long,short,long,neutral,neutral,long,long,long,long,short,short,long,short,short,short,short,short,short,short,short,short,short,short,short,short,short,short,short,short,short,short,short,short,short,short
3721,2022-08-18 10:00:00,OANDA:GBPUSD,1.20028,1.20582,1.20028,1.20476,19930.0,Interval.in_2_hour,19821600.0,short,short,short,short,short,short,short,short,short,short,short,short,short,short,short,short,short,short,short,long,neutral,neutral,long,short,neutral,neutral,neutral,short,short,short,short,short,short,short,short,short,short,short,short,short,short,short,short,short,short,long,long,short,short,short,short,short,short,short,short,short,short
3722,2022-08-18 08:00:00,OANDA:GBPUSD,1.204,1.20507,1.19948,1.20028,12615.0,Interval.in_2_hour,19814400.0,short,short,short,short,short,short,short,short,short,short,short,short,short,short,short,short,short,short,short,long,neutral,neutral,long,short,short,short,neutral,short,short,short,short,short,short,short,short,short,short,short,short,short,short,short,short,short,short,long,long,long,long,short,short,short,short,short,short,short,short
3723,2022-08-18 06:00:00,OANDA:GBPUSD,1.2049,1.20528,1.20307,1.204,7301.0,Interval.in_2_hour,19807200.0,short,short,short,short,short,short,short,short,short,short,short,short,short,short,short,short,short,short,short,long,neutral,neutral,long,short,short,neutral,neutral,short,short,short,long,short,short,short,short,short,short,short,short,short,short,short,short,short,long,short,long,long,long,short,short,short,short,short,short,short,short
3724,2022-08-18 04:00:00,OANDA:GBPUSD,1.20514,1.20594,1.20406,1.2049,11324.0,Interval.in_2_hour,19800000.0,short,short,short,short,short,short,short,short,short,short,short,short,short,short,short,short,short,short,short,long,neutral,neutral,long,short,neutral,neutral,neutral,short,short,long,short,short,short,short,short,short,short,short,short,short,short,short,short,long,long,short,short,short,long,long,short,short,short,short,short,short,short
3725,2022-08-18 02:00:00,OANDA:GBPUSD,1.20483,1.20608,1.20422,1.20514,6913.0,Interval.in_2_hour,19792800.0,short,short,short,short,short,short,short,short,short,short,short,short,short,short,short,short,short,short,short,long,neutral,neutral,long,short,neutral,neutral,neutral,short,long,short,short,short,short,short,short,short,short,short,short,short,short,short,long,long,long,short,short,short,short,long,short,short,short,short,short,short,short
3726,2022-08-18 00:00:00,OANDA:GBPUSD,1.205,1.20596,1.20466,1.20483,8184.0,Interval.in_2_hour,19785600.0,short,short,short,short,short,short,short,short,short,short,short,short,short,short,short,short,short,short,short,long,neutral,neutral,long,short,short,neutral,neutral,long,short,short,short,short,short,short,short,short,short,short,short,short,short,long,long,long,long,long,long,short,short,short,long,long,short,short,short,short,short
3727,2022-08-17 22:00:00,OANDA:GBPUSD,1.20642,1.20725,1.2046,1.205,8170.0,Interval.in_2_hour,19778400.0,short,short,short,short,short,short,short,short,short,short,short,short,short,short,short,short,short,short,short,long,long,long,long,short,neutral,neutral,neutral,long,short,short,short,short,short,short,short,short,short,short,short,short,long,long,long,long,long,short,long,short,short,short,short,long,short,short,short,short,short
3728,2022-08-17 20:00:00,OANDA:GBPUSD,1.20402,1.2088,1.20354,1.20642,20344.0,Interval.in_2_hour,19771200.0,short,short,short,short,short,short,short,short,short,short,short,short,short,short,short,short,short,short,short,long,neutral,neutral,long,short,neutral,neutral,neutral,short,short,short,short,short,short,short,short,short,short,short,short,long,long,long,long,short,long,short,short,short,short,short,short,short,short,short,short,short,short
3729,2022-08-17 18:00:00,OANDA:GBPUSD,1.20446,1.20524,1.20282,1.20402,12336.0,Interval.in_2_hour,19764000.0,short,short,short,short,short,short,short,short,short,short,short,short,short,short,short,short,short,short,short,long,neutral,neutral,long,short,short,short,short,short,short,short,short,short,short,short,short,short,short,short,long,long,long,short,short,short,short,long,long,long,long,long,short,short,long,long,long,short,short
3730,2022-08-17 16:00:00,OANDA:GBPUSD,1.20624,1.20957,1.20397,1.20446,21735.0,Interval.in_2_hour,19756800.0,short,short,short,short,short,short,short,short,short,short,short,short,short,short,short,short,short,short,short,long,neutral,neutral,long,short,short,short,short,short,short,short,short,short,short,short,short,short,short,long,long,long,long,short,long,long,short,short,long,long,long,long,long,short,short,long,long,long,short
3731,2022-08-17 14:00:00,OANDA:GBPUSD,1.21021,1.21025,1.20477,1.20624,18969.0,Interval.in_2_hour,19749600.0,short,short,short,short,short,short,short,short,short,short,short,short,short,short,short,short,short,short,short,long,long,neutral,long,short,short,short,short,short,short,short,short,short,short,short,short,long,long,long,long,long,long,long,long,long,long,short,short,long,short,short,short,short,short,short,short,short,short
3732,2022-08-17 12:00:00,OANDA:GBPUSD,1.21037,1.21146,1.2093,1.21021,13961.0,Interval.in_2_hour,19742400.0,short,short,short,short,short,short,short,short,short,short,short,short,short,short,short,short,short,short,short,long,neutral,neutral,long,short,short,short,neutral,short,short,long,long,long,long,long,long,long,long,long,long,long,long,long,long,long,long,short,short,short,short,short,short,short,short,short,short,short,short
3733,2022-08-17 10:00:00,OANDA:GBPUSD,1.21084,1.21202,1.20776,1.21037,17108.0,Interval.in_2_hour,19735200.0,short,short,short,short,short,short,short,short,short,short,short,short,short,short,short,short,short,short,short,long,neutral,neutral,long,short,short,neutral,neutral,short,long,long,long,long,long,long,long,long,long,long,long,long,long,long,long,long,long,short,short,short,short,short,short,short,short,short,short,short,short
3734,2022-08-17 08:00:00,OANDA:GBPUSD,1.21194,1.21438,1.20984,1.21084,11296.0,Interval.in_2_hour,19728000.0,short,short,short,short,short,short,short,short,short,short,short,short,short,short,short,short,short,short,short,long,neutral,neutral,long,short,neutral,neutral,neutral,long,long,long,long,long,long,long,long,long,long,long,long,long,long,long,long,long,long,short,short,short,short,short,short,short,short,short,short,short,short
3735,2022-08-17 06:00:00,OANDA:GBPUSD,1.21054,1.21222,1.2098,1.21194,8398.0,Interval.in_2_hour,19720800.0,short,short,short,short,short,short,short,short,short,short,short,short,short,short,short,short,short,short,short,long,neutral,neutral,long,short,neutral,neutral,neutral,long,long,long,long,long,long,long,long,long,long,long,long,long,long,long,long,long,long,short,short,short,short,short,short,short,short,short,short,short,short
3736,2022-08-17 04:00:00,OANDA:GBPUSD,1.21076,1.21166,1.21018,1.21054,11957.0,Interval.in_2_hour,19713600.0,short,short,short,short,short,short,short,short,short,short,short,short,short,short,short,short,short,short,short,long,neutral,neutral,long,short,neutral,neutral,neutral,long,long,long,long,long,long,long,long,long,long,long,long,long,long,long,long,long,long,long,long,short,short,short,short,short,short,short,short,short,short
3737,2022-08-17 02:00:00,OANDA:GBPUSD,1.20963,1.21086,1.20938,1.21076,7038.0,Interval.in_2_hour,19706400.0,short,short,short,short,short,short,short,short,short,short,short,short,short,short,short,short,short,short,short,long,neutral,neutral,long,short,neutral,neutral,neutral,long,long,long,long,long,long,long,long,long,long,long,long,long,long,long,long,long,long,short,long,long,short,short,short,short,short,short,short,short,short
3738,2022-08-17 00:00:00,OANDA:GBPUSD,1.20986,1.20996,1.20879,1.20963,11195.0,Interval.in_2_hour,19699200.0,short,short,short,short,short,short,short,short,short,short,short,short,short,short,short,short,short,short,short,short,neutral,neutral,long,short,neutral,neutral,neutral,long,long,long,long,long,long,long,long,long,long,long,long,long,long,long,long,long,short,long,long,long,long,long,long,short,short,short,short,short,short
3739,2022-08-16 22:00:00,OANDA:GBPUSD,1.20896,1.20997,1.2084,1.20986,5973.0,Interval.in_2_hour,19692000.0,short,short,short,short,short,short,short,short,short,short,short,short,short,short,short,short,short,short,short,short,neutral,neutral,long,short,long,neutral,neutral,long,long,long,long,long,long,long,long,long,long,long,long,long,long,long,long,short,short,short,long,long,long,long,long,long,short,short,short,short,short
3740,2022-08-16 20:00:00,OANDA:GBPUSD,1.20816,1.21049,1.20793,1.20896,8370.0,Interval.in_2_hour,19684800.0,short,short,short,short,short,short,short,short,short,short,short,short,short,short,short,short,short,short,short,short,neutral,neutral,long,short,neutral,neutral,neutral,long,long,long,long,long,long,long,long,long,long,long,long,short,long,short,short,short,short,long,long,long,long,long,long,long,long,short,short,short,short
3741,2022-08-16 18:00:00,OANDA:GBPUSD,1.20954,1.21074,1.20746,1.20816,10514.0,Interval.in_2_hour,19677600.0,short,short,short,short,short,short,short,short,short,short,short,short,short,short,short,short,short,short,short,short,neutral,neutral,long,short,neutral,neutral,neutral,long,long,long,long,long,long,long,long,long,long,long,short,long,short,short,short,short,short,long,long,long,long,long,long,long,long,long,short,short,short
3742,2022-08-16 16:00:00,OANDA:GBPUSD,1.2055,1.2118,1.20486,1.20954,21257.0,Interval.in_2_hour,19670400.0,short,short,short,short,short,short,short,short,short,short,short,short,short,short,short,short,short,short,short,short,neutral,neutral,long,short,long,neutral,neutral,long,long,long,long,long,long,long,long,short,short,short,short,short,short,short,short,short,short,short,short,long,long,long,long,long,long,long,long,short,short
3743,2022-08-16 14:00:00,OANDA:GBPUSD,1.20229,1.20576,1.20131,1.2055,16009.0,Interval.in_2_hour,19663200.0,short,short,long,short,short,short,short,short,short,short,short,short,short,short,short,short,short,short,short,short,neutral,neutral,long,short,neutral,neutral,neutral,short,short,short,short,short,short,short,short,short,short,short,short,short,short,short,short,short,short,long,long,long,long,long,long,long,long,long,long,long,long
3744,2022-08-16 12:00:00,OANDA:GBPUSD,1.20372,1.20488,1.20164,1.20229,15820.0,Interval.in_2_hour,19656000.0,long,long,long,long,long,long,long,long,long,short,long,long,long,short,short,short,short,short,short,short,neutral,neutral,long,short,neutral,neutral,neutral,short,short,short,short,short,short,short,short,short,short,short,short,short,short,short,short,short,short,long,long,long,long,long,long,long,long,long,long,long,long
3745,2022-08-16 10:00:00,OANDA:GBPUSD,1.20372,1.20584,1.20078,1.20372,17373.0,Interval.in_2_hour,19648800.0,long,long,long,long,long,long,long,long,long,long,short,long,long,long,short,short,short,short,short,short,neutral,neutral,long,short,neutral,neutral,neutral,short,short,short,short,short,short,short,short,short,short,short,short,short,short,short,short,short,short,short,long,long,long,long,long,long,long,long,long,long,long
3746,2022-08-16 08:00:00,OANDA:GBPUSD,1.2052,1.20564,1.20366,1.20372,11207.0,Interval.in_2_hour,19641600.0,long,long,long,long,long,long,long,long,long,long,long,short,long,long,long,short,short,short,short,short,neutral,neutral,long,short,short,neutral,neutral,short,short,short,short,short,short,short,short,short,short,short,short,short,short,short,short,short,short,long,short,long,long,long,long,long,long,long,long,long,long
3747,2022-08-16 06:00:00,OANDA:GBPUSD,1.20568,1.20608,1.20444,1.2052,6171.0,Interval.in_2_hour,19634400.0,long,long,long,long,short,short,long,short,short,short,short,short,short,short,long,short,short,short,short,short,short,short,long,short,neutral,neutral,neutral,short,short,short,short,short,short,short,short,short,short,short,short,short,short,short,short,short,short,short,short,short,long,long,long,long,long,long,long,long,long
3748,2022-08-16 04:00:00,OANDA:GBPUSD,1.20399,1.20582,1.20354,1.20568,9618.0,Interval.in_2_hour,19627200.0,long,long,long,long,long,short,short,long,short,short,short,short,short,short,short,short,short,short,short,short,neutral,neutral,long,short,neutral,neutral,neutral,short,short,short,short,short,short,short,short,short,short,short,short,short,short,short,short,short,short,short,short,short,short,short,long,long,long,long,long,long,long
3749,2022-08-16 02:00:00,OANDA:GBPUSD,1.20539,1.2058,1.2038,1.20399,6384.0,Interval.in_2_hour,19620000.0,long,long,long,long,long,long,long,long,long,long,long,long,long,long,short,long,long,long,short,short,neutral,neutral,long,short,short,neutral,neutral,short,short,short,short,short,short,short,short,short,short,short,short,short,short,short,short,short,short,long,long,short,short,short,long,long,long,long,long,long,long
3750,2022-08-16 00:00:00,OANDA:GBPUSD,1.20551,1.20597,1.20525,1.20539,9444.0,Interval.in_2_hour,19612800.0,long,long,long,long,long,long,long,short,short,long,short,short,short,short,short,short,short,short,short,short,neutral,neutral,long,short,neutral,neutral,neutral,short,short,short,short,short,short,short,short,short,short,short,short,short,short,short,short,short,short,short,long,short,short,short,short,long,long,long,long,long,long
3751,2022-08-15 22:00:00,OANDA:GBPUSD,1.20543,1.20598,1.20506,1.20551,5427.0,Interval.in_2_hour,19605600.0,long,long,long,long,long,long,long,long,short,short,long,short,short,short,short,short,short,short,short,short,neutral,neutral,long,short,neutral,neutral,neutral,short,short,short,short,short,short,short,short,short,short,short,short,short,short,short,short,short,short,short,short,long,short,short,short,short,short,long,long,long,long
3752,2022-08-15 20:00:00,OANDA:GBPUSD,1.20846,1.20866,1.20537,1.20543,7322.0,Interval.in_2_hour,19598400.0,long,long,long,long,long,long,long,long,long,short,short,long,short,short,short,short,short,short,short,long,neutral,neutral,long,short,neutral,neutral,neutral,short,short,short,short,short,short,short,short,short,short,short,short,short,short,short,short,short,short,long,short,short,long,short,short,short,short,long,long,long,long
3753,2022-08-15 18:00:00,OANDA:GBPUSD,1.20794,1.20921,1.20684,1.20846,10115.0,Interval.in_2_hour,19591200.0,long,long,long,long,long,long,long,long,long,short,short,short,short,short,short,short,short,short,short,short,neutral,neutral,long,short,neutral,neutral,neutral,short,short,short,short,short,short,short,short,short,short,short,short,short,short,short,short,short,short,short,short,short,short,short,short,short,short,short,short,long,short
3754,2022-08-15 16:00:00,OANDA:GBPUSD,1.20892,1.21094,1.20742,1.20794,17644.0,Interval.in_2_hour,19584000.0,long,long,long,long,long,long,long,long,long,long,short,short,short,short,short,short,short,short,short,short,neutral,neutral,long,short,short,neutral,neutral,short,short,short,short,short,short,short,short,short,short,short,short,short,short,short,short,short,short,long,short,short,short,short,short,short,short,short,short,short,long
3755,2022-08-15 14:00:00,OANDA:GBPUSD,1.20916,1.21152,1.20767,1.20892,17275.0,Interval.in_2_hour,19576800.0,long,short,long,long,long,long,long,long,long,long,long,short,short,short,short,short,short,short,short,long,short,neutral,long,short,neutral,neutral,neutral,short,short,short,short,short,short,short,short,short,short,short,short,short,short,short,short,short,short,short,short,short,short,short,short,short,short,short,short,short,short
3756,2022-08-15 12:00:00,OANDA:GBPUSD,1.20746,1.20922,1.20505,1.20916,13922.0,Interval.in_2_hour,19569600.0,short,long,short,short,long,long,long,long,long,long,long,long,short,short,short,short,short,short,short,long,neutral,neutral,long,short,neutral,neutral,neutral,short,short,short,short,short,short,short,short,short,short,short,short,short,short,short,short,short,short,short,short,short,short,short,short,short,short,short,short,short,short
3757,2022-08-15 10:00:00,OANDA:GBPUSD,1.21048,1.21122,1.20689,1.20746,14466.0,Interval.in_2_hour,19562400.0,short,short,long,long,long,long,long,long,long,long,long,long,long,short,short,short,short,short,short,long,short,short,long,short,short,neutral,neutral,short,short,short,short,short,short,short,short,short,short,short,short,short,short,short,short,short,short,long,long,long,long,short,short,short,short,short,short,short,short
3758,2022-08-15 08:00:00,OANDA:GBPUSD,1.21155,1.21216,1.21024,1.21048,9228.0,Interval.in_2_hour,19555200.0,short,short,short,short,short,short,short,short,long,long,long,long,short,short,short,short,short,short,short,long,neutral,neutral,long,short,neutral,neutral,neutral,short,short,short,short,short,short,short,short,short,short,short,short,short,short,short,short,short,short,short,short,short,short,short,short,short,short,short,short,short,short
3759,2022-08-15 06:00:00,OANDA:GBPUSD,1.2113,1.21262,1.21112,1.21155,6407.0,Interval.in_2_hour,19548000.0,short,short,short,short,short,short,short,short,short,short,short,long,short,short,short,short,short,short,short,long,neutral,neutral,long,short,neutral,neutral,neutral,short,short,short,short,short,short,short,short,short,short,short,short,short,short,short,short,short,short,short,short,short,short,short,short,short,short,short,short,short,short
3760,2022-08-15 04:00:00,OANDA:GBPUSD,1.21426,1.21456,1.21084,1.2113,9972.0,Interval.in_2_hour,19540800.0,short,short,short,short,short,short,short,short,short,short,short,short,long,short,short,short,short,short,short,long,long,neutral,long,short,neutral,neutral,neutral,short,short,long,long,long,short,short,short,short,short,short,short,short,short,short,short,short,short,long,short,short,short,short,short,short,short,short,short,short,short
3761,2022-08-15 02:00:00,OANDA:GBPUSD,1.21326,1.21484,1.21264,1.21426,6813.0,Interval.in_2_hour,19533600.0,short,short,short,short,short,short,short,short,short,short,short,short,short,short,short,short,short,short,short,long,neutral,neutral,long,short,neutral,neutral,neutral,long,long,long,long,short,short,short,short,short,short,short,short,short,short,short,short,short,short,short,short,short,short,short,short,short,short,short,short,short,short
3762,2022-08-15 00:00:00,OANDA:GBPUSD,1.21362,1.21398,1.21296,1.21326,1903.0,Interval.in_2_hour,19526400.0,short,short,short,short,short,short,short,short,short,short,short,short,short,short,short,short,short,short,short,long,neutral,neutral,long,short,short,neutral,neutral,long,long,long,short,short,short,short,short,short,short,short,short,short,short,short,short,short,short,long,short,short,short,short,short,short,short,short,short,short,short
3763,2022-08-12 22:00:00,OANDA:GBPUSD,1.21407,1.21412,1.21316,1.21362,5307.0,Interval.in_2_hour,19346400.0,short,short,short,short,short,short,short,short,short,short,short,short,short,short,short,short,short,short,short,long,neutral,neutral,long,short,neutral,neutral,neutral,long,long,short,short,short,short,short,short,short,short,short,short,short,short,short,short,short,short,short,long,short,short,short,short,short,short,short,short,short,short
3764,2022-08-12 20:00:00,OANDA:GBPUSD,1.21292,1.21468,1.21291,1.21407,7537.0,Interval.in_2_hour,19339200.0,short,short,short,short,short,short,short,short,short,short,short,short,short,short,short,short,short,short,short,long,neutral,neutral,long,short,long,long,neutral,long,short,short,short,short,short,short,short,short,short,short,short,short,short,short,short,short,short,short,short,long,short,short,short,short,short,short,short,short,short
3765,2022-08-12 18:00:00,OANDA:GBPUSD,1.21178,1.21374,1.2116,1.21292,14799.0,Interval.in_2_hour,19332000.0,short,short,short,short,short,short,short,short,short,short,short,short,short,short,short,short,short,short,short,long,neutral,neutral,long,short,long,neutral,neutral,short,short,short,short,short,short,short,short,short,short,short,short,short,short,short,short,short,short,long,long,long,long,short,short,short,short,short,short,short,short
3766,2022-08-12 16:00:00,OANDA:GBPUSD,1.21112,1.21444,1.20996,1.21178,28629.0,Interval.in_2_hour,19324800.0,short,short,short,short,short,short,short,short,short,short,short,short,short,short,short,short,short,short,short,long,neutral,neutral,long,short,neutral,neutral,neutral,short,short,short,short,short,short,short,short,short,short,short,short,short,short,short,short,short,short,long,long,long,long,long,short,short,short,short,short,short,short
3767,2022-08-12 14:00:00,OANDA:GBPUSD,1.21305,1.21492,1.21088,1.21112,18382.0,Interval.in_2_hour,19317600.0,short,short,short,short,short,short,short,short,short,short,short,short,short,short,short,short,short,short,short,long,neutral,neutral,long,short,short,short,neutral,short,short,short,short,short,short,short,short,short,short,short,short,short,short,short,short,short,short,long,long,long,long,long,long,long,long,short,short,short,short
3768,2022-08-12 12:00:00,OANDA:GBPUSD,1.21786,1.21787,1.21159,1.21305,16355.0,Interval.in_2_hour,19310400.0,short,short,short,short,short,short,short,short,short,short,short,short,short,short,short,short,short,short,short,long,neutral,neutral,long,short,short,neutral,neutral,short,short,short,short,short,short,short,short,short,short,short,short,short,short,short,short,short,short,short,short,short,long,long,long,long,short,short,short,short,short
3769,2022-08-12 10:00:00,OANDA:GBPUSD,1.22002,1.22066,1.21678,1.21786,16015.0,Interval.in_2_hour,19303200.0,short,short,short,short,short,short,short,short,short,short,short,short,short,short,short,short,short,short,short,short,neutral,neutral,long,short,neutral,neutral,neutral,long,short,short,short,short,short,short,short,short,short,short,long,short,short,short,short,short,short,short,short,short,short,short,short,short,short,short,short,short,short
3770,2022-08-12 08:00:00,OANDA:GBPUSD,1.21896,1.2217,1.21846,1.22002,10773.0,Interval.in_2_hour,19296000.0,short,short,short,short,short,short,short,short,short,short,short,short,short,short,short,short,short,short,short,short,neutral,neutral,long,short,long,neutral,neutral,long,short,short,short,short,short,short,short,short,short,long,short,short,short,short,short,short,short,short,short,short,short,short,short,short,short,short,short,short,short
3771,2022-08-12 06:00:00,OANDA:GBPUSD,1.2184,1.21972,1.21829,1.21896,6947.0,Interval.in_2_hour,19288800.0,short,short,short,short,short,short,short,short,short,short,short,short,short,short,short,short,short,short,short,short,short,short,long,short,neutral,neutral,neutral,short,short,short,short,short,short,short,short,short,short,short,short,short,short,short,short,short,long,long,short,short,short,short,short,short,short,short,short,short,short
3772,2022-08-12 04:00:00,OANDA:GBPUSD,1.21848,1.21934,1.21787,1.2184,9309.0,Interval.in_2_hour,19281600.0,short,short,short,short,short,short,short,short,short,short,short,short,short,short,short,short,short,short,short,short,neutral,neutral,long,short,short,short,neutral,short,short,short,short,short,short,short,short,short,short,short,short,short,short,short,short,long,long,long,long,short,short,short,short,short,short,short,short,short,short
3773,2022-08-12 02:00:00,OANDA:GBPUSD,1.21996,1.22016,1.21774,1.21848,7915.0,Interval.in_2_hour,19274400.0,short,short,short,short,short,short,short,short,short,short,short,short,short,short,short,short,short,short,short,short,neutral,neutral,long,short,short,neutral,neutral,short,short,short,short,short,short,short,long,short,short,short,short,short,short,short,long,long,long,short,long,long,short,short,short,short,short,short,short,short,short
3774,2022-08-12 00:00:00,OANDA:GBPUSD,1.22008,1.22042,1.2198,1.21996,2232.0,Interval.in_2_hour,19267200.0,short,short,short,short,short,short,short,short,short,short,short,short,short,short,short,short,short,short,short,short,neutral,neutral,long,short,neutral,neutral,neutral,short,short,short,short,short,short,long,long,short,short,short,short,short,short,long,long,long,long,short,short,short,long,short,short,short,short,short,short,short,short
3775,2022-08-11 22:00:00,OANDA:GBPUSD,1.22001,1.22016,1.21853,1.22008,8149.0,Interval.in_2_hour,19260000.0,short,short,short,short,short,short,short,short,short,short,short,short,short,short,short,short,short,short,short,short,neutral,neutral,long,short,neutral,neutral,neutral,short,short,short,short,short,long,long,short,short,short,short,short,short,long,long,long,long,long,short,short,short,short,short,short,short,short,short,short,short,short
3776,2022-08-11 20:00:00,OANDA:GBPUSD,1.22241,1.22269,1.21912,1.22001,13815.0,Interval.in_2_hour,19252800.0,short,short,short,short,short,short,short,short,short,short,short,short,short,short,short,short,short,short,short,short,neutral,neutral,long,short,neutral,neutral,neutral,short,short,short,long,long,long,short,short,short,short,short,short,long,long,long,long,long,long,long,short,short,short,short,long,short,short,short,short,short,short
3777,2022-08-11 18:00:00,OANDA:GBPUSD,1.22236,1.22304,1.21964,1.22241,19396.0,Interval.in_2_hour,19245600.0,short,short,short,short,short,short,short,short,short,short,short,short,short,short,short,short,short,short,short,short,neutral,neutral,long,short,neutral,neutral,neutral,short,short,long,long,long,long,long,long,short,short,short,long,long,long,long,long,long,long,short,short,short,short,short,short,short,short,short,short,short,short
3778,2022-08-11 16:00:00,OANDA:GBPUSD,1.22357,1.22494,1.22144,1.22236,24926.0,Interval.in_2_hour,19238400.0,short,short,short,short,short,short,short,short,short,short,short,short,short,short,short,short,short,short,short,short,neutral,neutral,long,short,neutral,neutral,neutral,short,long,long,long,long,long,long,short,short,short,long,long,long,long,long,long,long,long,long,short,short,short,short,short,short,short,short,short,short,short
3779,2022-08-11 14:00:00,OANDA:GBPUSD,1.22062,1.22448,1.21986,1.22357,21671.0,Interval.in_2_hour,19231200.0,short,short,short,short,short,short,short,short,short,short,short,short,short,short,short,short,short,short,short,short,short,short,long,short,neutral,neutral,neutral,long,long,long,long,long,short,short,short,short,long,long,long,long,long,long,long,long,long,short,short,short,short,short,short,short,short,short,short,short,short
3780,2022-08-11 12:00:00,OANDA:GBPUSD,1.22422,1.22424,1.21943,1.22062,16335.0,Interval.in_2_hour,19224000.0,short,short,short,short,short,short,short,short,short,short,short,short,short,short,short,short,short,short,short,short,long,neutral,long,short,neutral,neutral,neutral,long,long,long,long,long,short,short,short,long,long,long,long,long,long,long,long,long,long,long,long,long,short,short,short,short,short,short,short,short,short
3781,2022-08-11 10:00:00,OANDA:GBPUSD,1.22236,1.22456,1.22175,1.22422,18357.0,Interval.in_2_hour,19216800.0,short,short,short,short,short,short,short,short,short,short,short,short,short,short,short,short,short,short,short,short,neutral,neutral,long,short,long,long,neutral,long,long,long,long,short,short,short,long,long,long,long,long,long,long,long,long,long,long,short,short,short,short,short,short,short,short,short,short,short,short
3782,2022-08-11 08:00:00,OANDA:GBPUSD,1.21908,1.22256,1.21836,1.22236,12960.0,Interval.in_2_hour,19209600.0,short,short,short,short,short,short,short,short,short,short,short,short,short,short,short,short,short,short,short,short,short,short,long,short,long,neutral,neutral,short,short,short,short,short,short,long,long,long,long,long,long,long,long,long,long,long,long,long,short,long,long,long,short,short,short,short,short,short,short
3783,2022-08-11 06:00:00,OANDA:GBPUSD,1.21855,1.22034,1.21824,1.21908,7406.0,Interval.in_2_hour,19202400.0,long,short,short,short,short,short,short,short,short,short,short,short,short,short,short,short,short,short,short,short,neutral,neutral,long,short,neutral,neutral,neutral,short,short,short,short,short,long,long,long,long,long,long,long,long,long,long,long,long,long,long,long,long,long,long,long,long,long,long,short,short,short
3784,2022-08-11 04:00:00,OANDA:GBPUSD,1.22091,1.22098,1.21822,1.21855,11691.0,Interval.in_2_hour,19195200.0,long,long,short,short,short,short,short,short,short,short,short,short,short,short,short,short,short,short,short,short,neutral,neutral,long,short,short,neutral,neutral,short,short,short,short,long,long,long,long,long,long,long,long,long,long,long,long,long,long,long,long,long,long,long,long,long,long,long,long,short,short
3785,2022-08-11 02:00:00,OANDA:GBPUSD,1.22194,1.22197,1.22056,1.22091,9324.0,Interval.in_2_hour,19188000.0,short,short,short,short,short,short,short,short,short,short,short,short,short,short,short,short,short,short,short,short,neutral,neutral,long,short,neutral,neutral,neutral,short,short,short,long,long,long,long,long,long,long,long,long,long,long,long,long,long,long,short,short,long,long,short,long,long,long,short,short,short,short
3786,2022-08-11 00:00:00,OANDA:GBPUSD,1.22179,1.22271,1.22104,1.22194,7040.0,Interval.in_2_hour,19180800.0,short,short,short,short,short,short,short,short,short,short,short,short,short,short,short,short,short,short,short,short,neutral,neutral,long,short,neutral,neutral,neutral,short,short,long,long,long,long,long,long,long,long,long,long,long,long,long,long,long,long,short,short,short,long,long,short,long,long,long,short,short,short
3787,2022-08-10 22:00:00,OANDA:GBPUSD,1.22252,1.22258,1.22108,1.22179,10311.0,Interval.in_2_hour,19173600.0,short,short,short,short,short,short,short,short,short,short,short,short,short,short,short,short,short,short,short,short,neutral,neutral,long,short,short,short,neutral,short,long,long,long,long,long,long,long,long,long,long,long,long,long,long,long,long,long,long,short,short,short,long,long,short,long,long,long,short,short
3788,2022-08-10 20:00:00,OANDA:GBPUSD,1.2248,1.22614,1.22241,1.22252,15296.0,Interval.in_2_hour,19166400.0,short,short,short,short,short,short,short,short,short,short,short,short,short,short,short,short,short,short,short,short,neutral,neutral,long,short,short,neutral,neutral,long,long,long,long,long,long,long,long,long,long,long,long,long,long,long,long,long,long,short,short,short,short,short,short,long,short,long,short,short,short
3789,2022-08-10 18:00:00,OANDA:GBPUSD,1.22596,1.2277,1.22346,1.2248,19291.0,Interval.in_2_hour,19159200.0,short,short,short,short,short,short,short,short,short,short,short,short,short,short,short,short,short,short,short,short,neutral,neutral,long,short,neutral,neutral,neutral,long,long,long,long,long,long,long,long,long,long,long,long,long,long,long,long,long,long,short,short,short,short,short,short,short,short,short,short,short,short
3790,2022-08-10 16:00:00,OANDA:GBPUSD,1.22188,1.22697,1.21912,1.22596,31692.0,Interval.in_2_hour,19152000.0,short,short,short,short,short,short,short,short,short,short,short,short,short,short,short,short,short,short,short,short,neutral,neutral,long,short,long,long,long,long,long,long,long,long,long,long,long,long,long,long,long,long,long,long,long,long,long,short,short,short,short,short,short,short,short,short,short,short,short
3791,2022-08-10 14:00:00,OANDA:GBPUSD,1.20963,1.22512,1.20932,1.22188,23877.0,Interval.in_2_hour,19144800.0,long,long,short,short,short,short,short,short,short,short,short,short,short,short,short,short,short,short,short,short,neutral,neutral,long,short,long,long,neutral,long,long,long,long,long,long,long,long,long,long,long,long,long,long,long,long,long,long,long,long,long,short,long,short,short,short,long,long,short,long
3792,2022-08-10 12:00:00,OANDA:GBPUSD,1.20952,1.21038,1.20812,1.20963,12199.0,Interval.in_2_hour,19137600.0,long,long,long,long,long,long,long,long,long,long,long,long,long,long,long,long,long,long,long,long,long,long,long,short,long,neutral,neutral,long,long,long,long,long,long,long,short,short,short,short,long,long,long,long,long,long,long,long,long,long,long,long,long,long,long,long,long,long,long
3793,2022-08-10 10:00:00,OANDA:GBPUSD,1.20758,1.2106,1.20727,1.20952,15302.0,Interval.in_2_hour,19130400.0,long,long,long,long,long,long,long,long,long,long,long,long,long,long,long,long,long,long,long,long,short,neutral,long,short,neutral,neutral,neutral,long,long,long,long,long,long,short,short,short,short,long,long,long,long,long,long,long,short,long,long,long,long,long,long,long,long,long,long,long,long
3794,2022-08-10 08:00:00,OANDA:GBPUSD,1.20835,1.20849,1.20675,1.20758,9025.0,Interval.in_2_hour,19123200.0,long,long,long,long,long,long,long,long,long,long,long,long,long,long,long,long,long,long,long,long,long,neutral,long,short,neutral,neutral,neutral,long,long,long,long,short,short,short,short,short,short,short,long,long,short,long,long,short,short,long,long,long,long,long,long,long,long,long,long,long,long
3795,2022-08-10 06:00:00,OANDA:GBPUSD,1.20813,1.20849,1.20792,1.20835,5405.0,Interval.in_2_hour,19116000.0,long,long,long,long,long,long,long,long,long,long,long,long,long,long,long,long,long,long,long,long,neutral,neutral,long,short,long,neutral,neutral,long,long,long,short,short,short,short,short,short,long,long,long,long,long,long,short,short,short,short,long,long,long,long,long,long,long,long,long,long,long
3796,2022-08-10 04:00:00,OANDA:GBPUSD,1.20687,1.2084,1.20662,1.20813,8698.0,Interval.in_2_hour,19108800.0,long,long,long,long,long,long,long,long,long,long,long,long,long,long,long,long,long,long,long,long,neutral,neutral,long,short,neutral,neutral,neutral,long,short,short,short,short,short,short,short,short,short,short,short,short,long,short,short,short,short,long,short,long,long,long,long,long,long,long,long,long,long
3797,2022-08-10 02:00:00,OANDA:GBPUSD,1.20734,1.20764,1.20652,1.20687,6356.0,Interval.in_2_hour,19101600.0,long,long,long,long,long,long,long,long,long,long,long,long,long,long,long,long,long,long,long,long,neutral,neutral,long,short,short,neutral,neutral,short,short,short,short,short,short,short,short,short,short,short,short,short,short,short,short,short,short,long,long,long,long,long,long,long,long,long,long,long,long
3798,2022-08-10 00:00:00,OANDA:GBPUSD,1.20742,1.2091,1.20718,1.20734,2739.0,Interval.in_2_hour,19094400.0,long,long,long,long,long,long,long,long,long,long,long,long,long,long,long,long,long,long,long,long,neutral,neutral,long,short,neutral,neutral,neutral,short,short,short,short,short,short,short,short,short,short,short,short,short,short,short,short,short,short,short,long,long,long,long,long,long,long,long,long,long,long
3799,2022-08-09 22:00:00,OANDA:GBPUSD,1.20684,1.20768,1.20648,1.20742,5211.0,Interval.in_2_hour,19087200.0,long,long,long,long,long,long,long,long,long,long,long,long,long,long,long,long,long,long,long,long,neutral,neutral,long,short,neutral,neutral,neutral,short,short,short,short,short,short,short,short,short,short,short,short,short,short,short,short,short,short,short,short,long,long,long,long,long,long,long,long,long,long
3800,2022-08-09 20:00:00,OANDA:GBPUSD,1.20827,1.20868,1.2063,1.20684,8549.0,Interval.in_2_hour,19080000.0,long,long,long,long,long,long,long,long,long,long,long,long,long,long,long,long,long,long,long,long,long,long,long,short,short,short,neutral,short,short,short,short,short,short,short,short,short,long,short,short,short,short,short,short,short,long,long,long,long,long,long,long,long,long,long,long,long,long
3801,2022-08-09 18:00:00,OANDA:GBPUSD,1.20882,1.20956,1.20762,1.20827,11578.0,Interval.in_2_hour,19072800.0,long,long,long,long,long,long,long,long,long,long,long,long,long,long,long,long,long,long,long,long,neutral,neutral,long,short,short,neutral,neutral,short,short,long,long,long,long,long,long,long,short,short,short,short,long,long,long,long,long,short,short,short,short,short,long,short,long,long,long,long,long
3802,2022-08-09 16:00:00,OANDA:GBPUSD,1.21074,1.2129,1.20868,1.20882,20685.0,Interval.in_2_hour,19065600.0,long,long,long,long,long,long,long,long,long,long,long,long,long,long,long,long,long,long,long,long,neutral,neutral,long,short,neutral,neutral,neutral,short,long,long,long,long,long,long,long,short,short,short,long,long,long,long,long,long,long,short,short,short,short,short,short,short,short,long,long,long,long
3803,2022-08-09 14:00:00,OANDA:GBPUSD,1.21071,1.21194,1.20948,1.21074,14026.0,Interval.in_2_hour,19058400.0,long,long,long,long,long,long,long,long,long,long,long,long,long,long,long,long,long,long,long,long,long,long,long,short,neutral,neutral,neutral,long,long,long,long,long,long,long,long,short,short,long,long,long,long,long,long,long,long,short,short,short,short,short,short,short,short,short,short,short,long
3804,2022-08-09 12:00:00,OANDA:GBPUSD,1.21184,1.21306,1.20984,1.21071,11857.0,Interval.in_2_hour,19051200.0,long,long,long,long,long,long,long,long,long,long,long,long,long,long,long,long,long,long,long,long,neutral,neutral,long,short,neutral,neutral,neutral,long,long,long,long,long,long,long,short,short,long,long,long,long,long,long,long,long,long,long,short,short,short,short,short,short,short,short,short,short,short
3805,2022-08-09 10:00:00,OANDA:GBPUSD,1.20836,1.21225,1.20658,1.21184,13472.0,Interval.in_2_hour,19044000.0,short,long,long,long,long,long,long,long,long,long,long,long,long,long,long,long,long,long,long,long,short,neutral,long,short,neutral,neutral,neutral,long,long,long,long,long,long,short,short,long,long,long,long,long,long,long,long,long,long,short,short,short,short,short,short,short,short,short,short,short,short
3806,2022-08-09 08:00:00,OANDA:GBPUSD,1.20846,1.20927,1.20731,1.20836,8520.0,Interval.in_2_hour,19036800.0,long,long,long,long,long,long,long,long,long,long,long,long,long,long,long,long,long,long,long,long,neutral,neutral,long,short,neutral,neutral,neutral,long,long,long,long,short,short,short,short,short,long,long,long,long,long,long,long,long,long,long,long,long,long,short,short,short,short,short,short,short,short
3807,2022-08-09 06:00:00,OANDA:GBPUSD,1.20793,1.20858,1.20776,1.20846,5360.0,Interval.in_2_hour,19029600.0,short,long,long,long,long,long,long,long,long,long,long,long,long,long,long,long,long,long,long,long,neutral,neutral,long,short,long,neutral,neutral,long,long,long,short,short,short,short,short,long,long,long,long,long,long,long,long,long,short,short,long,long,long,long,short,short,short,short,short,short,short
3808,2022-08-09 04:00:00,OANDA:GBPUSD,1.20782,1.2082,1.20704,1.20793,10438.0,Interval.in_2_hour,19022400.0,long,short,long,long,long,long,long,long,long,long,long,long,long,long,long,long,long,long,long,long,neutral,neutral,long,short,neutral,neutral,neutral,long,long,short,short,short,short,short,short,long,long,long,long,long,long,long,long,short,short,long,long,long,long,long,long,long,short,short,short,short,long
3809,2022-08-09 02:00:00,OANDA:GBPUSD,1.20784,1.20892,1.20752,1.20782,8366.0,Interval.in_2_hour,19015200.0,long,long,short,long,long,long,long,long,long,long,long,long,long,long,long,long,long,long,long,long,neutral,neutral,long,short,short,neutral,neutral,long,short,short,short,short,short,short,long,long,long,long,long,long,long,long,short,short,short,long,long,long,long,long,long,long,long,short,short,short,short
3810,2022-08-09 00:00:00,OANDA:GBPUSD,1.2081,1.20873,1.20774,1.20784,6663.0,Interval.in_2_hour,19008000.0,short,long,long,short,long,long,long,long,long,long,long,long,long,long,long,long,long,long,long,long,neutral,neutral,long,short,neutral,neutral,neutral,short,short,short,short,short,short,long,long,long,long,long,long,long,long,short,short,short,short,short,long,long,long,long,long,long,long,long,short,short,short
3811,2022-08-08 22:00:00,OANDA:GBPUSD,1.20714,1.20822,1.20712,1.2081,5944.0,Interval.in_2_hour,19000800.0,short,short,long,long,short,long,long,long,long,long,long,long,long,long,long,long,long,long,long,long,neutral,neutral,long,short,neutral,neutral,neutral,short,short,short,short,short,long,long,long,long,long,long,long,long,short,short,short,short,short,short,short,short,long,long,long,long,long,long,long,short,short
3812,2022-08-08 20:00:00,OANDA:GBPUSD,1.20771,1.20936,1.20688,1.20714,11264.0,Interval.in_2_hour,18993600.0,long,long,short,long,long,long,long,long,long,long,long,long,long,long,long,long,long,long,long,long,neutral,neutral,long,short,short,short,neutral,short,short,short,short,short,long,long,long,long,long,long,long,short,short,short,short,short,short,long,long,long,long,long,long,long,long,long,long,long,short
3813,2022-08-08 18:00:00,OANDA:GBPUSD,1.21199,1.21218,1.2076,1.20771,9314.0,Interval.in_2_hour,18986400.0,short,short,short,short,long,long,short,long,long,long,long,long,long,long,long,long,long,long,long,long,neutral,neutral,long,short,short,neutral,neutral,long,long,long,long,long,long,long,long,long,long,long,long,short,short,short,short,short,short,short,long,long,long,long,long,long,long,long,long,long,long
3814,2022-08-08 16:00:00,OANDA:GBPUSD,1.2121,1.21379,1.21052,1.21199,17005.0,Interval.in_2_hour,18979200.0,short,short,short,short,short,short,short,short,short,short,long,long,long,long,long,long,long,long,long,long,neutral,neutral,long,short,neutral,neutral,neutral,long,long,long,long,long,long,long,long,long,long,long,short,short,short,short,short,short,short,short,short,short,short,short,short,short,short,short,short,short,short
3815,2022-08-08 14:00:00,OANDA:GBPUSD,1.2105,1.21222,1.20918,1.2121,14134.0,Interval.in_2_hour,18972000.0,short,short,short,short,short,short,short,short,short,short,short,long,long,long,long,long,long,long,long,long,neutral,neutral,long,short,long,long,long,long,long,long,long,long,long,long,long,long,long,short,short,short,short,short,short,short,short,short,short,short,short,short,short,short,short,short,short,short,short
3816,2022-08-08 12:00:00,OANDA:GBPUSD,1.20856,1.21062,1.20716,1.2105,11160.0,Interval.in_2_hour,18964800.0,long,short,short,short,short,short,short,short,short,short,short,short,long,long,long,long,long,long,long,long,neutral,neutral,long,short,long,long,long,long,long,long,long,long,long,long,long,long,short,short,short,short,short,short,short,short,short,long,long,short,short,short,short,short,short,short,short,long,long
3817,2022-08-08 10:00:00,OANDA:GBPUSD,1.20831,1.21231,1.2074,1.20856,15194.0,Interval.in_2_hour,18957600.0,long,long,long,short,short,short,short,short,short,short,short,long,long,long,long,long,long,long,long,long,neutral,neutral,long,short,long,long,long,long,long,long,long,long,long,long,short,short,short,short,short,short,short,short,short,short,short,long,long,long,short,short,short,short,short,short,short,short,long
3818,2022-08-08 08:00:00,OANDA:GBPUSD,1.20768,1.20857,1.20689,1.20831,10422.0,Interval.in_2_hour,18950400.0,long,long,long,long,short,short,short,short,short,short,long,short,long,long,long,long,long,long,long,long,long,long,long,short,long,long,neutral,long,long,long,long,long,long,short,short,short,short,short,short,short,short,short,short,short,short,long,long,long,long,short,short,short,short,short,short,long,long
3819,2022-08-08 06:00:00,OANDA:GBPUSD,1.20748,1.20805,1.20699,1.20768,6460.0,Interval.in_2_hour,18943200.0,long,long,long,long,long,long,short,short,short,short,long,long,short,long,long,long,long,long,long,long,neutral,neutral,long,short,long,neutral,neutral,long,long,long,long,long,short,short,short,short,short,short,short,short,short,short,short,short,short,long,long,long,long,long,long,short,long,long,long,long,long
3820,2022-08-08 04:00:00,OANDA:GBPUSD,1.20566,1.20776,1.20554,1.20748,8452.0,Interval.in_2_hour,18936000.0,long,long,long,long,long,long,long,short,short,short,short,long,long,long,long,long,long,long,long,long,neutral,neutral,long,short,neutral,neutral,neutral,short,short,short,long,short,short,short,short,short,short,short,short,short,short,short,short,short,short,long,long,long,long,long,long,long,short,long,long,long,long
3821,2022-08-08 02:00:00,OANDA:GBPUSD,1.20599,1.20652,1.20476,1.20566,8457.0,Interval.in_2_hour,18928800.0,long,long,long,long,long,long,long,long,long,long,long,long,long,long,long,long,long,long,long,long,short,short,long,short,short,neutral,neutral,short,short,long,short,short,short,short,short,short,short,short,short,short,short,short,short,short,short,long,long,long,long,long,long,long,long,long,long,long,long
3822,2022-08-08 00:00:00,OANDA:GBPUSD,1.2069,1.2071,1.20574,1.20599,2534.0,Interval.in_2_hour,18921600.0,long,long,long,long,long,long,long,long,long,long,long,long,long,long,long,long,long,long,long,long,neutral,neutral,long,short,neutral,neutral,neutral,short,long,short,short,short,short,short,short,short,short,short,short,short,short,short,short,short,short,short,long,long,long,long,long,long,long,long,long,long,long
3823,2022-08-05 22:00:00,OANDA:GBPUSD,1.20641,1.20776,1.20612,1.2069,7866.0,Interval.in_2_hour,18741600.0,long,long,long,long,long,long,long,long,long,long,short,long,long,short,long,long,long,long,long,long,neutral,neutral,long,short,neutral,neutral,neutral,long,short,short,short,short,short,short,short,short,short,short,short,short,short,short,short,short,short,short,short,long,long,long,long,long,long,long,long,long,long
3824,2022-08-05 20:00:00,OANDA:GBPUSD,1.20777,1.20942,1.20622,1.20641,12565.0,Interval.in_2_hour,18734400.0,long,long,long,long,long,long,long,long,long,long,long,long,long,long,long,long,long,long,long,long,neutral,neutral,long,short,neutral,neutral,neutral,short,short,short,short,short,short,short,short,short,short,short,short,short,short,short,short,short,short,long,short,short,long,long,long,long,long,long,long,long,long
3825,2022-08-05 18:00:00,OANDA:GBPUSD,1.20623,1.20842,1.20394,1.20777,18966.0,Interval.in_2_hour,18727200.0,short,long,long,long,long,long,long,long,long,long,long,long,short,short,short,short,long,long,long,long,short,short,long,short,long,neutral,neutral,short,short,short,short,short,short,short,short,short,short,short,short,short,short,short,short,short,short,short,short,short,short,short,short,long,long,long,long,long,short
3826,2022-08-05 16:00:00,OANDA:GBPUSD,1.20276,1.20703,1.20034,1.20623,30690.0,Interval.in_2_hour,18720000.0,long,long,long,long,long,long,long,long,long,long,long,long,long,long,long,long,long,long,long,long,neutral,neutral,long,short,neutral,neutral,neutral,short,short,short,short,short,short,short,short,short,short,short,short,short,short,short,short,short,short,long,long,long,short,short,long,long,long,long,long,long,long
3827,2022-08-05 14:00:00,OANDA:GBPUSD,1.21413,1.21488,1.20256,1.20276,20937.0,Interval.in_2_hour,18712800.0,long,long,long,long,long,long,long,long,long,long,long,long,long,long,long,long,long,long,long,long,neutral,neutral,long,short,short,short,neutral,short,short,short,short,short,short,short,short,short,short,short,short,short,short,short,short,short,short,long,long,long,long,long,long,long,long,long,long,long,long
3828,2022-08-05 12:00:00,OANDA:GBPUSD,1.21446,1.2149,1.21248,1.21413,11060.0,Interval.in_2_hour,18705600.0,short,short,short,short,short,short,short,short,short,short,short,short,short,short,short,short,short,short,short,long,neutral,neutral,long,short,short,neutral,neutral,long,long,short,short,short,short,long,long,short,short,short,short,short,short,short,short,short,short,short,short,short,short,short,short,short,short,short,short,short,short
3829,2022-08-05 10:00:00,OANDA:GBPUSD,1.21628,1.21692,1.21382,1.21446,13782.0,Interval.in_2_hour,18698400.0,short,short,short,short,short,short,short,short,short,short,short,short,short,short,short,short,short,short,short,long,neutral,neutral,long,short,neutral,neutral,neutral,long,long,short,short,short,long,long,long,short,short,long,long,short,long,long,long,long,long,short,short,short,short,short,short,short,short,short,short,short,short
3830,2022-08-05 08:00:00,OANDA:GBPUSD,1.21407,1.21652,1.21357,1.21628,11001.0,Interval.in_2_hour,18691200.0,short,short,short,short,short,short,short,short,short,short,short,short,short,short,short,short,short,short,short,long,neutral,neutral,long,short,long,long,neutral,long,short,short,short,long,long,long,short,short,short,short,short,long,long,long,long,long,long,short,short,short,short,short,short,short,short,short,short,short,short
3831,2022-08-05 06:00:00,OANDA:GBPUSD,1.21391,1.21471,1.21368,1.21407,7095.0,Interval.in_2_hour,18684000.0,short,short,short,short,short,short,short,short,short,short,short,short,short,short,short,short,short,short,short,long,short,short,long,short,long,neutral,neutral,short,short,short,long,long,short,short,short,short,short,short,short,short,short,short,long,short,short,long,long,long,short,short,short,short,short,short,short,short,short
3832,2022-08-05 04:00:00,OANDA:GBPUSD,1.21382,1.2147,1.21304,1.21391,10943.0,Interval.in_2_hour,18676800.0,short,short,short,short,short,short,short,short,short,short,short,short,short,short,short,short,short,short,short,long,neutral,neutral,long,short,neutral,neutral,neutral,short,short,long,long,short,short,short,short,short,short,short,short,short,short,long,short,short,short,long,long,long,long,short,short,short,short,short,short,short,short
3833,2022-08-05 02:00:00,OANDA:GBPUSD,1.21586,1.21639,1.21348,1.21382,6875.0,Interval.in_2_hour,18669600.0,short,short,short,short,short,short,short,short,short,short,short,short,short,short,short,short,short,short,short,long,long,long,long,short,neutral,neutral,neutral,short,long,long,long,short,short,short,short,short,short,long,long,long,long,long,short,short,short,long,long,long,long,long,short,short,short,short,short,short,short
3834,2022-08-05 00:00:00,OANDA:GBPUSD,1.21586,1.21616,1.21564,1.21586,5379.0,Interval.in_2_hour,18662400.0,short,short,short,short,short,short,short,short,short,short,short,short,short,short,short,short,short,short,short,long,neutral,neutral,long,short,neutral,neutral,neutral,long,long,long,short,long,long,long,long,long,long,long,long,long,long,short,short,short,short,short,short,short,long,short,short,short,short,short,short,short,short
3835,2022-08-04 22:00:00,OANDA:GBPUSD,1.21752,1.21758,1.21576,1.21586,5907.0,Interval.in_2_hour,18655200.0,short,short,short,short,short,short,short,short,short,short,short,short,short,short,short,short,short,short,short,long,neutral,neutral,long,short,neutral,neutral,neutral,long,long,short,long,long,long,long,long,long,long,long,long,long,short,short,short,short,short,long,short,short,short,long,short,short,short,short,short,short,short
3836,2022-08-04 20:00:00,OANDA:GBPUSD,1.21457,1.21757,1.21448,1.21752,8333.0,Interval.in_2_hour,18648000.0,short,short,short,short,short,short,short,short,short,short,short,short,short,short,short,short,short,short,short,long,neutral,neutral,long,short,long,neutral,neutral,long,short,long,long,long,long,long,long,long,long,long,long,short,short,short,short,short,short,short,short,short,short,short,short,short,short,short,short,short,short
3837,2022-08-04 18:00:00,OANDA:GBPUSD,1.21102,1.21616,1.21063,1.21457,16224.0,Interval.in_2_hour,18640800.0,short,short,short,short,short,short,short,short,short,short,short,short,short,short,short,short,short,short,short,long,short,short,long,short,neutral,neutral,neutral,short,short,short,short,short,short,short,short,short,long,short,short,short,short,short,short,short,short,long,long,long,short,short,short,long,short,short,short,short,short
3838,2022-08-04 16:00:00,OANDA:GBPUSD,1.21129,1.21228,1.209,1.21102,24451.0,Interval.in_2_hour,18633600.0,short,short,short,short,short,short,short,short,short,short,long,long,short,short,short,short,short,short,short,long,neutral,neutral,long,short,short,neutral,neutral,short,short,short,short,short,short,short,short,short,short,short,short,short,short,short,short,short,short,long,long,long,long,long,long,long,long,long,long,short,short
3839,2022-08-04 14:00:00,OANDA:GBPUSD,1.21811,1.2218,1.20654,1.21129,30135.0,Interval.in_2_hour,18626400.0,short,short,short,short,short,short,short,short,short,short,short,long,long,short,short,short,short,short,short,long,long,neutral,long,short,neutral,neutral,neutral,short,short,short,short,long,long,long,long,long,short,short,short,short,short,short,short,short,short,short,long,long,long,long,long,long,long,long,long,long,short
3840,2022-08-04 12:00:00,OANDA:GBPUSD,1.21652,1.21963,1.21622,1.21811,12655.0,Interval.in_2_hour,18619200.0,short,short,short,short,short,short,short,short,short,short,short,short,short,short,short,short,short,short,short,long,neutral,neutral,long,short,long,neutral,neutral,long,long,long,long,long,long,long,long,short,short,short,short,short,long,long,long,long,short,short,short,short,short,short,short,short,short,short,short,short,short
3841,2022-08-04 10:00:00,OANDA:GBPUSD,1.21482,1.21764,1.21416,1.21652,15433.0,Interval.in_2_hour,18612000.0,short,short,short,short,short,short,short,short,short,short,short,short,short,short,short,short,short,short,short,long,neutral,neutral,long,short,neutral,neutral,neutral,long,long,long,long,long,long,long,short,short,short,short,short,short,long,short,short,short,short,long,short,short,short,long,short,short,short,short,short,short,short
3842,2022-08-04 08:00:00,OANDA:GBPUSD,1.21555,1.2161,1.21288,1.21482,11857.0,Interval.in_2_hour,18604800.0,short,short,short,short,short,short,short,short,short,short,short,short,short,short,short,short,short,short,short,long,neutral,neutral,long,short,neutral,neutral,neutral,long,long,long,long,long,long,short,short,short,short,short,short,short,short,short,short,short,short,long,long,short,short,short,long,long,long,short,short,short,long
3843,2022-08-04 06:00:00,OANDA:GBPUSD,1.21502,1.21598,1.21476,1.21555,7814.0,Interval.in_2_hour,18597600.0,long,short,short,short,short,short,short,short,short,short,short,short,short,short,short,short,short,short,short,long,neutral,neutral,long,short,neutral,neutral,neutral,long,long,long,long,long,short,short,short,short,short,short,short,short,short,short,short,short,short,short,long,long,short,short,short,long,long,long,short,short,short
3844,2022-08-04 04:00:00,OANDA:GBPUSD,1.2159,1.21682,1.21442,1.21502,11710.0,Interval.in_2_hour,18590400.0,short,long,short,short,short,short,short,short,short,short,short,short,short,short,short,short,short,short,short,long,long,long,long,short,neutral,neutral,neutral,long,long,long,long,short,short,short,short,short,short,long,short,short,short,short,short,short,short,long,short,long,long,short,short,short,long,long,long,short,short
3845,2022-08-04 02:00:00,OANDA:GBPUSD,1.21407,1.21605,1.21368,1.2159,8276.0,Interval.in_2_hour,18583200.0,short,short,long,short,short,short,short,short,short,short,short,short,short,short,short,short,short,short,short,long,neutral,neutral,long,short,neutral,neutral,neutral,long,long,long,short,short,short,short,short,short,short,short,short,short,short,short,short,short,short,short,short,short,long,long,short,short,short,long,short,short,short
3846,2022-08-04 00:00:00,OANDA:GBPUSD,1.21471,1.21506,1.21381,1.21407,2048.0,Interval.in_2_hour,18576000.0,short,short,long,long,long,long,short,short,short,short,short,short,short,short,short,short,short,short,short,long,neutral,neutral,long,short,neutral,neutral,neutral,long,long,short,short,short,short,short,short,short,short,short,short,short,short,short,short,short,short,long,long,long,long,long,long,short,short,long,long,long,long
3847,2022-08-03 22:00:00,OANDA:GBPUSD,1.21452,1.21555,1.21379,1.21471,7741.0,Interval.in_2_hour,18568800.0,long,short,short,short,long,short,short,short,short,short,short,short,short,short,short,short,short,short,short,long,neutral,neutral,long,short,long,long,neutral,long,short,short,short,short,short,short,short,short,short,short,short,short,short,short,short,short,short,short,long,long,long,long,long,long,short,short,short,long,long
3848,2022-08-03 20:00:00,OANDA:GBPUSD,1.21426,1.21554,1.21381,1.21452,10144.0,Interval.in_2_hour,18561600.0,long,long,short,short,short,long,short,short,short,short,short,short,short,short,short,short,short,short,short,long,short,short,long,short,long,neutral,neutral,short,short,short,short,short,short,short,short,short,short,short,short,short,short,short,short,short,short,long,short,long,long,long,long,long,long,short,short,long,long
3849,2022-08-03 18:00:00,OANDA:GBPUSD,1.21091,1.21524,1.21,1.21426,19306.0,Interval.in_2_hour,18554400.0,long,long,long,short,short,short,long,long,short,short,short,short,short,short,short,short,short,short,short,long,neutral,neutral,long,short,neutral,neutral,neutral,short,short,short,short,short,short,short,short,short,short,short,short,short,short,short,short,short,short,long,long,short,long,long,long,long,long,long,short,short,long
3850,2022-08-03 16:00:00,OANDA:GBPUSD,1.2175,1.21805,1.21042,1.21091,28928.0,Interval.in_2_hour,18547200.0,long,long,long,long,long,long,long,long,long,long,short,short,short,short,short,short,short,short,short,long,neutral,neutral,long,short,short,neutral,neutral,short,short,short,short,short,short,short,short,short,short,short,short,short,short,short,short,short,short,long,long,long,long,long,long,long,long,long,long,long,long
3851,2022-08-03 14:00:00,OANDA:GBPUSD,1.21816,1.22058,1.2169,1.2175,17777.0,Interval.in_2_hour,18540000.0,short,short,long,short,short,short,short,short,short,short,short,short,short,short,short,short,short,short,short,short,neutral,neutral,long,short,neutral,neutral,neutral,long,long,long,long,long,long,short,short,short,short,short,short,short,short,short,short,short,short,short,short,short,short,short,short,short,short,short,short,long,short
3852,2022-08-03 12:00:00,OANDA:GBPUSD,1.21785,1.2194,1.21669,1.21816,14926.0,Interval.in_2_hour,18532800.0,short,short,short,short,short,short,short,short,short,short,short,short,short,short,short,short,short,short,short,short,neutral,neutral,long,short,long,neutral,neutral,long,long,long,long,long,short,short,short,short,short,short,short,short,short,short,short,short,short,short,short,short,short,short,short,short,short,short,short,short,short
3853,2022-08-03 10:00:00,OANDA:GBPUSD,1.21682,1.2208,1.2166,1.21785,19511.0,Interval.in_2_hour,18525600.0,long,short,short,short,short,short,short,short,short,short,short,short,short,short,short,short,short,short,short,short,short,neutral,long,short,neutral,neutral,neutral,long,long,long,long,short,short,short,short,short,short,short,short,short,short,short,short,short,short,long,short,short,short,short,short,short,short,short,short,short,short
3854,2022-08-03 08:00:00,OANDA:GBPUSD,1.21801,1.21818,1.21572,1.21682,13258.0,Interval.in_2_hour,18518400.0,short,long,short,short,short,long,short,short,short,short,short,short,short,short,short,short,short,short,short,short,long,neutral,long,short,neutral,neutral,neutral,long,long,long,short,short,short,short,short,short,short,short,short,short,short,short,short,short,short,long,long,long,short,short,short,short,short,short,short,short,short
3855,2022-08-03 06:00:00,OANDA:GBPUSD,1.21752,1.21944,1.21719,1.21801,10188.0,Interval.in_2_hour,18511200.0,short,short,long,short,short,short,short,short,short,short,short,short,short,short,short,short,short,short,short,short,neutral,neutral,long,short,long,neutral,neutral,long,long,short,short,short,short,short,short,short,short,short,short,short,short,short,short,short,short,short,short,long,short,short,short,short,short,short,short,short,short
3856,2022-08-03 04:00:00,OANDA:GBPUSD,1.21471,1.21762,1.21458,1.21752,15886.0,Interval.in_2_hour,18504000.0,short,short,short,long,short,short,short,long,short,short,short,short,short,short,short,short,short,short,short,long,neutral,neutral,long,short,neutral,neutral,neutral,short,short,short,short,short,short,short,short,short,short,short,short,short,short,short,short,short,short,long,short,long,long,short,short,short,short,short,short,short,short
3857,2022-08-03 02:00:00,OANDA:GBPUSD,1.21601,1.21642,1.21348,1.21471,11308.0,Interval.in_2_hour,18496800.0,long,long,long,long,long,short,short,short,long,long,long,short,short,short,long,short,short,short,short,long,neutral,neutral,long,short,short,short,short,short,short,short,short,short,short,short,short,short,short,short,short,short,short,short,short,short,short,long,long,long,long,long,long,short,short,short,long,short,long
3858,2022-08-03 00:00:00,OANDA:GBPUSD,1.2162,1.21732,1.2157,1.21601,10886.0,Interval.in_2_hour,18489600.0,short,short,short,short,long,long,short,short,short,long,short,short,short,short,short,long,short,short,short,short,neutral,neutral,long,short,short,short,short,short,short,short,short,short,short,short,short,short,short,short,short,short,short,short,short,short,short,short,long,long,long,long,long,long,short,short,short,short,short
3859,2022-08-02 22:00:00,OANDA:GBPUSD,1.21688,1.218,1.21586,1.2162,8488.0,Interval.in_2_hour,18482400.0,short,short,short,short,short,long,long,short,short,short,long,short,short,short,short,short,long,short,short,long,neutral,neutral,long,short,short,short,short,short,short,short,short,short,short,short,short,short,short,short,short,short,short,short,short,short,short,short,short,long,long,long,long,long,long,short,short,short,short
3860,2022-08-02 20:00:00,OANDA:GBPUSD,1.22143,1.22147,1.2167,1.21688,16499.0,Interval.in_2_hour,18475200.0,short,short,short,short,short,short,short,long,short,short,short,long,short,short,short,short,short,short,short,long,neutral,neutral,long,short,short,short,neutral,short,short,short,short,short,short,short,short,short,short,short,short,short,short,short,long,long,long,short,short,short,long,long,short,long,long,long,short,short,short
3861,2022-08-02 18:00:00,OANDA:GBPUSD,1.2218,1.22336,1.22048,1.22143,20538.0,Interval.in_2_hour,18468000.0,short,short,short,short,short,short,short,short,short,short,short,short,short,short,short,short,short,short,short,short,neutral,neutral,long,short,short,neutral,neutral,long,long,short,short,short,short,short,short,short,short,short,short,short,long,long,long,long,long,short,short,short,short,short,short,short,short,short,short,short,short
3862,2022-08-02 16:00:00,OANDA:GBPUSD,1.22212,1.22412,1.21803,1.2218,30649.0,Interval.in_2_hour,18460800.0,short,short,short,short,short,short,short,short,short,short,short,short,short,short,short,short,short,short,short,short,neutral,neutral,long,short,neutral,neutral,neutral,long,short,short,short,short,short,short,short,short,short,short,short,long,long,long,long,long,long,short,short,short,short,short,short,short,short,short,short,short,short
3863,2022-08-02 14:00:00,OANDA:GBPUSD,1.22041,1.22278,1.22002,1.22212,17694.0,Interval.in_2_hour,18453600.0,short,short,short,short,short,short,short,short,short,short,short,short,short,short,short,short,short,short,short,short,short,short,long,short,long,neutral,neutral,short,short,short,short,short,short,short,short,short,short,short,long,long,long,long,long,long,long,short,short,short,short,short,short,short,short,short,short,short,short
3864,2022-08-02 12:00:00,OANDA:GBPUSD,1.21918,1.22213,1.21914,1.22041,16211.0,Interval.in_2_hour,18446400.0,short,short,short,short,short,short,short,short,short,short,short,short,short,short,short,short,short,short,short,short,neutral,neutral,long,short,neutral,neutral,neutral,short,short,short,short,short,short,short,short,short,short,short,long,long,long,long,long,long,long,long,long,long,short,short,short,short,short,short,short,short,short
3865,2022-08-02 10:00:00,OANDA:GBPUSD,1.2221,1.22228,1.21858,1.21918,22972.0,Interval.in_2_hour,18439200.0,short,short,short,short,short,short,short,short,short,short,short,short,short,short,short,short,short,short,short,short,neutral,neutral,long,short,short,short,short,short,short,short,short,short,short,short,short,short,short,long,long,long,long,long,long,long,long,long,long,long,long,short,short,short,short,short,short,short,short
3866,2022-08-02 08:00:00,OANDA:GBPUSD,1.22492,1.22562,1.22193,1.2221,19072.0,Interval.in_2_hour,18432000.0,short,short,short,short,short,short,short,short,short,short,short,short,short,short,short,short,short,short,short,short,neutral,neutral,long,short,short,short,neutral,short,short,short,short,short,short,short,short,long,long,long,long,long,long,long,long,long,long,short,short,long,short,short,short,short,short,short,short,short,short
3867,2022-08-02 06:00:00,OANDA:GBPUSD,1.22592,1.22645,1.22446,1.22492,14357.0,Interval.in_2_hour,18424800.0,short,short,short,short,short,short,short,short,short,short,short,short,short,short,short,short,short,short,short,short,neutral,neutral,long,short,short,neutral,neutral,short,long,short,short,short,long,long,long,long,long,long,long,long,long,long,long,long,long,short,short,short,short,short,short,short,short,short,short,short,short
3868,2022-08-02 04:00:00,OANDA:GBPUSD,1.22702,1.2277,1.22514,1.22592,19326.0,Interval.in_2_hour,18417600.0,short,short,short,short,short,short,short,short,short,short,short,short,short,short,short,short,short,short,short,short,neutral,neutral,long,short,neutral,neutral,neutral,long,short,short,short,long,long,long,long,long,long,long,long,long,long,long,long,long,long,short,short,short,short,short,short,short,short,short,short,short,short
3869,2022-08-02 02:00:00,OANDA:GBPUSD,1.22582,1.22798,1.2245,1.22702,11265.0,Interval.in_2_hour,18410400.0,short,short,short,short,short,short,short,short,short,short,short,short,short,short,short,short,short,short,short,short,neutral,neutral,long,short,long,long,neutral,short,short,short,long,long,long,long,long,long,long,long,long,long,long,long,long,long,long,short,short,short,short,short,short,short,short,short,short,short,short
3870,2022-08-02 00:00:00,OANDA:GBPUSD,1.22538,1.22645,1.22487,1.22582,3248.0,Interval.in_2_hour,18403200.0,short,short,short,short,short,short,short,short,short,short,short,short,short,short,short,short,short,short,short,short,short,neutral,long,short,long,neutral,neutral,short,short,long,long,long,long,long,long,long,long,long,long,long,long,long,long,long,long,long,long,short,short,short,short,short,short,short,short,short,short
3871,2022-08-01 22:00:00,OANDA:GBPUSD,1.22537,1.22592,1.22472,1.22538,7739.0,Interval.in_2_hour,18396000.0,short,short,short,short,short,short,short,short,short,short,short,short,short,short,short,short,short,short,short,short,neutral,neutral,long,short,neutral,neutral,neutral,short,long,long,long,long,long,long,long,long,long,long,long,long,long,long,long,long,long,long,long,long,short,short,short,short,short,short,short,short,short
3872,2022-08-01 20:00:00,OANDA:GBPUSD,1.2277,1.22774,1.22414,1.22537,11587.0,Interval.in_2_hour,18388800.0,short,short,short,short,short,short,short,short,short,short,short,short,short,short,short,short,short,short,short,short,long,neutral,long,short,short,neutral,neutral,long,long,long,long,long,long,long,long,long,long,long,long,long,long,long,long,long,long,long,long,long,long,short,short,short,short,short,short,short,short
3873,2022-08-01 18:00:00,OANDA:GBPUSD,1.22821,1.22846,1.2263,1.2277,14553.0,Interval.in_2_hour,18381600.0,short,short,short,short,short,short,short,short,short,short,short,short,short,short,short,short,short,short,short,short,neutral,neutral,long,short,neutral,neutral,neutral,long,long,long,long,long,long,long,long,long,long,long,long,long,long,long,long,long,long,short,short,short,short,short,short,short,short,short,short,short,short
3874,2022-08-01 16:00:00,OANDA:GBPUSD,1.22478,1.22938,1.22351,1.22821,28606.0,Interval.in_2_hour,18374400.0,short,short,short,short,short,short,short,short,short,short,short,short,short,short,short,short,short,short,short,short,neutral,neutral,long,short,long,long,long,long,long,long,long,long,long,long,long,long,long,long,long,long,long,long,long,long,long,short,short,short,short,short,short,short,short,short,short,short,short
3875,2022-08-01 14:00:00,OANDA:GBPUSD,1.22434,1.22499,1.22186,1.22478,17067.0,Interval.in_2_hour,18367200.0,short,short,short,short,short,short,short,short,short,short,short,short,short,short,short,short,short,short,short,short,long,long,long,short,long,long,long,long,long,long,long,long,long,long,long,long,long,long,long,long,long,long,long,long,long,long,long,long,long,long,long,long,long,short,short,short,short
3876,2022-08-01 12:00:00,OANDA:GBPUSD,1.22305,1.22618,1.22271,1.22434,15040.0,Interval.in_2_hour,18360000.0,short,short,short,short,short,short,short,short,short,short,short,short,short,short,short,short,short,short,short,short,neutral,neutral,long,short,long,long,neutral,long,long,long,long,long,long,long,long,long,long,long,long,long,long,long,long,long,long,long,long,long,long,long,long,long,long,long,short,short,short
3877,2022-08-01 10:00:00,OANDA:GBPUSD,1.21934,1.22306,1.21842,1.22305,17899.0,Interval.in_2_hour,18352800.0,short,short,short,short,short,short,short,short,short,short,short,short,short,short,short,short,short,short,short,long,neutral,neutral,long,short,long,neutral,neutral,long,long,long,long,long,long,long,long,long,long,short,long,long,long,long,long,long,long,long,long,long,long,long,long,long,long,long,long,short,short
3878,2022-08-01 08:00:00,OANDA:GBPUSD,1.21827,1.22006,1.21744,1.21934,10190.0,Interval.in_2_hour,18345600.0,short,long,long,long,long,short,short,short,short,short,short,short,short,short,short,short,short,short,short,long,neutral,neutral,long,short,neutral,neutral,neutral,long,long,long,long,long,long,long,long,short,short,long,long,long,long,long,long,long,long,long,long,long,long,long,long,long,long,long,long,long,long
3879,2022-08-01 06:00:00,OANDA:GBPUSD,1.21964,1.21978,1.2177,1.21827,8222.0,Interval.in_2_hour,18338400.0,long,long,long,long,long,long,short,short,short,short,short,short,short,short,short,short,short,short,short,long,neutral,neutral,long,short,neutral,neutral,neutral,long,long,long,long,long,long,long,short,short,long,long,long,long,long,long,long,long,long,long,long,long,long,long,long,long,long,long,long,long,long
3880,2022-08-01 04:00:00,OANDA:GBPUSD,1.2173,1.21984,1.21682,1.21964,12662.0,Interval.in_2_hour,18331200.0,long,long,short,long,long,long,long,short,short,short,short,short,short,short,short,short,short,short,short,long,neutral,neutral,long,short,long,neutral,neutral,long,long,long,long,long,long,short,short,long,long,long,long,long,long,long,long,long,long,short,short,long,long,long,long,long,long,long,long,long,long
3881,2022-08-01 02:00:00,OANDA:GBPUSD,1.21714,1.21886,1.21629,1.2173,11346.0,Interval.in_2_hour,18324000.0,long,long,long,long,long,long,long,long,short,short,short,short,long,long,short,long,long,long,short,long,neutral,neutral,long,short,neutral,neutral,neutral,long,long,long,long,short,short,short,short,long,short,short,long,long,long,long,long,long,short,long,long,long,long,long,long,long,long,long,long,long,long
3882,2022-08-01 00:00:00,OANDA:GBPUSD,1.21842,1.21842,1.21574,1.21714,3228.0,Interval.in_2_hour,18316800.0,long,long,long,long,long,long,long,long,long,short,short,short,short,long,long,short,long,long,short,long,neutral,neutral,long,short,neutral,neutral,neutral,long,long,long,long,short,short,short,long,long,long,long,long,long,long,long,long,short,long,long,long,long,long,long,long,long,long,long,long,long,long
3883,2022-07-29 22:00:00,OANDA:GBPUSD,1.21748,1.21892,1.21664,1.21842,5541.0,Interval.in_2_hour,18136800.0,long,long,long,long,long,long,long,long,long,long,short,short,short,short,short,short,short,short,short,long,neutral,neutral,long,short,long,long,long,long,long,long,short,short,long,long,long,long,long,long,long,long,long,long,long,long,long,short,short,long,short,long,long,long,long,long,long,long,long
3884,2022-07-29 20:00:00,OANDA:GBPUSD,1.21688,1.21772,1.2152,1.21748,9148.0,Interval.in_2_hour,18129600.0,long,long,long,long,long,long,long,long,long,long,long,short,short,short,short,long,long,short,short,long,neutral,neutral,long,short,long,long,neutral,long,short,short,short,short,long,short,short,long,long,long,long,long,long,short,long,long,long,long,short,short,long,long,long,long,long,long,long,long,long
3885,2022-07-29 18:00:00,OANDA:GBPUSD,1.21625,1.2187,1.21524,1.21688,19489.0,Interval.in_2_hour,18122400.0,long,long,long,long,long,long,long,long,long,long,long,long,long,short,short,short,long,long,short,long,short,short,long,short,long,neutral,neutral,short,short,short,short,short,short,short,long,long,long,long,long,long,short,long,long,long,long,long,long,long,long,long,long,long,long,long,long,long,long
3886,2022-07-29 16:00:00,OANDA:GBPUSD,1.21152,1.2171,1.20632,1.21625,31812.0,Interval.in_2_hour,18115200.0,long,long,long,long,long,long,long,long,long,long,long,long,long,long,short,short,short,long,short,long,short,short,long,short,neutral,neutral,neutral,short,short,short,short,short,short,short,short,long,long,long,short,short,short,short,short,short,short,long,long,long,long,long,long,long,long,long,long,long,long
3887,2022-07-29 14:00:00,OANDA:GBPUSD,1.21832,1.21832,1.21056,1.21152,24483.0,Interval.in_2_hour,18108000.0,long,long,long,long,long,long,long,long,long,long,long,long,long,long,long,long,long,long,short,long,neutral,neutral,long,short,neutral,neutral,neutral,short,short,short,short,short,short,long,long,long,long,short,short,short,short,short,short,short,short,long,long,long,long,long,long,long,long,long,long,long,long
3888,2022-07-29 12:00:00,OANDA:GBPUSD,1.21698,1.21868,1.21372,1.21832,18752.0,Interval.in_2_hour,18100800.0,long,long,long,long,long,long,long,long,long,long,long,long,long,long,long,short,short,short,short,short,neutral,neutral,long,short,neutral,neutral,neutral,short,long,long,short,long,long,long,long,long,long,short,long,long,long,long,long,long,long,short,short,short,short,long,short,short,long,short,long,long,long
3889,2022-07-29 10:00:00,OANDA:GBPUSD,1.22386,1.22456,1.21552,1.21698,25257.0,Interval.in_2_hour,18093600.0,long,long,long,long,long,long,long,long,long,long,long,long,long,long,long,long,short,short,short,short,long,long,long,short,neutral,neutral,neutral,long,long,long,long,long,long,long,long,long,long,long,long,long,long,long,long,long,long,long,short,short,short,long,long,long,long,long,long,long,long
3890,2022-07-29 08:00:00,OANDA:GBPUSD,1.2188,1.22392,1.21868,1.22386,20105.0,Interval.in_2_hour,18086400.0,short,long,long,long,long,long,long,long,long,long,long,short,short,short,short,short,short,short,short,short,neutral,neutral,long,short,long,neutral,neutral,long,long,long,long,long,long,long,long,long,long,long,long,long,long,long,long,long,long,short,short,short,short,short,short,short,short,short,short,short,short
3891,2022-07-29 06:00:00,OANDA:GBPUSD,1.21689,1.2204,1.2164,1.2188,13121.0,Interval.in_2_hour,18079200.0,long,long,long,long,long,long,long,long,long,long,long,long,long,long,long,long,long,long,short,short,neutral,neutral,long,short,neutral,neutral,neutral,long,long,long,long,long,long,long,short,long,long,long,long,long,long,long,long,long,long,long,short,short,short,short,short,short,short,short,short,long,short
3892,2022-07-29 04:00:00,OANDA:GBPUSD,1.21738,1.21812,1.21628,1.21689,15687.0,Interval.in_2_hour,18072000.0,long,long,long,long,long,long,long,long,long,long,long,long,long,long,long,long,long,long,short,short,neutral,neutral,long,short,short,short,neutral,long,long,long,long,long,long,short,long,long,long,long,long,long,long,long,long,long,long,long,long,long,long,short,short,short,long,long,long,long,long
3893,2022-07-29 02:00:00,OANDA:GBPUSD,1.21767,1.21786,1.21667,1.21738,11107.0,Interval.in_2_hour,18064800.0,long,long,long,long,long,long,long,long,long,long,long,long,long,long,long,long,long,long,short,short,neutral,neutral,long,short,short,neutral,neutral,long,long,long,long,long,short,long,long,long,long,long,long,long,long,long,long,long,long,short,long,long,short,long,short,short,short,long,long,short,short
3894,2022-07-29 00:00:00,OANDA:GBPUSD,1.2178,1.2181,1.21624,1.21767,7114.0,Interval.in_2_hour,18057600.0,short,long,long,long,long,long,long,long,long,long,long,long,long,long,long,long,long,long,short,short,neutral,neutral,long,short,neutral,neutral,neutral,long,long,long,long,short,long,long,long,long,long,long,long,long,long,long,long,long,long,short,short,long,long,short,long,short,short,short,short,long,short
3895,2022-07-28 22:00:00,OANDA:GBPUSD,1.21506,1.21838,1.21503,1.2178,7114.0,Interval.in_2_hour,18050400.0,short,short,long,long,long,long,long,long,long,long,long,long,long,long,long,long,long,long,short,short,neutral,neutral,long,short,long,long,neutral,long,long,long,short,short,short,long,long,long,long,long,long,long,long,long,long,long,long,short,short,short,long,long,short,long,short,short,short,short,long
3896,2022-07-28 20:00:00,OANDA:GBPUSD,1.21304,1.21508,1.21295,1.21506,9729.0,Interval.in_2_hour,18043200.0,long,long,long,long,long,long,long,long,long,long,long,long,long,long,long,long,long,long,short,short,neutral,neutral,long,short,long,neutral,neutral,long,short,short,short,short,short,short,short,short,long,long,long,long,long,long,long,long,long,long,long,long,long,long,long,long,long,short,long,long,long
3897,2022-07-28 18:00:00,OANDA:GBPUSD,1.21304,1.21354,1.21106,1.21304,16876.0,Interval.in_2_hour,18036000.0,long,long,long,long,long,long,long,long,long,long,long,long,long,long,long,long,long,long,short,short,neutral,neutral,long,short,neutral,neutral,neutral,short,short,short,short,short,short,short,short,long,long,long,long,long,long,long,long,long,long,long,long,long,long,long,long,long,long,long,short,long,long
3898,2022-07-28 16:00:00,OANDA:GBPUSD,1.21396,1.21664,1.2109,1.21304,34493.0,Interval.in_2_hour,18028800.0,long,long,long,long,long,long,long,long,long,long,long,long,long,long,long,long,long,long,short,short,short,short,long,short,neutral,neutral,neutral,short,short,short,short,short,short,short,long,long,long,long,long,long,long,long,long,long,long,long,long,long,long,long,long,long,long,long,long,short,long
3899,2022-07-28 14:00:00,OANDA:GBPUSD,1.21178,1.21477,1.21034,1.21396,25697.0,Interval.in_2_hour,18021600.0,long,long,long,long,long,long,long,long,long,long,long,long,long,long,long,long,long,long,short,short,neutral,neutral,long,short,neutral,neutral,neutral,short,short,short,short,short,short,long,long,long,long,long,long,long,long,long,long,long,long,short,short,long,long,long,long,long,long,long,long,long,short
3900,2022-07-28 12:00:00,OANDA:GBPUSD,1.21872,1.21872,1.21087,1.21178,21274.0,Interval.in_2_hour,18014400.0,short,long,long,long,long,long,long,long,long,long,long,long,long,long,long,long,long,long,short,short,neutral,neutral,long,short,neutral,neutral,neutral,short,short,long,short,short,long,long,long,long,long,long,long,long,long,long,long,long,long,long,long,long,long,long,long,long,long,long,long,long,long
3901,2022-07-28 10:00:00,OANDA:GBPUSD,1.21706,1.21914,1.21542,1.21872,23938.0,Interval.in_2_hour,18007200.0,short,short,short,short,short,short,short,short,long,short,long,long,long,long,long,long,long,long,short,short,neutral,neutral,long,short,long,neutral,neutral,long,long,long,long,long,long,long,long,long,long,long,long,long,long,long,long,long,long,short,short,short,short,short,short,short,short,short,long,long,short
3902,2022-07-28 08:00:00,OANDA:GBPUSD,1.21596,1.21838,1.2154,1.21706,14656.0,Interval.in_2_hour,18000000.0,short,long,short,short,short,long,long,long,long,long,long,long,long,long,long,long,long,long,short,short,neutral,neutral,long,short,neutral,neutral,neutral,long,long,long,long,long,long,long,long,long,long,long,long,long,long,long,long,long,long,long,short,short,short,short,short,long,long,long,short,long,long
3903,2022-07-28 06:00:00,OANDA:GBPUSD,1.21696,1.21776,1.21544,1.21596,10044.0,Interval.in_2_hour,17992800.0,long,long,long,short,long,long,long,long,long,long,long,long,long,long,long,long,long,long,short,short,neutral,neutral,long,short,neutral,neutral,neutral,long,long,long,long,long,long,long,long,long,long,long,long,long,long,long,long,long,long,long,long,short,short,short,short,short,long,long,long,long,long
3904,2022-07-28 04:00:00,OANDA:GBPUSD,1.21484,1.21865,1.2146,1.21696,16072.0,Interval.in_2_hour,17985600.0,long,long,long,long,short,short,short,long,long,long,long,long,long,long,long,long,long,long,short,short,neutral,neutral,long,short,neutral,neutral,neutral,short,long,long,long,long,long,long,long,long,long,long,long,long,long,long,long,long,long,short,long,long,short,short,short,short,short,long,long,long,short
3905,2022-07-28 02:00:00,OANDA:GBPUSD,1.21563,1.21706,1.21426,1.21484,9296.0,Interval.in_2_hour,17978400.0,long,long,long,long,long,short,long,long,long,long,long,long,long,long,long,long,long,long,short,short,neutral,neutral,long,short,short,short,neutral,long,long,long,long,long,long,long,long,long,long,long,long,long,long,long,long,long,long,long,long,long,long,short,short,short,short,long,long,long,long
3906,2022-07-28 00:00:00,OANDA:GBPUSD,1.21564,1.2163,1.21484,1.21563,8269.0,Interval.in_2_hour,17971200.0,long,long,long,long,long,long,short,long,long,long,long,long,long,long,long,long,long,long,short,short,long,long,long,short,short,neutral,neutral,long,long,long,long,long,long,long,long,long,long,long,long,long,long,long,long,long,long,short,long,long,long,long,short,short,short,short,short,long,long
3907,2022-07-27 22:00:00,OANDA:GBPUSD,1.21662,1.21862,1.21528,1.21564,18820.0,Interval.in_2_hour,17964000.0,long,long,long,long,long,long,long,short,long,long,long,long,long,long,long,long,long,long,short,short,neutral,neutral,long,short,neutral,neutral,neutral,long,long,long,long,long,long,long,long,long,long,long,long,long,long,long,long,long,long,short,short,long,long,long,long,short,short,short,short,short,long
3908,2022-07-27 20:00:00,OANDA:GBPUSD,1.20388,1.21774,1.203,1.21662,29747.0,Interval.in_2_hour,17956800.0,long,long,long,long,long,long,long,long,short,short,long,long,long,long,long,long,long,long,short,short,neutral,neutral,long,short,long,neutral,neutral,long,long,long,long,long,long,long,long,long,long,long,long,long,long,long,long,long,long,short,short,short,long,short,long,long,short,short,short,short,short
3909,2022-07-27 18:00:00,OANDA:GBPUSD,1.20326,1.20518,1.20208,1.20388,12971.0,Interval.in_2_hour,17949600.0,long,long,long,long,long,long,long,long,long,long,long,long,long,long,long,long,long,long,short,short,neutral,neutral,long,short,neutral,neutral,neutral,short,short,short,short,short,short,long,long,long,short,long,long,long,short,short,short,short,short,long,long,long,long,long,long,long,long,long,long,long,long
3910,2022-07-27 16:00:00,OANDA:GBPUSD,1.20471,1.20584,1.20214,1.20326,20081.0,Interval.in_2_hour,17942400.0,long,long,long,long,long,long,long,long,long,long,long,long,long,long,long,long,long,long,short,short,long,neutral,long,short,short,short,neutral,short,short,short,short,short,long,long,long,long,long,long,long,long,short,short,short,short,short,long,long,long,long,long,long,long,long,long,long,long,long
3911,2022-07-27 14:00:00,OANDA:GBPUSD,1.2059,1.20756,1.2043,1.20471,15222.0,Interval.in_2_hour,17935200.0,long,long,long,long,long,long,long,long,long,long,long,long,long,long,long,long,long,long,short,short,neutral,neutral,long,short,short,neutral,neutral,long,short,long,long,long,long,long,long,long,long,long,long,long,short,short,short,long,long,short,short,long,long,long,long,long,long,long,long,long,long
3912,2022-07-27 12:00:00,OANDA:GBPUSD,1.20596,1.20881,1.20565,1.2059,14435.0,Interval.in_2_hour,17928000.0,long,long,long,long,long,long,long,long,long,long,long,long,long,long,long,long,long,long,short,short,neutral,neutral,long,short,neutral,neutral,neutral,long,long,long,long,long,long,long,long,long,long,long,long,short,short,long,long,long,long,short,short,short,long,long,long,long,long,long,long,long,long
3913,2022-07-27 10:00:00,OANDA:GBPUSD,1.20422,1.20694,1.20362,1.20596,20144.0,Interval.in_2_hour,17920800.0,long,long,long,long,long,long,long,long,long,long,long,long,long,long,long,long,long,long,short,short,neutral,neutral,long,short,neutral,neutral,neutral,long,long,long,long,long,long,long,long,long,long,short,short,short,short,long,long,long,long,short,short,short,short,long,long,long,long,long,long,long,long
3914,2022-07-27 08:00:00,OANDA:GBPUSD,1.20596,1.20748,1.204,1.20422,12570.0,Interval.in_2_hour,17913600.0,long,long,long,long,long,long,long,long,long,long,long,long,long,long,long,long,long,long,short,short,neutral,neutral,long,short,neutral,neutral,neutral,long,long,long,long,long,long,long,long,long,short,short,short,short,long,long,long,long,short,long,long,long,short,short,long,long,long,long,long,long,long
3915,2022-07-27 06:00:00,OANDA:GBPUSD,1.20469,1.20598,1.20452,1.20596,9113.0,Interval.in_2_hour,17906400.0,long,long,long,long,long,long,long,long,long,long,long,long,long,long,long,long,long,long,short,short,neutral,neutral,long,short,long,long,long,long,long,long,long,long,long,long,long,long,short,short,short,long,long,long,long,short,short,short,long,short,short,short,short,long,long,long,long,long,long
3916,2022-07-27 04:00:00,OANDA:GBPUSD,1.20446,1.20541,1.20372,1.20469,13456.0,Interval.in_2_hour,17899200.0,long,long,long,long,long,long,long,long,long,long,long,long,long,long,long,long,long,long,short,short,neutral,neutral,long,short,long,long,long,long,long,long,long,long,long,long,short,short,short,short,short,short,short,short,short,short,long,long,short,long,long,long,short,short,long,long,long,long,long
3917,2022-07-27 02:00:00,OANDA:GBPUSD,1.20392,1.20534,1.20343,1.20446,9921.0,Interval.in_2_hour,17892000.0,long,long,long,long,long,long,long,long,long,long,long,long,long,long,long,long,long,long,short,short,neutral,neutral,long,short,long,long,long,long,long,long,long,long,long,short,short,short,short,short,short,short,short,short,short,long,long,long,long,short,long,long,long,short,short,long,long,long,long
3918,2022-07-27 00:00:00,OANDA:GBPUSD,1.20317,1.20412,1.20258,1.20392,5053.0,Interval.in_2_hour,17884800.0,long,long,long,long,long,long,long,long,long,long,long,long,long,long,long,long,long,long,short,short,neutral,neutral,long,short,long,long,neutral,short,long,long,long,short,short,short,short,short,short,short,short,short,short,short,short,long,long,long,long,long,long,long,long,long,short,short,long,long,long
3919,2022-07-26 22:00:00,OANDA:GBPUSD,1.20276,1.20341,1.20208,1.20317,7240.0,Interval.in_2_hour,17877600.0,long,long,long,long,long,long,long,long,long,long,long,long,long,long,long,long,long,long,short,short,neutral,neutral,long,short,long,neutral,neutral,long,long,long,short,short,short,short,short,short,short,short,short,short,short,short,long,long,long,long,long,long,long,long,long,long,long,long,long,long,long
3920,2022-07-26 20:00:00,OANDA:GBPUSD,1.20252,1.20423,1.20222,1.20276,10310.0,Interval.in_2_hour,17870400.0,long,long,long,long,long,long,long,long,long,long,long,long,long,long,long,long,long,long,short,short,neutral,neutral,long,short,neutral,neutral,neutral,long,long,short,short,short,short,short,short,short,short,short,short,short,short,long,long,long,long,long,long,long,long,long,long,long,long,long,long,long,long
3921,2022-07-26 18:00:00,OANDA:GBPUSD,1.20471,1.2054,1.20159,1.20252,13953.0,Interval.in_2_hour,17863200.0,long,long,long,long,long,long,long,long,long,long,long,long,long,long,long,long,long,long,short,short,neutral,neutral,long,short,neutral,neutral,neutral,long,short,short,short,short,short,short,short,short,short,short,short,short,long,long,long,long,long,long,long,long,long,long,long,long,long,long,long,long,long
3922,2022-07-26 16:00:00,OANDA:GBPUSD,1.20026,1.20476,1.19892,1.20471,25925.0,Interval.in_2_hour,17856000.0,short,long,long,long,long,long,long,long,long,long,long,long,long,long,long,long,long,long,short,short,short,neutral,long,short,long,neutral,neutral,short,short,short,short,short,short,short,short,short,short,short,short,long,long,long,long,long,long,short,short,short,short,short,short,long,short,long,long,long,short
3923,2022-07-26 14:00:00,OANDA:GBPUSD,1.19997,1.20043,1.19638,1.20026,17429.0,Interval.in_2_hour,17848800.0,long,long,long,long,long,long,long,long,long,long,long,long,long,long,long,long,long,long,short,short,neutral,neutral,long,short,neutral,neutral,neutral,short,short,short,short,short,short,short,short,short,short,short,short,long,long,long,long,short,long,long,long,long,long,long,long,long,long,long,long,long,long
3924,2022-07-26 12:00:00,OANDA:GBPUSD,1.20338,1.20348,1.19814,1.19997,19465.0,Interval.in_2_hour,17841600.0,long,long,long,long,long,long,long,long,long,long,long,long,long,long,long,long,long,long,short,short,neutral,neutral,long,short,short,short,short,short,short,short,short,short,short,short,short,short,short,long,long,long,long,long,long,long,long,long,long,long,long,long,long,long,long,long,long,long,long
3925,2022-07-26 10:00:00,OANDA:GBPUSD,1.20419,1.20592,1.20304,1.20338,20079.0,Interval.in_2_hour,17834400.0,long,long,short,long,long,long,long,long,long,long,long,long,long,long,long,long,long,long,short,short,neutral,neutral,long,short,short,short,neutral,short,short,short,short,short,short,short,short,short,long,long,long,long,long,long,long,long,long,short,short,long,short,short,short,long,long,long,long,long,long
3926,2022-07-26 08:00:00,OANDA:GBPUSD,1.20632,1.20712,1.20403,1.20419,11299.0,Interval.in_2_hour,17827200.0,long,long,long,short,short,long,long,long,long,long,long,long,long,long,long,long,long,long,short,short,long,neutral,long,short,short,neutral,neutral,short,long,long,long,long,short,short,long,long,long,long,long,long,long,long,long,long,long,short,short,short,long,short,short,short,short,long,long,long,long
3927,2022-07-26 06:00:00,OANDA:GBPUSD,1.20828,1.20838,1.20604,1.20632,7206.0,Interval.in_2_hour,17820000.0,short,short,short,short,short,short,long,long,long,long,long,long,long,long,long,long,long,long,short,short,neutral,neutral,long,short,neutral,neutral,neutral,long,long,long,long,long,long,long,long,long,long,long,long,long,long,long,long,long,long,short,short,short,short,short,short,short,short,short,short,short,short
3928,2022-07-26 04:00:00,OANDA:GBPUSD,1.20597,1.20904,1.20578,1.20828,11269.0,Interval.in_2_hour,17812800.0,short,short,short,short,short,short,short,long,long,long,long,long,long,long,long,long,long,long,short,short,neutral,neutral,long,short,long,long,long,long,long,long,long,long,long,long,long,long,long,long,long,long,long,long,long,long,long,short,short,short,short,short,short,short,short,short,short,short,short
3929,2022-07-26 02:00:00,OANDA:GBPUSD,1.20501,1.20638,1.20486,1.20597,7275.0,Interval.in_2_hour,17805600.0,short,short,short,short,short,short,short,short,long,long,long,long,long,long,long,long,long,long,short,short,neutral,neutral,long,short,long,long,neutral,long,long,short,short,long,long,long,long,long,long,long,long,long,long,long,long,long,long,long,long,short,short,short,short,short,short,short,short,short,short
3930,2022-07-26 00:00:00,OANDA:GBPUSD,1.20482,1.20518,1.20426,1.20501,3983.0,Interval.in_2_hour,17798400.0,short,short,long,short,long,long,short,short,short,long,long,long,long,long,long,long,long,long,short,short,neutral,neutral,long,short,long,neutral,neutral,long,short,short,long,long,long,long,long,long,long,long,long,long,long,long,long,long,long,long,long,long,short,short,short,short,short,short,short,short,short
3931,2022-07-25 22:00:00,OANDA:GBPUSD,1.20481,1.20546,1.20458,1.20482,5993.0,Interval.in_2_hour,17791200.0,short,short,short,long,short,long,long,short,short,short,long,long,long,long,long,long,long,long,short,short,neutral,neutral,long,short,neutral,neutral,neutral,short,short,long,long,long,long,long,long,long,long,long,long,long,long,long,long,long,long,long,long,long,long,short,short,short,short,short,short,short,short
3932,2022-07-25 20:00:00,OANDA:GBPUSD,1.20512,1.20596,1.20466,1.20481,9433.0,Interval.in_2_hour,17784000.0,short,short,short,short,long,short,long,long,short,short,short,long,long,long,long,long,long,long,short,short,neutral,neutral,long,short,neutral,neutral,neutral,short,long,long,long,long,long,long,long,long,long,long,long,long,long,long,long,long,long,long,long,long,long,long,short,short,short,short,short,short,short
3933,2022-07-25 18:00:00,OANDA:GBPUSD,1.20456,1.2054,1.20344,1.20512,13737.0,Interval.in_2_hour,17776800.0,short,short,short,short,short,long,short,long,long,short,short,short,long,long,long,long,long,long,short,short,neutral,neutral,long,short,neutral,neutral,neutral,long,long,long,long,long,long,long,long,long,long,long,long,long,long,long,long,long,long,short,short,short,long,long,long,short,short,short,short,short,short
3934,2022-07-25 16:00:00,OANDA:GBPUSD,1.20708,1.20868,1.2025,1.20456,23369.0,Interval.in_2_hour,17769600.0,short,short,short,short,short,long,long,short,long,long,long,short,short,long,long,long,long,long,short,short,long,neutral,long,short,neutral,neutral,neutral,long,long,long,long,long,long,long,long,long,long,long,long,long,long,long,long,long,long,long,long,long,long,long,long,long,short,short,short,short,long
3935,2022-07-25 14:00:00,OANDA:GBPUSD,1.2054,1.20828,1.20486,1.20708,18491.0,Interval.in_2_hour,17762400.0,short,short,short,short,short,short,short,short,short,short,short,short,short,short,long,long,long,long,short,short,neutral,neutral,long,short,long,long,long,long,long,long,long,long,long,long,long,long,long,long,long,long,long,long,long,long,long,short,short,short,short,short,short,long,short,short,short,short,short
3936,2022-07-25 12:00:00,OANDA:GBPUSD,1.20275,1.20578,1.20224,1.2054,16966.0,Interval.in_2_hour,17755200.0,short,short,short,short,short,short,short,short,long,short,long,long,short,short,short,long,long,long,short,short,neutral,neutral,long,short,long,long,neutral,long,long,long,long,long,long,long,long,long,long,long,long,long,long,long,long,long,long,long,short,short,short,short,short,long,long,long,short,short,short
3937,2022-07-25 10:00:00,OANDA:GBPUSD,1.19889,1.20297,1.19708,1.20275,23627.0,Interval.in_2_hour,17748000.0,short,short,long,short,long,long,long,long,long,long,long,long,long,long,long,long,long,long,short,short,neutral,neutral,long,short,long,neutral,neutral,long,long,long,long,long,short,long,long,long,long,long,long,long,long,long,long,long,long,long,long,long,long,long,long,long,long,long,long,long,long
3938,2022-07-25 08:00:00,OANDA:GBPUSD,1.19826,1.19937,1.1963,1.19889,12824.0,Interval.in_2_hour,17740800.0,long,long,long,long,long,long,long,long,long,long,long,long,long,long,long,long,long,long,short,short,neutral,neutral,long,short,neutral,neutral,neutral,long,short,short,short,short,short,long,long,long,long,long,long,short,short,long,long,long,long,long,long,long,long,long,long,long,long,long,long,long,long
3939,2022-07-25 06:00:00,OANDA:GBPUSD,1.19896,1.19932,1.19808,1.19826,9862.0,Interval.in_2_hour,17733600.0,long,long,long,long,long,long,long,long,long,long,long,long,long,long,long,long,long,long,short,short,neutral,neutral,long,short,neutral,neutral,neutral,short,short,short,short,short,long,long,long,long,long,long,short,short,long,long,long,long,long,long,long,long,long,long,long,long,long,long,long,long,long
3940,2022-07-25 04:00:00,OANDA:GBPUSD,1.19634,1.1996,1.19618,1.19896,14933.0,Interval.in_2_hour,17726400.0,long,long,long,long,long,long,long,long,long,long,long,long,long,long,long,long,long,long,short,short,neutral,neutral,long,short,neutral,neutral,neutral,short,short,short,short,long,long,long,long,long,short,short,short,short,long,long,long,long,long,short,short,long,long,long,long,long,long,long,long,long,long
3941,2022-07-25 02:00:00,OANDA:GBPUSD,1.20004,1.20007,1.19606,1.19634,9312.0,Interval.in_2_hour,17719200.0,long,long,long,long,long,long,long,long,long,long,long,long,long,long,long,long,long,long,short,short,neutral,neutral,long,short,short,neutral,neutral,short,short,short,long,long,long,long,long,long,short,short,short,long,long,long,long,long,long,long,long,long,long,long,long,long,long,long,long,long,long
3942,2022-07-25 00:00:00,OANDA:GBPUSD,1.20082,1.20178,1.19954,1.20004,3217.0,Interval.in_2_hour,17712000.0,long,long,long,long,long,short,long,long,long,long,long,long,long,long,long,long,long,long,short,short,neutral,neutral,long,short,neutral,neutral,neutral,short,long,long,long,long,long,long,long,long,long,long,long,long,long,long,long,long,long,short,short,short,short,long,long,long,long,long,long,long,long
3943,2022-07-22 22:00:00,OANDA:GBPUSD,1.19782,1.20097,1.1973,1.20082,9301.0,Interval.in_2_hour,17532000.0,long,long,long,long,long,long,short,short,long,long,long,long,long,long,long,long,long,long,short,short,neutral,neutral,long,short,neutral,neutral,neutral,short,long,long,long,long,long,long,long,short,long,long,long,long,long,long,long,long,long,short,short,short,short,short,long,long,long,long,long,long,long
3944,2022-07-22 20:00:00,OANDA:GBPUSD,1.20224,1.20246,1.19708,1.19782,17890.0,Interval.in_2_hour,17524800.0,long,long,long,long,long,long,long,long,long,long,long,long,long,long,long,long,long,long,short,short,long,neutral,long,short,short,neutral,neutral,long,long,long,long,long,long,long,long,long,long,long,long,long,long,long,long,long,long,long,long,short,long,long,long,long,long,long,long,long,long
3945,2022-07-22 18:00:00,OANDA:GBPUSD,1.2041,1.20438,1.20006,1.20224,20795.0,Interval.in_2_hour,17517600.0,long,long,long,long,long,long,long,long,short,short,long,long,long,long,long,long,long,long,short,short,neutral,neutral,long,short,neutral,neutral,neutral,long,long,long,long,long,long,long,long,long,long,long,long,long,long,long,long,long,long,short,short,short,short,short,short,short,long,long,long,long,long
3946,2022-07-22 16:00:00,OANDA:GBPUSD,1.19588,1.20642,1.1952,1.2041,33824.0,Interval.in_2_hour,17510400.0,long,long,long,long,long,long,long,long,short,short,short,long,short,short,short,short,long,long,short,short,short,neutral,long,short,long,long,neutral,long,long,long,long,long,long,long,long,long,long,long,long,long,long,long,long,long,long,short,short,short,short,short,short,short,short,short,long,long,long
3947,2022-07-22 14:00:00,OANDA:GBPUSD,1.1958,1.19749,1.19383,1.19588,23321.0,Interval.in_2_hour,17503200.0,long,long,long,long,long,long,long,long,long,long,long,long,long,long,long,long,long,long,short,short,neutral,neutral,long,short,long,neutral,neutral,short,short,short,short,short,short,long,long,short,short,long,short,short,short,short,short,short,short,long,long,long,long,long,long,long,long,long,long,long,long
3948,2022-07-22 12:00:00,OANDA:GBPUSD,1.19556,1.19761,1.19268,1.1958,21697.0,Interval.in_2_hour,17496000.0,long,long,long,long,long,long,long,long,long,long,long,long,long,long,long,long,long,long,short,short,neutral,neutral,long,short,neutral,neutral,neutral,short,short,short,short,short,short,long,short,short,long,short,short,short,short,short,short,short,short,long,long,long,long,long,long,long,long,long,long,long,long
3949,2022-07-22 10:00:00,OANDA:GBPUSD,1.19874,1.19898,1.19162,1.19556,26028.0,Interval.in_2_hour,17488800.0,long,long,long,long,long,long,long,long,long,long,long,long,long,long,long,long,long,long,short,short,neutral,neutral,long,short,neutral,neutral,neutral,short,short,short,short,long,long,long,short,long,long,short,short,short,short,short,short,long,short,long,long,long,long,long,long,long,long,long,long,long,long
3950,2022-07-22 08:00:00,OANDA:GBPUSD,1.19565,1.19876,1.19521,1.19874,14925.0,Interval.in_2_hour,17481600.0,long,long,long,long,long,long,long,long,long,long,long,long,long,long,long,long,long,long,short,short,short,neutral,long,short,neutral,neutral,neutral,short,short,short,long,long,long,short,long,long,short,short,short,short,short,short,long,short,short,short,short,short,long,long,short,long,long,short,long,short,long
3951,2022-07-22 06:00:00,OANDA:GBPUSD,1.19754,1.19782,1.19558,1.19565,9968.0,Interval.in_2_hour,17474400.0,long,long,long,long,long,long,long,long,long,long,long,long,long,long,long,long,long,long,short,short,neutral,neutral,long,short,short,short,short,short,short,long,long,short,short,long,long,short,short,short,short,short,short,short,short,short,short,long,short,long,long,long,long,long,long,long,long,long,long
3952,2022-07-22 04:00:00,OANDA:GBPUSD,1.1987,1.19906,1.19696,1.19754,16056.0,Interval.in_2_hour,17467200.0,long,long,long,long,long,long,long,long,long,long,long,long,long,long,long,long,long,long,short,short,neutral,neutral,long,short,short,short,neutral,short,long,long,long,long,long,long,short,short,long,long,long,long,long,short,short,short,short,short,long,short,short,short,long,long,long,long,long,short,long
3953,2022-07-22 02:00:00,OANDA:GBPUSD,1.19926,1.20034,1.19803,1.1987,9531.0,Interval.in_2_hour,17460000.0,long,short,long,long,long,long,long,long,long,long,long,long,long,long,long,long,long,long,short,short,long,long,long,short,short,neutral,neutral,long,long,long,long,long,long,short,short,long,long,long,long,long,long,short,long,short,short,short,short,long,short,short,short,long,long,short,long,long,short
3954,2022-07-22 00:00:00,OANDA:GBPUSD,1.20024,1.20024,1.1992,1.19926,8648.0,Interval.in_2_hour,17452800.0,short,short,short,short,long,long,long,long,long,long,long,long,long,long,long,long,long,long,short,short,neutral,neutral,long,short,neutral,neutral,neutral,long,long,long,long,long,long,long,long,long,long,long,long,long,long,long,long,short,short,short,short,short,short,short,short,short,long,long,short,long,long
3955,2022-07-21 22:00:00,OANDA:GBPUSD,1.19644,1.20032,1.19628,1.20024,8458.0,Interval.in_2_hour,17445600.0,short,short,short,short,short,long,long,long,long,long,long,long,long,long,long,long,long,long,short,short,neutral,neutral,long,short,long,long,neutral,long,long,long,long,short,short,long,long,long,long,long,short,short,long,short,short,short,short,short,short,short,short,short,short,short,short,long,long,short,long
3956,2022-07-21 20:00:00,OANDA:GBPUSD,1.19518,1.19702,1.19512,1.19644,12800.0,Interval.in_2_hour,17438400.0,long,long,short,long,long,long,long,long,long,long,long,long,long,long,long,long,long,long,short,short,neutral,neutral,long,short,long,neutral,neutral,short,long,short,short,short,short,short,short,short,short,short,short,short,short,short,short,short,short,long,long,long,long,short,long,short,short,short,long,long,long
3957,2022-07-21 18:00:00,OANDA:GBPUSD,1.19508,1.19756,1.1944,1.19518,18377.0,Interval.in_2_hour,17431200.0,long,long,long,long,long,long,long,long,long,long,long,long,long,long,long,long,long,long,short,short,neutral,neutral,long,short,neutral,neutral,neutral,long,short,short,short,short,short,short,short,short,short,short,short,short,short,short,short,short,short,long,long,long,long,long,long,long,long,long,long,long,long
3958,2022-07-21 16:00:00,OANDA:GBPUSD,1.19846,1.19919,1.18899,1.19508,40535.0,Interval.in_2_hour,17424000.0,long,long,long,long,long,long,long,long,long,long,long,long,long,long,long,long,long,long,short,short,neutral,neutral,long,short,neutral,neutral,neutral,long,short,short,short,short,short,short,short,short,short,short,short,short,short,short,short,short,short,long,long,long,long,long,long,long,long,long,long,long,long
3959,2022-07-21 14:00:00,OANDA:GBPUSD,1.1962,1.19931,1.19134,1.19846,32218.0,Interval.in_2_hour,17416800.0,long,long,short,long,long,short,long,short,long,long,long,long,long,long,long,long,long,long,short,short,short,neutral,long,short,long,neutral,neutral,short,short,short,long,short,long,long,short,short,short,short,short,short,short,short,short,short,short,short,short,short,long,long,long,short,short,long,short,short,short
3960,2022-07-21 12:00:00,OANDA:GBPUSD,1.19391,1.19708,1.1922,1.1962,18593.0,Interval.in_2_hour,17409600.0,short,long,long,long,long,long,long,long,long,long,long,long,long,long,long,long,long,long,short,short,neutral,neutral,long,short,neutral,neutral,neutral,short,short,short,short,short,short,short,short,short,short,short,short,short,short,short,short,short,short,long,short,short,long,long,long,long,long,short,long,short,short
3961,2022-07-21 10:00:00,OANDA:GBPUSD,1.19873,1.19922,1.19206,1.19391,25154.0,Interval.in_2_hour,17402400.0,long,long,long,long,long,long,long,long,long,long,long,long,long,long,long,long,long,long,short,short,neutral,neutral,long,short,short,neutral,neutral,short,short,short,short,short,short,short,short,short,short,short,short,short,short,short,short,short,short,long,long,long,long,long,long,long,long,long,long,long,long
3962,2022-07-21 08:00:00,OANDA:GBPUSD,1.19988,1.20038,1.19818,1.19873,14622.0,Interval.in_2_hour,17395200.0,short,short,short,long,long,short,long,long,short,long,short,long,long,long,long,long,long,long,short,short,neutral,neutral,long,short,neutral,neutral,neutral,long,long,long,long,long,long,long,long,short,short,short,short,short,short,short,short,short,short,short,short,short,short,short,short,long,long,short,short,short,long
3963,2022-07-21 06:00:00,OANDA:GBPUSD,1.19849,1.20008,1.19766,1.19988,14563.0,Interval.in_2_hour,17388000.0,short,short,short,short,long,long,short,long,long,short,short,short,short,long,long,long,long,long,short,short,long,long,long,short,long,neutral,neutral,long,long,long,long,long,long,short,short,short,short,short,short,short,short,short,short,short,short,short,short,short,short,short,short,short,long,short,short,short,short
3964,2022-07-21 04:00:00,OANDA:GBPUSD,1.1967,1.19869,1.19634,1.19849,13184.0,Interval.in_2_hour,17380800.0,short,long,short,short,short,long,long,short,long,long,short,long,short,long,long,long,long,long,short,short,neutral,neutral,long,short,neutral,neutral,neutral,long,long,short,short,short,short,short,short,short,short,short,short,short,short,short,short,short,short,long,long,short,short,short,short,short,short,long,long,long,short
3965,2022-07-21 02:00:00,OANDA:GBPUSD,1.19783,1.19797,1.19631,1.1967,7464.0,Interval.in_2_hour,17373600.0,long,short,long,short,short,short,long,long,long,long,long,short,long,long,long,long,long,long,short,short,long,neutral,long,short,short,neutral,neutral,long,short,short,short,short,short,short,short,short,short,short,short,short,short,short,short,short,short,long,long,long,short,short,long,short,short,short,long,long,long
3966,2022-07-21 00:00:00,OANDA:GBPUSD,1.19796,1.1983,1.19762,1.19783,3596.0,Interval.in_2_hour,17366400.0,long,short,short,long,short,short,short,long,long,short,long,long,short,long,long,long,long,long,short,short,neutral,neutral,long,short,neutral,neutral,neutral,short,short,short,short,short,short,short,short,short,short,short,short,short,short,short,short,short,long,short,long,long,long,short,short,long,short,short,short,long,long
3967,2022-07-20 22:00:00,OANDA:GBPUSD,1.19664,1.19808,1.19645,1.19796,6406.0,Interval.in_2_hour,17359200.0,long,long,short,short,long,short,short,short,long,long,short,long,long,short,long,long,long,long,short,short,neutral,neutral,long,short,neutral,neutral,neutral,short,short,short,short,short,short,short,short,short,short,short,short,short,short,short,short,long,long,short,short,long,long,long,short,short,long,short,short,short,long
3968,2022-07-20 20:00:00,OANDA:GBPUSD,1.19723,1.19758,1.19534,1.19664,15776.0,Interval.in_2_hour,17352000.0,long,long,long,long,short,long,short,short,short,long,long,long,long,long,short,long,long,long,short,short,short,short,long,short,short,neutral,neutral,short,short,short,short,short,short,short,short,short,short,short,short,short,short,short,long,long,long,long,long,long,long,long,long,short,short,long,short,short,short
3969,2022-07-20 18:00:00,OANDA:GBPUSD,1.1998,1.20014,1.19601,1.19723,15561.0,Interval.in_2_hour,17344800.0,short,long,long,long,long,short,long,short,short,short,long,long,long,long,long,short,long,long,short,short,neutral,neutral,long,short,neutral,neutral,neutral,short,short,short,short,short,short,short,short,short,short,short,short,short,short,long,long,long,long,short,long,long,short,long,long,long,short,short,long,short,short
3970,2022-07-20 16:00:00,OANDA:GBPUSD,1.19836,1.20066,1.1974,1.1998,25635.0,Interval.in_2_hour,17337600.0,short,short,long,short,short,short,short,short,short,short,short,long,long,short,long,long,short,short,short,short,neutral,neutral,long,short,long,neutral,neutral,short,short,short,short,short,short,short,short,short,short,short,short,short,long,long,long,long,long,short,short,short,short,short,short,long,short,short,short,short,short
3971,2022-07-20 14:00:00,OANDA:GBPUSD,1.19808,1.19937,1.19555,1.19836,24375.0,Interval.in_2_hour,17330400.0,short,short,short,long,long,long,short,short,long,short,short,short,long,long,short,long,long,short,short,short,long,neutral,long,short,neutral,neutral,neutral,short,short,short,short,short,short,short,short,short,short,short,short,long,long,long,long,long,long,long,short,short,short,short,short,long,long,long,short,short,long
3972,2022-07-20 12:00:00,OANDA:GBPUSD,1.20045,1.20322,1.19648,1.19808,19605.0,Interval.in_2_hour,17323200.0,long,short,short,short,long,long,long,short,short,long,short,short,short,long,long,short,long,long,short,short,neutral,neutral,long,short,short,short,neutral,short,short,short,short,short,short,short,short,short,short,short,long,long,long,long,long,long,long,long,long,short,short,short,short,short,long,long,long,short,short
3973,2022-07-20 10:00:00,OANDA:GBPUSD,1.20086,1.20287,1.19888,1.20045,25021.0,Interval.in_2_hour,17316000.0,short,short,short,short,short,short,short,short,short,short,short,short,short,short,long,long,short,long,short,short,neutral,neutral,long,short,short,neutral,neutral,short,short,long,long,long,short,short,short,short,long,long,long,long,long,long,long,long,long,short,short,short,short,short,short,short,short,short,short,short,short
3974,2022-07-20 08:00:00,OANDA:GBPUSD,1.20296,1.20349,1.19926,1.20086,14891.0,Interval.in_2_hour,17308800.0,short,short,short,short,short,short,short,short,short,short,short,short,short,short,short,long,long,short,short,short,long,neutral,long,short,neutral,neutral,neutral,long,long,long,long,long,short,short,short,long,long,long,long,long,long,long,long,long,long,short,short,short,short,short,short,short,short,short,short,short,short
3975,2022-07-20 06:00:00,OANDA:GBPUSD,1.20268,1.20378,1.20224,1.20296,9425.0,Interval.in_2_hour,17301600.0,short,short,short,short,short,short,short,short,short,short,short,short,short,short,short,short,long,short,short,short,neutral,neutral,long,short,long,long,long,long,long,long,long,long,long,long,long,long,long,long,long,long,long,long,long,long,long,short,short,short,short,short,short,short,short,short,short,short,short
3976,2022-07-20 04:00:00,OANDA:GBPUSD,1.20164,1.2031,1.20098,1.20268,12766.0,Interval.in_2_hour,17294400.0,short,short,short,short,short,short,short,short,short,short,short,short,short,short,short,short,short,long,short,short,neutral,neutral,long,short,long,long,long,long,long,long,long,long,short,long,long,long,long,long,long,long,long,long,long,long,long,long,short,short,short,short,short,short,short,short,short,short,short
3977,2022-07-20 02:00:00,OANDA:GBPUSD,1.20064,1.20182,1.19995,1.20164,8550.0,Interval.in_2_hour,17287200.0,short,short,short,short,short,short,short,short,short,short,short,short,short,short,short,short,short,short,short,short,neutral,neutral,long,short,long,long,neutral,long,short,short,short,short,long,long,long,long,long,long,long,long,long,long,long,long,long,long,long,short,short,short,short,short,short,short,short,short,short
3978,2022-07-20 00:00:00,OANDA:GBPUSD,1.19976,1.20082,1.19974,1.20064,8107.0,Interval.in_2_hour,17280000.0,short,short,short,short,short,short,short,short,short,short,short,short,short,short,short,short,short,short,short,short,neutral,neutral,long,short,long,neutral,neutral,short,short,short,short,long,long,long,long,long,long,long,long,long,long,long,long,long,long,long,long,long,long,short,short,short,short,short,short,short,short
3979,2022-07-19 22:00:00,OANDA:GBPUSD,1.1997,1.20048,1.19894,1.19976,8657.0,Interval.in_2_hour,17272800.0,short,short,short,long,short,short,short,short,short,short,short,long,short,short,short,short,short,short,short,short,neutral,neutral,long,short,neutral,neutral,neutral,short,short,short,long,long,long,long,long,long,long,long,short,short,long,long,long,long,long,long,long,long,long,long,long,short,short,long,short,short,short
3980,2022-07-19 20:00:00,OANDA:GBPUSD,1.20076,1.2011,1.19858,1.1997,9467.0,Interval.in_2_hour,17265600.0,short,short,short,short,long,short,short,short,short,short,short,short,long,short,short,short,short,short,short,short,neutral,neutral,long,short,short,neutral,neutral,short,short,long,long,long,long,long,long,long,long,long,long,long,long,long,long,long,long,long,long,long,long,long,long,long,short,short,long,short,short
3981,2022-07-19 18:00:00,OANDA:GBPUSD,1.20274,1.20458,1.20054,1.20076,14513.0,Interval.in_2_hour,17258400.0,short,short,short,short,short,short,short,short,short,short,short,short,short,short,short,short,short,short,short,short,neutral,neutral,long,short,neutral,neutral,neutral,short,long,long,long,long,long,long,long,long,long,long,long,long,long,long,long,long,long,short,short,short,long,long,long,long,short,short,short,short,short
3982,2022-07-19 16:00:00,OANDA:GBPUSD,1.20116,1.20405,1.20048,1.20274,26378.0,Interval.in_2_hour,17251200.0,short,short,short,short,short,short,short,short,short,short,short,short,short,short,short,short,short,short,short,short,neutral,neutral,long,short,neutral,neutral,neutral,long,long,long,long,long,long,long,long,long,long,long,long,long,long,long,long,long,long,short,short,short,short,short,short,long,short,short,short,short,short
3983,2022-07-19 14:00:00,OANDA:GBPUSD,1.20274,1.20326,1.2,1.20116,20241.0,Interval.in_2_hour,17244000.0,short,short,short,short,short,short,short,short,short,short,short,short,short,short,short,short,short,short,short,short,long,long,long,short,neutral,neutral,neutral,long,long,long,long,long,long,long,long,long,long,long,long,long,long,long,long,long,long,long,short,short,short,short,long,long,long,short,short,short,short
3984,2022-07-19 12:00:00,OANDA:GBPUSD,1.20213,1.20404,1.2001,1.20274,19627.0,Interval.in_2_hour,17236800.0,short,short,short,short,short,short,short,short,short,short,short,short,short,short,short,short,short,short,short,short,neutral,neutral,long,short,long,long,long,long,long,long,long,long,long,long,long,long,long,long,long,long,long,long,long,long,long,short,long,short,short,short,short,short,short,long,short,short,short
3985,2022-07-19 10:00:00,OANDA:GBPUSD,1.19696,1.20245,1.19636,1.20213,25181.0,Interval.in_2_hour,17229600.0,short,short,short,short,short,short,short,short,short,short,short,short,short,short,short,short,short,short,short,short,neutral,neutral,long,short,long,long,long,long,long,long,long,long,short,short,long,long,long,long,long,long,long,long,long,long,long,long,short,long,short,short,short,short,short,long,long,short,short
3986,2022-07-19 08:00:00,OANDA:GBPUSD,1.1946,1.19806,1.19438,1.19696,14344.0,Interval.in_2_hour,17222400.0,long,long,long,long,long,short,long,long,short,long,long,long,short,short,long,short,short,short,short,short,neutral,neutral,long,short,long,long,neutral,long,long,long,short,short,short,short,short,long,long,long,long,long,long,long,long,long,long,long,long,long,long,long,long,long,long,long,long,long,long
3987,2022-07-19 06:00:00,OANDA:GBPUSD,1.19399,1.19572,1.19376,1.1946,9739.0,Interval.in_2_hour,17215200.0,long,long,long,long,long,long,long,long,long,long,long,long,long,short,long,long,long,long,short,short,short,neutral,long,short,long,neutral,neutral,short,short,short,short,short,short,short,long,long,long,long,long,long,long,long,long,long,long,long,long,long,long,long,long,long,long,long,long,long,long
3988,2022-07-19 04:00:00,OANDA:GBPUSD,1.19354,1.19446,1.19252,1.19399,10810.0,Interval.in_2_hour,17208000.0,long,long,long,long,long,long,long,long,long,long,long,long,long,long,short,long,long,long,short,short,neutral,neutral,long,short,neutral,neutral,neutral,short,short,short,short,short,short,long,long,long,long,long,long,long,long,long,long,long,long,long,long,long,long,long,long,long,long,long,long,long,long
3989,2022-07-19 02:00:00,OANDA:GBPUSD,1.19492,1.19512,1.19329,1.19354,7135.0,Interval.in_2_hour,17200800.0,long,long,long,long,long,long,long,long,long,long,long,long,long,long,long,long,long,long,short,short,long,long,long,short,short,short,short,short,short,short,short,short,long,long,long,long,long,long,long,long,long,long,long,long,long,long,long,long,long,long,long,long,long,long,long,long,long
3990,2022-07-19 00:00:00,OANDA:GBPUSD,1.19515,1.1962,1.19452,1.19492,7750.0,Interval.in_2_hour,17193600.0,long,long,long,long,long,long,long,long,long,long,long,long,long,long,long,long,short,long,short,short,neutral,neutral,long,short,short,short,short,short,short,short,short,long,long,long,long,long,long,long,long,long,long,long,long,long,long,short,short,short,long,long,long,long,long,long,long,long,long
3991,2022-07-18 22:00:00,OANDA:GBPUSD,1.19546,1.19612,1.19461,1.19515,7651.0,Interval.in_2_hour,17186400.0,long,long,long,long,long,long,long,long,long,long,long,long,long,long,long,long,long,short,short,short,neutral,neutral,long,short,short,short,neutral,short,short,short,long,long,long,long,long,long,long,long,long,long,long,long,long,long,long,short,short,short,short,long,long,long,long,long,long,long,long
3992,2022-07-18 20:00:00,OANDA:GBPUSD,1.19765,1.19806,1.1949,1.19546,11768.0,Interval.in_2_hour,17179200.0,long,long,long,long,long,long,long,long,long,long,long,long,long,long,long,long,long,long,short,short,neutral,neutral,long,short,short,neutral,neutral,short,long,long,long,long,long,long,long,long,long,long,long,long,long,long,long,long,long,short,short,short,short,short,long,long,long,long,long,long,long
3993,2022-07-18 18:00:00,OANDA:GBPUSD,1.20242,1.20268,1.19755,1.19765,12610.0,Interval.in_2_hour,17172000.0,long,long,long,long,long,long,long,long,long,long,long,short,short,long,long,short,long,long,short,short,long,long,long,short,neutral,neutral,neutral,long,long,long,long,long,long,long,long,long,long,long,long,long,long,long,long,long,long,short,short,short,short,short,short,short,long,long,long,long,long
3994,2022-07-18 16:00:00,OANDA:GBPUSD,1.19796,1.20334,1.19696,1.20242,22432.0,Interval.in_2_hour,17164800.0,short,short,short,short,short,long,long,short,short,short,short,short,short,short,short,short,short,short,short,short,neutral,neutral,long,short,neutral,neutral,neutral,long,long,long,long,long,long,long,long,long,long,long,long,long,long,long,long,long,long,short,short,short,short,short,short,short,short,short,long,short,long
3995,2022-07-18 14:00:00,OANDA:GBPUSD,1.19826,1.19864,1.19526,1.19796,16932.0,Interval.in_2_hour,17157600.0,long,long,long,long,long,long,long,long,long,long,long,long,long,short,short,long,short,short,short,short,neutral,neutral,long,short,neutral,neutral,neutral,long,long,long,long,long,long,long,long,long,long,long,long,long,long,long,long,long,long,long,short,short,short,short,short,short,short,short,long,long,long
3996,2022-07-18 12:00:00,OANDA:GBPUSD,1.19458,1.19918,1.19418,1.19826,15699.0,Interval.in_2_hour,17150400.0,long,long,long,long,long,long,long,long,long,long,long,short,long,long,short,short,short,short,short,short,neutral,neutral,long,short,long,long,neutral,long,long,long,long,long,long,long,long,long,long,long,long,long,long,long,long,long,long,short,long,short,short,short,short,short,short,short,short,long,long
3997,2022-07-18 10:00:00,OANDA:GBPUSD,1.19092,1.19658,1.18988,1.19458,21322.0,Interval.in_2_hour,17143200.0,long,long,long,long,long,long,long,long,long,long,long,long,long,long,long,long,long,long,long,short,long,long,long,short,long,neutral,neutral,long,long,long,long,long,long,long,long,long,long,long,long,long,long,long,long,long,long,long,long,long,long,long,long,long,short,short,long,long,long
3998,2022-07-18 08:00:00,OANDA:GBPUSD,1.18865,1.19094,1.18782,1.19092,12707.0,Interval.in_2_hour,17136000.0,long,long,long,long,long,long,long,long,long,long,long,long,long,long,long,long,long,long,long,long,neutral,neutral,long,short,neutral,neutral,neutral,long,long,long,long,long,long,long,long,long,long,long,long,long,long,long,long,long,long,long,long,long,long,long,long,long,long,long,long,long,long
3999,2022-07-18 06:00:00,OANDA:GBPUSD,1.18966,1.19069,1.18811,1.18865,9790.0,Interval.in_2_hour,17128800.0,long,long,long,long,long,long,long,long,long,long,long,long,long,long,long,long,long,long,long,long,long,long,long,short,neutral,neutral,neutral,long,long,long,long,long,long,long,long,long,long,long,long,long,long,long,long,long,long,long,long,long,long,long,long,long,long,long,long,long,long
4000,2022-07-18 04:00:00,OANDA:GBPUSD,1.18828,1.19052,1.18826,1.18966,11103.0,Interval.in_2_hour,17121600.0,long,long,long,long,long,long,long,long,long,long,long,long,long,long,long,long,long,long,long,long,neutral,neutral,long,short,long,long,long,long,long,long,long,long,long,long,long,long,long,long,long,long,long,long,long,long,long,short,long,long,long,long,long,long,long,long,long,long,long
4001,2022-07-18 02:00:00,OANDA:GBPUSD,1.18734,1.1891,1.18682,1.18828,10670.0,Interval.in_2_hour,17114400.0,long,long,long,long,long,long,long,long,long,long,long,long,long,long,long,long,long,long,long,long,neutral,neutral,long,short,long,long,long,long,long,long,long,long,long,long,long,long,long,long,long,long,long,long,long,long,long,long,long,long,long,long,long,long,long,long,long,long,long
4002,2022-07-18 00:00:00,OANDA:GBPUSD,1.1869,1.18737,1.18629,1.18734,3030.0,Interval.in_2_hour,17107200.0,long,long,long,long,long,long,long,long,long,long,long,long,long,long,long,long,long,long,long,long,neutral,neutral,long,short,long,long,long,long,long,long,long,long,long,long,long,long,long,long,long,long,long,long,long,long,long,long,long,long,long,long,long,long,long,long,long,long,long
4003,2022-07-15 22:00:00,OANDA:GBPUSD,1.18572,1.18706,1.18528,1.1869,5252.0,Interval.in_2_hour,16927200.0,long,long,long,long,long,long,long,long,long,long,long,long,long,long,long,long,long,long,long,long,neutral,neutral,long,short,long,long,long,long,long,long,long,long,long,long,long,long,long,long,long,long,long,long,long,long,short,long,long,long,long,long,long,long,long,long,long,long,long
4004,2022-07-15 20:00:00,OANDA:GBPUSD,1.18554,1.18646,1.18492,1.18572,9252.0,Interval.in_2_hour,16920000.0,long,long,long,long,long,long,long,long,long,long,long,long,long,long,long,long,long,long,long,long,neutral,neutral,long,short,long,long,long,long,long,long,long,long,long,long,long,long,long,long,long,long,long,long,long,short,short,long,long,long,long,long,long,long,long,long,long,long,long
4005,2022-07-15 18:00:00,OANDA:GBPUSD,1.1855,1.18718,1.18409,1.18554,16578.0,Interval.in_2_hour,16912800.0,long,long,long,long,long,long,long,long,long,long,long,long,long,long,long,long,long,long,long,long,neutral,neutral,long,short,long,long,long,long,long,long,long,long,long,long,long,long,long,long,long,long,long,long,short,short,short,long,long,long,long,long,long,long,long,long,long,long,long
4006,2022-07-15 16:00:00,OANDA:GBPUSD,1.1847,1.18748,1.1814,1.1855,33960.0,Interval.in_2_hour,16905600.0,long,long,long,long,long,long,long,long,long,long,long,long,long,long,long,long,long,long,long,long,neutral,neutral,long,short,long,long,long,long,long,long,long,long,long,long,long,long,long,long,long,long,long,short,short,short,short,long,long,long,long,long,long,long,long,long,long,long,long
4007,2022-07-15 14:00:00,OANDA:GBPUSD,1.18404,1.18478,1.18074,1.1847,24589.0,Interval.in_2_hour,16898400.0,long,long,long,long,long,long,long,long,long,long,long,long,long,long,long,long,long,long,long,long,neutral,neutral,long,short,long,long,neutral,long,long,long,long,long,long,long,long,long,long,long,long,short,short,short,short,short,short,long,long,long,long,long,long,long,long,long,long,long,long
4008,2022-07-15 12:00:00,OANDA:GBPUSD,1.18274,1.18534,1.18226,1.18404,17307.0,Interval.in_2_hour,16891200.0,long,long,long,long,long,long,long,long,long,long,long,long,long,long,long,long,long,long,long,long,neutral,neutral,long,short,long,neutral,neutral,short,long,long,long,long,long,long,long,long,short,short,short,short,short,short,short,short,short,long,long,long,long,long,long,long,long,long,long,long,long
4009,2022-07-15 10:00:00,OANDA:GBPUSD,1.18142,1.18452,1.18044,1.18274,21830.0,Interval.in_2_hour,16884000.0,long,long,long,long,long,long,long,long,long,long,long,long,long,long,long,long,long,long,long,long,neutral,neutral,long,short,neutral,neutral,neutral,short,short,short,short,long,long,long,long,short,short,short,short,short,short,short,short,short,short,long,long,long,long,long,long,long,long,long,long,long,long
4010,2022-07-15 08:00:00,OANDA:GBPUSD,1.18312,1.1838,1.18116,1.18142,18073.0,Interval.in_2_hour,16876800.0,long,long,long,long,long,long,long,long,long,long,long,long,long,long,long,long,long,long,long,long,neutral,neutral,long,short,short,neutral,neutral,short,short,short,long,long,long,long,short,short,short,short,short,short,short,short,short,short,short,long,long,long,long,long,long,long,long,long,long,long,long
4011,2022-07-15 06:00:00,OANDA:GBPUSD,1.18394,1.18419,1.18258,1.18312,11827.0,Interval.in_2_hour,16869600.0,long,long,long,long,long,long,long,long,long,long,long,long,long,long,long,long,long,long,long,long,neutral,neutral,long,short,neutral,neutral,neutral,long,long,long,long,long,long,short,short,short,short,short,short,short,short,short,short,short,short,short,short,long,long,long,long,long,long,long,long,long,long
4012,2022-07-15 04:00:00,OANDA:GBPUSD,1.18271,1.18519,1.1827,1.18394,14422.0,Interval.in_2_hour,16862400.0,long,long,long,long,long,long,long,long,long,long,long,long,long,long,long,long,long,long,long,long,neutral,neutral,long,short,long,long,neutral,long,long,long,long,long,short,short,short,short,short,short,short,short,short,short,short,short,short,short,short,short,long,long,long,long,long,long,long,long,long
4013,2022-07-15 02:00:00,OANDA:GBPUSD,1.18266,1.18416,1.18192,1.18271,10741.0,Interval.in_2_hour,16855200.0,long,long,long,long,long,long,long,long,long,long,long,long,long,long,long,long,long,long,long,long,neutral,neutral,long,short,long,neutral,neutral,long,long,long,long,short,short,short,short,short,short,short,short,short,short,short,short,short,short,long,long,short,long,long,long,long,long,long,long,long,long
4014,2022-07-15 00:00:00,OANDA:GBPUSD,1.18255,1.18294,1.18221,1.18266,2188.0,Interval.in_2_hour,16848000.0,long,long,long,long,long,long,long,long,long,long,long,long,long,long,long,long,long,long,long,long,neutral,neutral,long,short,neutral,neutral,neutral,long,long,long,short,short,short,short,short,short,short,short,short,short,short,short,short,short,short,long,long,long,short,long,long,long,long,long,long,long,long
4015,2022-07-14 22:00:00,OANDA:GBPUSD,1.18318,1.18363,1.18171,1.18255,10205.0,Interval.in_2_hour,16840800.0,long,long,long,long,long,long,long,long,long,long,long,long,long,long,long,long,long,long,long,long,neutral,neutral,long,short,neutral,neutral,neutral,long,long,short,short,short,short,short,short,short,short,short,short,short,short,short,short,short,short,long,long,long,long,short,long,long,long,long,long,long,long
4016,2022-07-14 20:00:00,OANDA:GBPUSD,1.17797,1.18388,1.17778,1.18318,22594.0,Interval.in_2_hour,16833600.0,long,long,long,long,long,long,long,long,long,long,long,long,long,long,long,long,long,long,long,long,neutral,neutral,long,short,neutral,neutral,neutral,short,short,short,short,short,short,short,short,short,short,short,short,short,short,short,short,short,short,short,short,short,long,short,short,short,long,long,long,long,long
4017,2022-07-14 18:00:00,OANDA:GBPUSD,1.17856,1.18428,1.1775,1.17797,33290.0,Interval.in_2_hour,16826400.0,long,long,long,long,long,long,long,long,long,long,long,long,long,long,long,long,long,long,long,long,short,neutral,long,short,short,short,short,short,short,short,short,short,short,short,short,short,short,short,short,short,short,short,short,short,short,long,long,long,long,long,long,long,long,long,long,long,long
4018,2022-07-14 16:00:00,OANDA:GBPUSD,1.18116,1.18169,1.17603,1.17856,31454.0,Interval.in_2_hour,16819200.0,long,long,long,long,long,long,long,long,long,long,long,long,long,long,long,long,long,long,long,long,neutral,neutral,long,short,short,short,neutral,short,short,short,short,short,short,short,short,short,short,short,short,short,short,short,short,short,short,short,long,long,long,long,long,long,long,long,long,long,long
4019,2022-07-14 14:00:00,OANDA:GBPUSD,1.18286,1.18479,1.1811,1.18116,23687.0,Interval.in_2_hour,16812000.0,long,long,long,long,long,long,long,long,long,long,long,long,long,long,long,long,long,long,long,long,neutral,neutral,long,short,short,neutral,neutral,short,short,short,short,short,short,short,short,short,short,short,short,short,short,short,short,short,short,short,short,long,long,long,long,long,long,long,long,long,long
4020,2022-07-14 12:00:00,OANDA:GBPUSD,1.18421,1.18772,1.18281,1.18286,21148.0,Interval.in_2_hour,16804800.0,long,long,long,long,long,long,long,long,long,long,long,long,long,long,long,long,long,long,long,short,neutral,neutral,long,short,neutral,neutral,neutral,short,short,short,short,short,short,short,short,short,short,short,short,short,short,short,short,short,short,short,short,short,long,short,short,short,long,long,short,short,long
4021,2022-07-14 10:00:00,OANDA:GBPUSD,1.18368,1.18753,1.18238,1.18421,25249.0,Interval.in_2_hour,16797600.0,short,long,long,long,long,long,long,long,long,long,long,long,long,long,long,long,long,long,long,short,neutral,neutral,long,short,neutral,neutral,neutral,short,short,short,short,short,short,short,short,short,short,short,short,short,short,short,short,short,short,short,short,short,short,short,short,short,short,short,short,short,short
4022,2022-07-14 08:00:00,OANDA:GBPUSD,1.18608,1.18651,1.1836,1.18368,14333.0,Interval.in_2_hour,16790400.0,short,long,long,long,long,long,long,long,long,long,long,long,long,long,long,long,long,long,long,short,neutral,neutral,long,short,short,neutral,neutral,short,short,short,short,short,short,short,short,short,short,short,short,short,short,short,short,short,short,long,short,short,short,short,short,short,short,short,long,short,short
4023,2022-07-14 06:00:00,OANDA:GBPUSD,1.1872,1.18844,1.18576,1.18608,8552.0,Interval.in_2_hour,16783200.0,short,short,short,short,short,short,short,long,long,long,long,long,long,long,long,long,long,long,long,short,short,short,long,short,neutral,neutral,neutral,short,short,short,short,short,short,short,short,short,short,short,short,short,short,short,short,short,long,short,short,short,short,short,short,short,short,short,short,short,short
4024,2022-07-14 04:00:00,OANDA:GBPUSD,1.18582,1.18748,1.18466,1.1872,18577.0,Interval.in_2_hour,16776000.0,short,short,short,short,short,short,short,short,short,long,long,long,long,long,long,long,long,long,long,short,neutral,neutral,long,short,neutral,neutral,neutral,short,short,short,short,short,short,short,short,short,short,short,short,short,short,short,short,long,long,short,short,short,short,short,short,short,short,short,short,short,short
4025,2022-07-14 02:00:00,OANDA:GBPUSD,1.18821,1.18821,1.18502,1.18582,12761.0,Interval.in_2_hour,16768800.0,short,short,short,short,short,short,short,short,short,long,long,long,long,long,long,long,long,long,long,long,neutral,neutral,long,short,short,short,short,short,short,short,short,short,short,short,short,short,short,short,short,short,short,short,long,long,long,long,long,short,short,short,short,short,short,short,short,short,short
4026,2022-07-14 00:00:00,OANDA:GBPUSD,1.18904,1.18944,1.18814,1.18821,4862.0,Interval.in_2_hour,16761600.0,short,short,short,short,short,short,short,short,short,short,short,short,long,long,long,long,long,long,long,long,neutral,neutral,long,short,short,short,short,short,short,long,short,short,short,short,short,long,long,short,short,short,long,long,long,long,long,short,short,short,short,short,short,short,short,short,short,short,short
4027,2022-07-13 22:00:00,OANDA:GBPUSD,1.19061,1.19067,1.1887,1.18904,7999.0,Interval.in_2_hour,16754400.0,short,short,short,short,short,short,short,short,short,short,short,short,short,short,long,short,long,long,long,long,neutral,neutral,long,short,short,short,neutral,short,long,short,short,short,short,long,long,long,long,short,short,long,long,long,long,long,long,short,short,short,short,short,short,short,short,short,short,short,short
4028,2022-07-13 20:00:00,OANDA:GBPUSD,1.19215,1.19328,1.19003,1.19061,18093.0,Interval.in_2_hour,16747200.0,short,short,short,short,short,short,short,short,short,short,short,short,short,short,short,short,short,long,long,long,neutral,neutral,long,short,short,neutral,neutral,long,long,long,long,long,long,long,long,long,long,long,long,long,long,long,long,long,long,short,short,short,short,short,short,short,short,short,short,short,short
4029,2022-07-13 18:00:00,OANDA:GBPUSD,1.19468,1.19584,1.1906,1.19215,21333.0,Interval.in_2_hour,16740000.0,short,short,short,short,short,short,short,short,short,short,short,short,short,short,short,short,short,short,long,long,neutral,neutral,long,short,neutral,neutral,neutral,long,long,long,long,long,long,long,long,long,long,long,long,long,long,long,long,long,long,short,short,short,short,short,short,short,short,short,short,short,short
4030,2022-07-13 16:00:00,OANDA:GBPUSD,1.18556,1.19676,1.18432,1.19468,41973.0,Interval.in_2_hour,16732800.0,short,short,short,short,short,short,short,short,short,short,short,short,short,short,short,short,short,short,long,long,short,neutral,long,short,neutral,neutral,neutral,short,short,short,long,long,long,long,short,long,long,long,long,long,long,long,long,long,long,short,short,short,short,short,short,short,short,short,short,short,short
4031,2022-07-13 14:00:00,OANDA:GBPUSD,1.19164,1.19482,1.18274,1.18556,28734.0,Interval.in_2_hour,16725600.0,short,short,short,short,short,short,short,short,short,short,short,short,short,short,long,long,long,long,long,long,long,neutral,long,short,neutral,neutral,neutral,short,short,short,long,long,short,short,short,long,long,long,long,long,long,short,short,short,short,long,long,long,long,long,long,long,long,short,short,short,short
4032,2022-07-13 12:00:00,OANDA:GBPUSD,1.18906,1.19248,1.188,1.19164,15530.0,Interval.in_2_hour,16718400.0,short,short,short,short,short,short,short,short,short,short,short,short,short,short,short,short,short,short,long,long,neutral,neutral,long,short,neutral,neutral,neutral,short,long,long,long,long,short,long,long,long,long,long,long,long,long,long,long,long,long,short,long,long,short,short,short,short,short,short,short,short,short
4033,2022-07-13 10:00:00,OANDA:GBPUSD,1.19152,1.19298,1.18764,1.18906,25191.0,Interval.in_2_hour,16711200.0,short,short,short,short,short,short,short,short,short,short,short,short,short,short,short,short,short,short,long,long,neutral,neutral,long,short,neutral,neutral,neutral,long,long,long,long,short,long,long,long,long,long,long,long,long,long,long,long,long,long,long,short,long,long,long,short,short,short,short,short,short,short
4034,2022-07-13 08:00:00,OANDA:GBPUSD,1.19014,1.19372,1.18934,1.19152,17390.0,Interval.in_2_hour,16704000.0,short,short,short,short,short,short,short,short,short,short,short,short,short,short,short,short,short,short,long,long,neutral,neutral,long,short,neutral,neutral,neutral,long,long,long,long,long,long,long,long,long,long,long,long,long,long,long,long,long,long,short,long,short,long,long,short,short,short,short,short,short,short
4035,2022-07-13 06:00:00,OANDA:GBPUSD,1.19095,1.19196,1.18982,1.19014,13267.0,Interval.in_2_hour,16696800.0,short,short,short,short,short,short,short,short,short,short,short,short,short,short,short,short,short,short,long,long,neutral,neutral,long,short,neutral,neutral,neutral,long,long,long,long,long,long,long,long,long,long,long,long,long,long,long,long,long,short,long,short,long,short,long,long,long,short,short,short,short,short
4036,2022-07-13 04:00:00,OANDA:GBPUSD,1.188,1.19115,1.18704,1.19095,15544.0,Interval.in_2_hour,16689600.0,short,short,short,short,short,short,short,short,short,short,short,short,short,short,short,short,short,short,long,long,neutral,neutral,long,short,long,neutral,neutral,long,short,short,long,long,long,long,long,long,long,long,long,long,long,long,short,short,short,short,long,short,long,short,long,long,short,short,short,short,short
4037,2022-07-13 02:00:00,OANDA:GBPUSD,1.188,1.18888,1.18746,1.188,10395.0,Interval.in_2_hour,16682400.0,short,short,short,short,short,short,short,short,short,short,short,short,short,short,short,short,short,short,long,long,neutral,neutral,long,short,neutral,neutral,neutral,short,short,long,long,long,long,long,long,short,short,short,short,short,short,short,short,short,short,long,long,long,long,long,short,long,long,long,long,long,short
4038,2022-07-13 00:00:00,OANDA:GBPUSD,1.18877,1.18938,1.18786,1.188,2901.0,Interval.in_2_hour,16675200.0,short,short,short,short,short,short,short,short,short,short,short,short,short,short,short,short,short,short,long,long,neutral,neutral,long,short,short,short,neutral,short,long,long,long,long,long,long,short,short,short,short,short,long,short,short,short,short,short,long,long,long,long,long,long,short,long,long,long,long,long
4039,2022-07-12 22:00:00,OANDA:GBPUSD,1.18992,1.19001,1.18818,1.18877,7242.0,Interval.in_2_hour,16668000.0,short,short,short,short,short,short,short,short,short,short,short,short,short,short,short,short,short,short,long,long,neutral,neutral,long,short,short,neutral,neutral,long,long,long,long,long,long,long,long,long,long,long,long,short,short,short,short,short,short,short,short,long,long,long,long,long,short,long,long,long,long
4040,2022-07-12 20:00:00,OANDA:GBPUSD,1.19104,1.1913,1.18942,1.18992,10998.0,Interval.in_2_hour,16660800.0,short,short,short,short,short,short,short,short,short,short,short,short,short,short,short,short,short,short,long,long,neutral,neutral,long,short,neutral,neutral,neutral,long,long,long,long,long,long,long,long,long,long,long,long,short,short,short,short,short,short,short,short,short,long,long,long,short,long,short,long,long,long
4041,2022-07-12 18:00:00,OANDA:GBPUSD,1.18879,1.19161,1.18872,1.19104,15796.0,Interval.in_2_hour,16653600.0,short,short,short,short,short,short,short,short,short,short,short,short,short,short,short,short,short,short,long,long,neutral,neutral,long,short,long,long,long,long,long,long,long,long,long,long,long,long,long,short,short,short,short,short,short,short,short,short,short,short,short,short,short,long,short,long,short,long,long
4042,2022-07-12 16:00:00,OANDA:GBPUSD,1.18592,1.18936,1.18588,1.18879,28571.0,Interval.in_2_hour,16646400.0,long,long,long,short,short,short,short,short,short,short,short,short,short,short,short,short,short,short,long,long,neutral,neutral,long,short,long,long,neutral,long,long,neutral,short,short,short,short,short,short,short,short,short,short,short,short,short,short,short,long,long,short,short,short,long,long,long,long,long,short,long
4043,2022-07-12 14:00:00,OANDA:GBPUSD,1.18444,1.18824,1.18334,1.18592,25613.0,Interval.in_2_hour,16639200.0,long,long,long,long,long,short,long,long,short,short,short,short,short,short,short,short,short,short,long,long,neutral,neutral,long,short,long,neutral,neutral,short,short,short,short,short,short,short,short,short,short,short,short,short,short,short,short,short,short,long,long,long,long,long,long,long,long,long,long,long,short
4044,2022-07-12 12:00:00,OANDA:GBPUSD,1.18296,1.18516,1.18128,1.18444,18287.0,Interval.in_2_hour,16632000.0,long,long,long,long,long,long,long,long,long,short,short,short,short,short,short,short,short,short,long,long,short,short,long,short,neutral,neutral,neutral,short,short,short,short,short,short,short,short,short,short,short,short,short,short,short,short,short,short,long,long,long,long,long,long,long,long,long,long,long,long
4045,2022-07-12 10:00:00,OANDA:GBPUSD,1.18674,1.18717,1.18075,1.18296,24656.0,Interval.in_2_hour,16624800.0,long,long,long,long,long,long,long,long,long,long,long,long,short,short,short,short,long,short,long,long,neutral,neutral,long,short,neutral,neutral,neutral,short,short,short,short,short,short,short,short,short,short,short,short,short,short,short,short,short,short,long,long,long,long,long,long,long,long,long,long,long,long
4046,2022-07-12 08:00:00,OANDA:GBPUSD,1.18647,1.18737,1.18461,1.18674,18070.0,Interval.in_2_hour,16617600.0,long,long,short,long,long,long,long,long,short,long,short,short,short,short,short,short,short,short,long,long,neutral,neutral,long,short,neutral,neutral,neutral,short,short,short,short,short,short,short,short,short,short,short,short,short,short,short,short,short,short,short,short,short,long,long,long,long,long,long,long,long,long
4047,2022-07-12 06:00:00,OANDA:GBPUSD,1.18824,1.18862,1.18612,1.18647,13432.0,Interval.in_2_hour,16610400.0,long,long,long,short,long,long,long,long,long,short,long,short,short,short,short,short,short,short,long,long,neutral,neutral,long,short,short,neutral,neutral,short,short,short,short,short,short,short,short,short,short,short,short,short,short,short,short,short,short,long,short,short,short,long,long,long,long,long,long,long,long
4048,2022-07-12 04:00:00,OANDA:GBPUSD,1.18932,1.18939,1.18608,1.18824,19268.0,Interval.in_2_hour,16603200.0,long,long,long,long,short,long,long,long,long,short,short,short,short,short,short,short,short,short,long,long,neutral,neutral,long,short,neutral,neutral,neutral,short,short,long,short,short,short,short,short,short,short,short,short,short,short,short,short,short,short,short,short,short,short,short,long,long,long,long,short,short,long
4049,2022-07-12 02:00:00,OANDA:GBPUSD,1.18916,1.191,1.18882,1.18932,9622.0,Interval.in_2_hour,16596000.0,long,long,long,short,long,short,long,long,long,short,short,short,short,short,short,short,short,short,long,long,neutral,neutral,long,short,long,neutral,neutral,long,long,short,short,short,short,short,short,short,short,short,short,short,short,short,short,short,short,short,short,short,short,short,short,short,long,long,short,short,short
4050,2022-07-12 00:00:00,OANDA:GBPUSD,1.189,1.18979,1.18898,1.18916,10404.0,Interval.in_2_hour,16588800.0,short,long,long,long,short,long,short,long,long,long,short,short,short,short,short,short,short,short,long,long,neutral,neutral,long,short,neutral,neutral,neutral,long,short,short,short,short,short,short,short,short,short,short,short,short,short,short,short,short,short,long,short,short,short,short,short,short,short,long,long,short,short
4051,2022-07-11 22:00:00,OANDA:GBPUSD,1.18968,1.18998,1.18835,1.189,7709.0,Interval.in_2_hour,16581600.0,short,short,long,long,long,long,long,short,long,long,long,long,short,short,short,short,short,short,long,long,neutral,neutral,long,short,neutral,neutral,neutral,short,short,short,short,short,short,short,short,short,short,short,short,short,short,short,short,short,short,long,long,short,short,short,short,short,short,short,long,long,short
4052,2022-07-11 20:00:00,OANDA:GBPUSD,1.18834,1.19096,1.1881,1.18968,11551.0,Interval.in_2_hour,16574400.0,short,short,short,long,long,long,short,long,short,long,long,long,short,short,short,short,short,short,long,long,short,neutral,long,short,neutral,neutral,neutral,short,short,short,short,short,short,short,short,short,short,short,short,short,short,short,short,short,short,short,short,short,short,short,short,short,short,short,short,long,long
4053,2022-07-11 18:00:00,OANDA:GBPUSD,1.18838,1.1907,1.18773,1.18834,17820.0,Interval.in_2_hour,16567200.0,long,long,short,short,long,long,long,long,long,short,long,long,long,long,short,short,short,short,long,long,neutral,neutral,long,short,short,short,short,short,short,short,short,short,short,short,short,short,short,short,short,short,short,short,short,short,short,long,long,long,long,short,short,short,short,short,short,long,long
4054,2022-07-11 16:00:00,OANDA:GBPUSD,1.19229,1.19232,1.18667,1.18838,27521.0,Interval.in_2_hour,16560000.0,long,long,long,short,short,long,long,long,long,long,short,long,long,long,long,short,short,short,long,long,neutral,neutral,long,short,short,short,short,short,short,short,short,short,short,short,short,short,short,short,short,short,short,short,short,short,short,short,long,long,long,long,short,short,short,short,short,short,long
4055,2022-07-11 14:00:00,OANDA:GBPUSD,1.19577,1.1972,1.19074,1.19229,17934.0,Interval.in_2_hour,16552800.0,short,short,short,short,short,short,short,short,short,short,short,short,long,short,short,short,short,short,long,long,neutral,neutral,long,short,short,short,short,short,short,short,short,short,short,short,short,short,short,short,short,short,short,short,short,short,short,short,short,short,short,short,short,short,short,short,short,short,short
4056,2022-07-11 12:00:00,OANDA:GBPUSD,1.19664,1.19775,1.19353,1.19577,15859.0,Interval.in_2_hour,16545600.0,short,short,short,short,short,short,short,short,short,short,short,short,short,short,short,short,short,short,long,long,neutral,neutral,long,short,short,short,neutral,short,short,short,short,short,short,short,short,short,long,short,short,short,short,short,short,short,short,short,short,short,short,short,short,short,short,short,short,short,short
4057,2022-07-11 10:00:00,OANDA:GBPUSD,1.19726,1.19823,1.19534,1.19664,20177.0,Interval.in_2_hour,16538400.0,short,short,short,short,short,short,short,short,short,short,short,short,short,short,short,short,short,short,long,long,short,short,long,short,short,neutral,neutral,short,short,short,short,short,short,short,short,long,long,short,short,short,short,short,short,short,short,short,short,short,short,short,short,short,short,short,short,short,short
4058,2022-07-11 08:00:00,OANDA:GBPUSD,1.19881,1.199,1.1965,1.19726,13384.0,Interval.in_2_hour,16531200.0,short,short,short,short,short,short,short,short,short,short,short,short,short,short,short,short,short,short,long,long,neutral,neutral,long,short,neutral,neutral,neutral,short,short,short,short,short,short,short,long,long,short,short,short,short,short,short,short,short,short,short,short,short,short,short,short,short,short,short,short,short,short
4059,2022-07-11 06:00:00,OANDA:GBPUSD,1.1986,1.19945,1.19792,1.19881,8178.0,Interval.in_2_hour,16524000.0,short,short,short,short,short,short,short,short,short,short,short,short,short,short,short,short,short,short,long,long,neutral,neutral,long,short,neutral,neutral,neutral,short,short,short,short,short,long,long,long,short,short,short,short,short,short,short,short,long,long,short,short,short,short,short,short,short,short,short,short,short,short
4060,2022-07-11 04:00:00,OANDA:GBPUSD,1.20088,1.20097,1.1977,1.1986,15004.0,Interval.in_2_hour,16516800.0,short,short,short,short,short,short,short,short,short,short,short,short,short,short,short,short,short,short,long,long,neutral,neutral,long,short,short,short,neutral,short,short,short,short,long,long,long,short,short,short,short,short,short,short,short,long,long,long,long,short,short,short,short,short,short,short,short,short,short,short
4061,2022-07-11 02:00:00,OANDA:GBPUSD,1.2026,1.20283,1.20039,1.20088,11504.0,Interval.in_2_hour,16509600.0,short,short,short,short,short,short,short,short,short,short,short,short,short,short,short,short,short,short,long,long,neutral,neutral,long,short,short,neutral,neutral,short,short,long,long,long,long,long,short,short,short,short,short,long,long,long,long,long,long,short,short,short,short,short,short,short,short,short,short,short,short
4062,2022-07-11 00:00:00,OANDA:GBPUSD,1.20328,1.20373,1.20149,1.2026,3255.0,Interval.in_2_hour,16502400.0,short,short,short,short,short,short,short,short,short,short,short,short,short,short,short,short,short,short,long,long,neutral,neutral,long,short,neutral,neutral,neutral,long,long,long,long,long,long,long,short,short,long,long,long,long,long,long,long,long,long,short,short,short,short,short,short,short,short,short,short,short,short
4063,2022-07-08 22:00:00,OANDA:GBPUSD,1.20273,1.20371,1.20205,1.20328,5865.0,Interval.in_2_hour,16322400.0,short,short,short,short,short,short,short,short,short,short,short,short,short,short,short,short,short,short,long,long,neutral,neutral,long,short,long,neutral,neutral,long,long,long,long,long,long,short,short,long,long,long,long,long,long,long,long,long,long,short,short,short,short,short,short,short,short,short,short,short,short
4064,2022-07-08 20:00:00,OANDA:GBPUSD,1.20195,1.20324,1.20119,1.20273,9581.0,Interval.in_2_hour,16315200.0,short,short,short,short,short,short,short,short,short,short,short,short,short,short,short,short,short,short,long,long,neutral,neutral,long,short,neutral,neutral,neutral,long,long,long,long,short,short,short,short,long,long,long,long,long,long,long,long,long,long,long,short,short,short,short,short,short,short,short,short,short,short
4065,2022-07-08 18:00:00,OANDA:GBPUSD,1.20252,1.20482,1.20168,1.20195,15058.0,Interval.in_2_hour,16308000.0,short,short,short,short,short,short,short,short,short,short,short,short,short,short,short,short,short,short,long,long,neutral,neutral,long,short,neutral,neutral,neutral,long,long,long,short,short,short,short,long,long,long,long,long,long,long,long,long,long,long,long,long,long,short,short,short,short,short,short,short,short,short
4066,2022-07-08 16:00:00,OANDA:GBPUSD,1.19868,1.20375,1.19716,1.20252,29722.0,Interval.in_2_hour,16300800.0,short,short,short,short,short,short,short,short,short,short,short,short,short,short,short,short,short,short,long,long,neutral,neutral,long,short,neutral,neutral,neutral,long,short,short,short,short,short,short,short,long,long,long,long,long,long,long,long,long,long,short,long,long,long,short,short,short,short,short,short,short,short
4067,2022-07-08 14:00:00,OANDA:GBPUSD,1.19872,1.20302,1.19514,1.19868,25798.0,Interval.in_2_hour,16293600.0,short,short,short,short,short,short,short,short,short,short,short,short,short,short,short,short,short,short,long,long,short,neutral,long,short,neutral,neutral,neutral,short,short,short,short,short,short,short,short,long,long,long,long,long,long,long,long,long,long,long,long,long,long,long,long,short,long,short,short,short,short
4068,2022-07-08 12:00:00,OANDA:GBPUSD,1.19348,1.19969,1.19278,1.19872,18635.0,Interval.in_2_hour,16286400.0,short,short,short,short,short,short,short,short,short,short,short,short,short,short,short,short,short,short,long,long,neutral,neutral,long,short,neutral,neutral,neutral,short,short,short,short,short,short,short,short,short,short,short,long,long,long,long,long,long,long,short,long,long,long,long,long,long,short,long,short,short,short
4069,2022-07-08 10:00:00,OANDA:GBPUSD,1.19988,1.20047,1.19195,1.19348,26330.0,Interval.in_2_hour,16279200.0,long,short,short,short,short,short,short,short,short,short,short,short,short,short,short,short,short,short,long,long,neutral,neutral,long,short,short,short,short,short,short,short,short,short,short,short,short,short,long,long,long,long,long,long,long,long,long,long,long,long,long,long,long,long,long,long,long,long,long
4070,2022-07-08 08:00:00,OANDA:GBPUSD,1.20148,1.20149,1.19928,1.19988,13330.0,Interval.in_2_hour,16272000.0,short,short,short,short,short,short,short,short,short,short,short,short,short,short,short,short,short,short,long,short,neutral,neutral,long,short,short,short,neutral,short,short,short,short,long,long,long,long,long,long,long,long,long,long,long,long,long,long,short,short,short,long,long,long,long,long,long,short,short,short
4071,2022-07-08 06:00:00,OANDA:GBPUSD,1.20335,1.20342,1.19964,1.20148,15063.0,Interval.in_2_hour,16264800.0,short,short,short,short,short,short,short,short,short,short,short,short,short,short,short,short,short,short,long,short,neutral,neutral,long,short,short,neutral,neutral,short,long,long,long,long,long,long,long,long,long,long,long,long,long,long,long,long,long,short,short,short,short,long,long,long,long,long,short,short,short
4072,2022-07-08 04:00:00,OANDA:GBPUSD,1.20501,1.20564,1.20276,1.20335,14507.0,Interval.in_2_hour,16257600.0,short,short,short,short,short,short,short,short,short,short,short,short,short,short,short,short,short,short,long,short,neutral,neutral,long,short,neutral,neutral,neutral,long,long,long,long,long,long,long,long,long,long,long,long,long,long,long,long,long,long,short,short,short,short,short,short,short,short,short,short,short,short
4073,2022-07-08 02:00:00,OANDA:GBPUSD,1.20279,1.20522,1.20195,1.20501,8177.0,Interval.in_2_hour,16250400.0,short,short,short,short,short,short,short,short,short,short,short,short,short,short,short,short,short,short,long,short,neutral,neutral,long,short,long,long,long,long,long,long,long,long,long,long,long,long,long,long,long,long,long,long,long,long,long,short,short,short,short,short,short,short,short,short,short,short,short
4074,2022-07-08 00:00:00,OANDA:GBPUSD,1.20242,1.20338,1.2017,1.20279,3578.0,Interval.in_2_hour,16243200.0,short,short,short,short,short,short,short,short,short,short,short,short,short,short,short,short,short,short,long,long,neutral,neutral,long,short,long,long,long,long,long,long,long,long,long,long,long,long,long,long,long,long,long,long,long,long,long,long,long,short,short,short,short,short,short,short,short,long,short
4075,2022-07-07 22:00:00,OANDA:GBPUSD,1.20137,1.203,1.20135,1.20242,6346.0,Interval.in_2_hour,16236000.0,long,short,short,short,short,short,short,short,short,short,short,short,short,short,short,short,short,short,long,long,short,short,long,short,long,long,long,long,long,long,long,long,long,long,long,long,long,long,long,long,long,long,long,long,long,long,long,long,short,short,short,short,short,long,short,long,long
4076,2022-07-07 20:00:00,OANDA:GBPUSD,1.20083,1.20236,1.19964,1.20137,9712.0,Interval.in_2_hour,16228800.0,long,long,short,short,short,short,short,short,short,short,short,short,short,short,short,short,short,short,long,long,neutral,neutral,long,short,long,long,neutral,long,long,long,long,long,long,long,long,long,long,long,long,long,long,long,long,long,long,long,long,long,long,long,short,short,short,short,long,long,long
4077,2022-07-07 18:00:00,OANDA:GBPUSD,1.20004,1.20146,1.19893,1.20083,15509.0,Interval.in_2_hour,16221600.0,long,long,long,long,short,short,short,short,short,short,short,short,short,short,short,short,short,short,long,long,neutral,neutral,long,short,long,neutral,neutral,long,long,long,long,long,long,long,long,long,long,long,long,long,long,long,long,long,long,long,long,long,long,long,long,short,short,short,short,long,long
4078,2022-07-07 16:00:00,OANDA:GBPUSD,1.19641,1.20078,1.19481,1.20004,28168.0,Interval.in_2_hour,16214400.0,long,long,long,long,long,short,short,short,short,short,short,short,short,short,short,short,short,short,long,long,neutral,neutral,long,short,neutral,neutral,neutral,long,long,long,long,long,long,long,long,long,long,long,long,long,long,long,long,long,long,long,long,long,long,long,long,long,short,short,short,short,long
4079,2022-07-07 14:00:00,OANDA:GBPUSD,1.19926,1.19953,1.19587,1.19641,21967.0,Interval.in_2_hour,16207200.0,long,long,long,long,long,long,long,long,long,long,short,short,short,short,short,short,short,short,long,long,neutral,neutral,long,short,neutral,neutral,neutral,long,long,long,long,long,long,long,long,long,long,long,long,long,long,long,long,long,long,long,long,long,long,long,long,long,long,long,short,long,long
4080,2022-07-07 12:00:00,OANDA:GBPUSD,1.1969,1.20238,1.19552,1.19926,21397.0,Interval.in_2_hour,16200000.0,short,long,long,long,long,long,long,short,short,short,short,short,short,short,short,short,short,short,long,long,neutral,neutral,long,short,long,long,long,long,long,long,long,long,long,long,long,long,long,long,long,long,long,long,long,long,long,short,long,long,long,long,long,long,long,long,long,short,short
4081,2022-07-07 10:00:00,OANDA:GBPUSD,1.19534,1.19948,1.19338,1.1969,24896.0,Interval.in_2_hour,16192800.0,long,long,long,long,long,long,long,long,long,long,long,short,short,short,short,short,short,short,long,long,neutral,neutral,long,short,long,long,long,long,long,long,long,long,long,long,long,long,long,long,long,short,long,long,long,long,long,long,short,long,long,long,long,long,long,long,long,long,short
4082,2022-07-07 08:00:00,OANDA:GBPUSD,1.19484,1.19648,1.1939,1.19534,13590.0,Interval.in_2_hour,16185600.0,short,long,long,long,long,long,long,long,long,long,long,long,long,long,short,short,short,short,long,long,long,long,long,short,long,long,long,long,long,long,long,long,long,long,long,short,long,short,short,short,short,short,long,long,long,long,long,long,long,long,long,long,long,long,long,long,long
4083,2022-07-07 06:00:00,OANDA:GBPUSD,1.19481,1.19536,1.19409,1.19484,10680.0,Interval.in_2_hour,16178400.0,long,short,long,long,long,long,long,long,long,long,long,long,long,long,long,short,short,short,long,long,neutral,neutral,long,short,long,long,long,long,long,long,long,long,long,long,short,long,short,short,short,short,short,long,long,long,short,long,long,long,long,long,long,long,long,long,long,long,long
4084,2022-07-07 04:00:00,OANDA:GBPUSD,1.19259,1.19527,1.19154,1.19481,15174.0,Interval.in_2_hour,16171200.0,long,long,short,long,long,long,long,long,long,long,long,long,long,long,long,long,short,short,long,long,neutral,neutral,long,short,long,long,neutral,long,long,long,long,long,short,short,short,short,short,short,short,short,long,long,short,short,short,long,long,long,long,long,long,long,long,long,long,long,long
4085,2022-07-07 02:00:00,OANDA:GBPUSD,1.19258,1.1931,1.1909,1.19259,10419.0,Interval.in_2_hour,16164000.0,long,long,long,long,long,long,long,long,long,long,long,long,long,long,long,long,long,short,long,long,neutral,neutral,long,short,long,neutral,neutral,long,long,long,long,short,short,short,short,short,short,short,short,short,long,short,short,short,short,long,long,long,long,long,long,long,long,long,long,long,long
4086,2022-07-07 00:00:00,OANDA:GBPUSD,1.19228,1.19304,1.19162,1.19258,8049.0,Interval.in_2_hour,16156800.0,long,long,long,long,long,long,long,long,long,long,long,long,long,long,long,long,long,long,long,long,neutral,neutral,long,short,neutral,neutral,neutral,long,long,long,short,short,short,short,short,short,short,short,short,long,short,short,short,short,short,long,long,long,long,long,long,long,long,long,long,long,long
4087,2022-07-06 22:00:00,OANDA:GBPUSD,1.19252,1.19372,1.1916,1.19228,8890.0,Interval.in_2_hour,16149600.0,long,long,long,long,long,long,long,long,long,long,long,long,long,long,long,long,long,long,long,long,neutral,neutral,long,short,neutral,neutral,neutral,long,long,short,short,short,short,short,short,short,short,short,long,short,short,short,short,short,short,long,long,long,long,long,long,long,long,long,long,long,long
4088,2022-07-06 20:00:00,OANDA:GBPUSD,1.19096,1.19456,1.19082,1.19252,26052.0,Interval.in_2_hour,16142400.0,long,long,long,long,long,long,long,long,long,long,long,long,long,long,long,long,long,long,long,long,short,short,long,short,long,long,neutral,long,short,short,short,short,short,short,short,short,short,short,short,short,short,short,short,short,short,short,long,long,long,long,long,long,long,long,long,long,long
4089,2022-07-06 18:00:00,OANDA:GBPUSD,1.19088,1.1921,1.1888,1.19096,24048.0,Interval.in_2_hour,16135200.0,long,long,long,long,long,long,long,long,long,long,long,long,long,long,long,long,long,long,long,long,neutral,neutral,long,short,long,neutral,neutral,short,short,short,short,short,short,short,short,short,short,short,short,short,short,short,short,short,short,long,long,long,long,long,long,long,long,long,long,long,long
4090,2022-07-06 16:00:00,OANDA:GBPUSD,1.18972,1.19408,1.18861,1.19088,35918.0,Interval.in_2_hour,16128000.0,long,long,long,long,long,long,long,long,long,long,long,long,long,long,long,long,long,long,long,long,short,short,long,short,neutral,neutral,neutral,short,short,short,short,short,short,short,short,short,short,short,short,short,short,short,short,short,short,long,long,long,long,long,long,long,long,long,long,long,long
4091,2022-07-06 14:00:00,OANDA:GBPUSD,1.19216,1.19258,1.1876,1.18972,23797.0,Interval.in_2_hour,16120800.0,long,long,long,long,long,long,long,long,long,long,long,long,long,long,long,long,long,long,long,long,neutral,neutral,long,short,short,neutral,neutral,short,short,short,short,short,short,short,short,short,short,short,short,short,short,short,short,short,short,long,long,long,long,long,long,long,long,long,long,long,long
4092,2022-07-06 12:00:00,OANDA:GBPUSD,1.19604,1.19636,1.19098,1.19216,21444.0,Interval.in_2_hour,16113600.0,long,long,long,long,long,long,long,long,long,long,long,long,long,long,long,long,long,long,long,long,neutral,neutral,long,short,neutral,neutral,neutral,short,short,short,short,short,long,long,short,short,short,short,short,short,short,short,short,short,short,short,short,short,long,long,long,long,long,long,long,long,long
4093,2022-07-06 10:00:00,OANDA:GBPUSD,1.19566,1.19895,1.19448,1.19604,25644.0,Interval.in_2_hour,16106400.0,long,long,long,long,long,long,long,long,long,long,long,short,long,long,long,long,long,long,long,long,short,short,long,short,long,neutral,neutral,short,short,long,long,long,long,long,short,short,short,short,short,short,short,short,short,short,short,short,short,short,short,short,short,short,short,short,short,short,long
4094,2022-07-06 08:00:00,OANDA:GBPUSD,1.19354,1.19626,1.19111,1.19566,16008.0,Interval.in_2_hour,16099200.0,long,long,long,long,long,long,long,long,long,long,long,long,short,long,long,long,long,long,long,long,short,short,long,short,neutral,neutral,neutral,short,short,short,long,long,long,short,short,short,short,short,short,short,short,short,short,short,short,long,short,short,short,short,short,short,short,short,short,short,short
4095,2022-07-06 06:00:00,OANDA:GBPUSD,1.1968,1.19707,1.19272,1.19354,10938.0,Interval.in_2_hour,16092000.0,long,long,long,long,long,long,long,long,long,long,long,long,long,short,long,long,long,long,long,long,neutral,neutral,long,short,neutral,neutral,neutral,short,short,long,long,long,short,short,short,short,short,short,short,short,short,short,short,short,short,long,long,short,short,short,short,short,short,short,short,long,long
4096,2022-07-06 04:00:00,OANDA:GBPUSD,1.19648,1.1972,1.19552,1.1968,15804.0,Interval.in_2_hour,16084800.0,short,short,long,long,short,long,long,long,long,long,long,long,long,long,short,long,long,long,long,long,neutral,neutral,long,short,long,neutral,neutral,long,long,long,long,short,short,short,short,short,short,short,short,short,short,short,short,short,short,short,short,short,short,short,short,short,short,short,short,short,short
4097,2022-07-06 02:00:00,OANDA:GBPUSD,1.19573,1.19652,1.19445,1.19648,9934.0,Interval.in_2_hour,16077600.0,short,short,short,long,long,short,long,long,long,long,long,long,long,long,long,short,long,long,long,long,neutral,neutral,long,short,neutral,neutral,neutral,long,long,long,short,short,short,short,short,short,short,short,short,short,short,short,short,short,short,long,short,short,short,short,short,short,short,short,short,short,short
4098,2022-07-06 00:00:00,OANDA:GBPUSD,1.1958,1.19604,1.1935,1.19573,4737.0,Interval.in_2_hour,16070400.0,short,short,short,short,long,long,long,long,long,long,long,long,long,long,long,long,short,long,long,long,neutral,neutral,long,short,neutral,neutral,neutral,long,long,short,short,short,short,short,short,short,short,short,short,short,short,short,short,short,short,long,long,short,short,long,short,short,short,short,short,short,short
4099,2022-07-05 22:00:00,OANDA:GBPUSD,1.19498,1.19596,1.19441,1.1958,8163.0,Interval.in_2_hour,16063200.0,short,short,short,short,short,long,long,long,long,long,long,long,long,long,long,long,long,short,long,long,neutral,neutral,long,short,long,long,neutral,long,short,short,short,short,short,short,short,short,short,short,short,short,short,short,short,short,short,short,long,long,short,short,long,short,short,short,short,short,short
4100,2022-07-05 20:00:00,OANDA:GBPUSD,1.19241,1.19569,1.1917,1.19498,14628.0,Interval.in_2_hour,16056000.0,short,short,short,short,short,long,long,long,long,long,long,long,long,long,long,long,long,long,long,long,short,short,long,short,long,neutral,neutral,short,short,short,short,short,short,short,short,short,short,short,short,short,short,short,short,short,short,long,long,long,long,short,long,long,short,short,short,short,short
4101,2022-07-05 18:00:00,OANDA:GBPUSD,1.19158,1.19384,1.18988,1.19241,17844.0,Interval.in_2_hour,16048800.0,long,short,long,long,long,long,long,long,long,long,long,long,long,long,long,long,long,long,long,long,neutral,neutral,long,short,neutral,neutral,neutral,short,short,short,short,short,short,short,short,short,short,short,short,short,short,short,short,short,short,long,long,long,long,long,long,long,long,short,short,short,short
4102,2022-07-05 16:00:00,OANDA:GBPUSD,1.19694,1.19726,1.19128,1.19158,30636.0,Interval.in_2_hour,16041600.0,short,long,long,long,long,long,long,long,long,long,long,long,long,long,long,long,long,long,long,long,neutral,neutral,long,short,short,short,short,short,short,short,short,short,short,short,short,short,short,short,short,short,short,short,short,short,short,long,long,long,long,long,long,long,long,long,long,short,short
4103,2022-07-05 14:00:00,OANDA:GBPUSD,1.20254,1.20291,1.19596,1.19694,21753.0,Interval.in_2_hour,16034400.0,short,short,short,short,short,short,short,short,short,short,long,short,long,long,long,long,long,long,long,long,neutral,neutral,long,short,short,short,neutral,short,short,short,short,short,short,short,short,short,short,short,short,short,short,short,short,short,short,short,short,short,short,short,short,short,short,short,short,short,short
4104,2022-07-05 12:00:00,OANDA:GBPUSD,1.20442,1.2057,1.2022,1.20254,20548.0,Interval.in_2_hour,16027200.0,short,short,short,short,short,short,short,short,short,short,short,short,short,short,short,short,short,long,long,long,neutral,neutral,long,short,short,neutral,neutral,short,short,short,short,short,short,short,short,short,short,short,short,short,short,short,short,short,short,short,short,short,short,short,short,short,short,short,short,short,short
4105,2022-07-05 10:00:00,OANDA:GBPUSD,1.21154,1.21244,1.20428,1.20442,27304.0,Interval.in_2_hour,16020000.0,short,short,short,short,short,short,short,short,short,short,short,short,short,short,short,short,short,short,long,long,neutral,neutral,long,short,neutral,neutral,neutral,short,short,short,short,short,short,short,short,short,short,short,short,short,short,short,short,long,long,short,short,short,short,short,short,short,short,short,short,short,short
4106,2022-07-05 08:00:00,OANDA:GBPUSD,1.21131,1.21256,1.21052,1.21154,12554.0,Interval.in_2_hour,16012800.0,short,short,short,short,short,short,short,short,short,short,short,short,short,short,short,short,short,short,long,long,neutral,neutral,long,short,long,neutral,neutral,long,long,long,long,long,short,short,short,long,long,long,long,long,long,long,long,long,long,short,short,short,short,short,short,short,short,short,short,short,short
4107,2022-07-05 06:00:00,OANDA:GBPUSD,1.21104,1.21181,1.21016,1.21131,11452.0,Interval.in_2_hour,16005600.0,short,short,short,short,short,short,short,short,short,short,short,short,short,short,short,short,short,short,long,long,neutral,neutral,long,short,neutral,neutral,neutral,long,long,long,short,short,short,short,short,long,long,long,long,long,long,long,long,long,long,long,short,short,short,short,short,short,short,short,short,short,short
4108,2022-07-05 04:00:00,OANDA:GBPUSD,1.21115,1.21228,1.20984,1.21104,11489.0,Interval.in_2_hour,15998400.0,short,short,short,short,short,short,short,short,short,short,short,short,short,short,short,short,short,short,long,long,neutral,neutral,long,short,neutral,neutral,neutral,long,long,short,short,short,short,short,long,long,long,long,long,long,long,long,long,long,long,long,long,short,short,short,short,short,short,short,short,short,short
4109,2022-07-05 02:00:00,OANDA:GBPUSD,1.21091,1.2119,1.21024,1.21115,9216.0,Interval.in_2_hour,15991200.0,short,short,short,short,short,short,short,short,short,short,short,short,short,short,short,short,short,short,long,long,neutral,neutral,long,short,long,neutral,neutral,long,short,short,short,short,short,long,long,long,long,long,long,long,long,long,long,long,short,short,long,long,short,short,short,short,short,short,short,short,short
4110,2022-07-05 00:00:00,OANDA:GBPUSD,1.21006,1.21112,1.21006,1.21091,6308.0,Interval.in_2_hour,15984000.0,short,short,short,short,short,short,short,short,short,short,short,short,short,short,short,short,short,short,long,long,neutral,neutral,long,short,neutral,neutral,neutral,short,short,short,short,short,long,long,long,short,long,long,long,long,long,long,long,short,short,long,long,long,long,short,short,short,short,short,short,short,short
4111,2022-07-04 22:00:00,OANDA:GBPUSD,1.21086,1.21086,1.20987,1.21006,1899.0,Interval.in_2_hour,15976800.0,short,short,short,short,short,short,short,short,short,short,short,short,short,short,short,short,short,short,long,long,neutral,neutral,long,short,short,short,short,short,short,short,short,long,long,long,short,long,long,long,long,long,long,long,short,short,short,long,long,long,long,long,short,short,short,short,short,short,short
4112,2022-07-04 20:00:00,OANDA:GBPUSD,1.21112,1.21135,1.20972,1.21086,4250.0,Interval.in_2_hour,15969600.0,short,short,short,short,short,short,short,short,short,short,short,short,short,short,short,short,short,short,long,long,neutral,neutral,long,short,short,short,neutral,short,short,short,long,long,long,long,long,long,long,long,long,long,long,short,short,short,short,short,long,long,long,long,long,short,short,short,short,short,short
4113,2022-07-04 18:00:00,OANDA:GBPUSD,1.2116,1.21256,1.20962,1.21112,10328.0,Interval.in_2_hour,15962400.0,short,short,short,short,short,short,short,short,short,short,short,short,short,short,short,short,short,short,long,long,neutral,neutral,long,short,short,neutral,neutral,short,long,long,long,long,long,long,long,long,long,long,long,long,long,short,short,short,short,short,short,short,long,short,long,long,short,short,short,short,short
4114,2022-07-04 16:00:00,OANDA:GBPUSD,1.21535,1.21608,1.21148,1.2116,14719.0,Interval.in_2_hour,15955200.0,short,short,short,short,short,short,short,short,short,short,short,short,short,short,short,short,short,short,long,long,long,neutral,long,short,neutral,neutral,neutral,long,long,long,long,long,long,long,long,long,long,long,long,long,long,long,short,short,short,short,short,short,short,short,short,short,short,short,short,short,short
4115,2022-07-04 14:00:00,OANDA:GBPUSD,1.21385,1.21653,1.21376,1.21535,13503.0,Interval.in_2_hour,15948000.0,short,short,short,short,short,short,short,short,short,short,short,short,short,short,short,short,short,short,long,long,neutral,neutral,long,short,long,long,long,long,long,long,long,long,long,long,long,long,long,long,long,long,long,short,short,short,short,short,short,short,short,short,short,short,short,short,short,short,short
4116,2022-07-04 12:00:00,OANDA:GBPUSD,1.21222,1.21427,1.21082,1.21385,12765.0,Interval.in_2_hour,15940800.0,short,short,short,short,short,short,short,short,short,short,short,short,short,short,short,short,short,short,long,long,neutral,neutral,long,short,long,long,neutral,long,long,long,long,long,long,long,long,long,long,long,long,short,short,short,short,short,short,long,short,short,short,short,short,short,short,short,short,short,short
4117,2022-07-04 10:00:00,OANDA:GBPUSD,1.21042,1.21271,1.21037,1.21222,16608.0,Interval.in_2_hour,15933600.0,short,short,short,short,short,short,short,short,short,short,short,short,short,short,short,short,short,short,long,long,neutral,neutral,long,short,long,neutral,neutral,long,long,long,long,long,long,long,long,long,long,short,short,short,short,short,short,short,short,long,long,short,short,short,short,short,short,short,short,short,short
4118,2022-07-04 08:00:00,OANDA:GBPUSD,1.20932,1.2111,1.20912,1.21042,11173.0,Interval.in_2_hour,15926400.0,short,short,short,short,short,short,short,short,short,short,short,short,short,short,short,short,short,short,long,long,neutral,neutral,long,short,neutral,neutral,neutral,short,short,long,long,long,long,long,long,short,short,short,short,short,short,short,short,short,short,long,long,long,long,long,long,short,long,long,long,long,long
4119,2022-07-04 06:00:00,OANDA:GBPUSD,1.20934,1.21089,1.20848,1.20932,9739.0,Interval.in_2_hour,15919200.0,long,short,short,short,short,short,short,short,short,short,short,short,short,short,short,short,short,short,long,long,neutral,neutral,long,short,short,short,neutral,short,neutral,long,long,long,long,long,short,short,short,short,short,short,short,short,short,short,short,long,long,long,long,long,long,long,long,long,long,long,long
4120,2022-07-04 04:00:00,OANDA:GBPUSD,1.21063,1.21074,1.2089,1.20934,15723.0,Interval.in_2_hour,15912000.0,long,long,short,short,short,short,short,short,short,short,short,short,short,short,short,short,short,short,long,long,neutral,neutral,long,short,short,neutral,neutral,long,long,long,long,long,long,short,short,short,short,short,short,short,short,short,short,short,short,short,long,long,long,long,long,long,long,long,long,long,long
4121,2022-07-04 02:00:00,OANDA:GBPUSD,1.21104,1.21141,1.20986,1.21063,12595.0,Interval.in_2_hour,15904800.0,long,long,long,short,short,short,short,short,short,short,short,short,short,short,short,short,short,short,long,long,long,long,long,short,neutral,neutral,neutral,long,long,long,long,long,short,short,short,short,short,short,short,short,short,short,short,short,short,short,short,short,long,long,long,long,long,long,short,long,long
4122,2022-07-04 00:00:00,OANDA:GBPUSD,1.20906,1.21232,1.20906,1.21104,2851.0,Interval.in_2_hour,15897600.0,long,long,long,long,short,short,short,short,short,short,short,short,short,short,short,short,short,short,long,long,neutral,neutral,long,short,neutral,neutral,neutral,long,long,long,long,short,short,short,short,short,short,short,short,short,short,short,short,short,short,short,short,short,short,long,long,long,long,long,short,short,short
4123,2022-07-01 22:00:00,OANDA:GBPUSD,1.2096,1.21026,1.20886,1.20906,6105.0,Interval.in_2_hour,15717600.0,long,long,long,long,long,short,short,short,short,short,short,short,short,short,short,short,short,short,long,long,neutral,neutral,long,short,neutral,neutral,neutral,long,long,long,short,short,short,short,short,short,short,short,short,short,short,short,short,short,short,long,long,long,long,long,long,long,long,long,long,long,long
4124,2022-07-01 20:00:00,OANDA:GBPUSD,1.20456,1.21074,1.20374,1.2096,11391.0,Interval.in_2_hour,15710400.0,long,long,long,long,long,long,short,short,short,short,short,short,short,short,short,short,short,short,long,long,neutral,neutral,long,short,long,neutral,neutral,long,short,short,short,short,short,short,short,short,short,short,short,short,short,short,short,short,short,short,long,long,short,short,long,long,long,long,long,long,long
4125,2022-07-01 18:00:00,OANDA:GBPUSD,1.20023,1.20634,1.19988,1.20456,20795.0,Interval.in_2_hour,15703200.0,long,long,long,long,long,long,long,short,short,short,short,short,short,short,short,short,short,short,long,long,short,neutral,long,short,neutral,neutral,neutral,short,short,short,short,short,short,short,short,short,short,short,short,short,short,short,short,short,short,long,long,long,long,long,long,long,long,long,long,long,long
4126,2022-07-01 16:00:00,OANDA:GBPUSD,1.20074,1.20202,1.19761,1.20023,30789.0,Interval.in_2_hour,15696000.0,long,long,long,long,long,long,long,long,long,long,short,short,short,short,short,short,short,short,long,long,neutral,neutral,long,short,short,short,short,short,short,short,short,short,short,short,short,short,short,short,short,short,short,short,short,short,short,long,long,long,long,long,long,long,long,long,long,long,long
4127,2022-07-01 14:00:00,OANDA:GBPUSD,1.2055,1.20663,1.20041,1.20074,19814.0,Interval.in_2_hour,15688800.0,long,long,long,long,long,long,long,long,long,long,long,short,short,short,short,short,short,short,long,long,neutral,neutral,long,short,short,short,neutral,short,short,short,short,short,short,short,short,short,short,short,short,short,short,short,short,short,short,short,long,long,long,long,long,long,long,long,long,long,long
4128,2022-07-01 12:00:00,OANDA:GBPUSD,1.21014,1.21176,1.20513,1.2055,16957.0,Interval.in_2_hour,15681600.0,long,long,long,long,long,long,long,long,long,long,short,short,short,short,short,short,short,short,short,long,neutral,neutral,long,short,short,neutral,neutral,short,short,short,short,short,short,short,short,short,short,short,short,short,short,short,short,short,short,short,short,short,long,long,long,long,long,long,long,long,long
4129,2022-07-01 10:00:00,OANDA:GBPUSD,1.21235,1.21268,1.20934,1.21014,22513.0,Interval.in_2_hour,15674400.0,long,long,long,long,long,short,long,long,long,long,long,short,short,short,short,short,short,short,short,long,neutral,neutral,long,short,neutral,neutral,neutral,short,short,short,short,short,short,short,short,short,short,short,short,short,short,short,short,short,short,short,short,short,short,short,short,long,long,short,short,long,long
4130,2022-07-01 08:00:00,OANDA:GBPUSD,1.21194,1.21391,1.2118,1.21235,14982.0,Interval.in_2_hour,15667200.0,short,long,long,short,short,short,short,short,short,short,short,short,short,short,short,short,short,short,short,long,neutral,neutral,long,short,neutral,neutral,neutral,short,short,short,short,short,short,long,short,short,short,short,short,short,short,long,long,short,short,short,short,short,short,short,short,short,short,short,short,short,short
4131,2022-07-01 06:00:00,OANDA:GBPUSD,1.21439,1.21448,1.21113,1.21194,16062.0,Interval.in_2_hour,15660000.0,short,long,long,long,short,short,short,short,short,short,short,short,short,short,short,short,short,short,short,long,neutral,neutral,long,short,short,short,short,short,short,short,short,short,long,long,short,short,short,long,long,long,long,long,long,short,short,long,short,short,short,short,short,short,short,short,short,short,short
4132,2022-07-01 04:00:00,OANDA:GBPUSD,1.2154,1.21574,1.214,1.21439,14321.0,Interval.in_2_hour,15652800.0,short,short,short,short,long,short,short,short,short,short,short,short,short,short,short,short,short,short,short,long,neutral,neutral,long,short,short,short,short,short,short,short,long,long,long,long,long,long,long,long,long,long,long,long,long,short,short,short,short,short,short,short,short,short,short,short,short,short,short
4133,2022-07-01 02:00:00,OANDA:GBPUSD,1.21671,1.21672,1.21494,1.2154,9988.0,Interval.in_2_hour,15645600.0,short,short,short,short,short,short,short,short,short,short,short,short,short,short,short,short,short,short,short,long,neutral,neutral,long,short,short,short,neutral,short,long,long,long,long,long,long,long,long,long,long,long,long,long,long,long,short,short,short,short,short,short,short,short,short,short,short,short,short,short
4134,2022-07-01 00:00:00,OANDA:GBPUSD,1.21787,1.21804,1.21607,1.21671,2748.0,Interval.in_2_hour,15638400.0,short,short,short,short,short,short,short,short,short,short,short,short,short,short,short,short,short,short,short,long,neutral,neutral,long,short,short,neutral,neutral,long,long,long,long,long,long,long,long,long,long,long,long,long,long,long,long,short,short,short,short,short,short,short,short,short,short,short,short,short,short
4135,2022-06-30 22:00:00,OANDA:GBPUSD,1.21825,1.21846,1.21655,1.21787,9906.0,Interval.in_2_hour,15631200.0,short,short,short,short,short,short,short,short,short,short,short,short,short,short,short,short,short,short,short,long,neutral,neutral,long,short,neutral,neutral,neutral,long,long,long,long,long,long,long,long,long,long,long,long,long,long,long,long,short,short,short,short,short,short,short,short,short,short,short,short,short,short
4136,2022-06-30 20:00:00,OANDA:GBPUSD,1.21776,1.21886,1.21638,1.21825,15994.0,Interval.in_2_hour,15624000.0,short,short,short,short,short,short,short,short,short,short,short,short,short,short,short,short,short,short,short,long,neutral,neutral,long,short,long,long,long,long,long,long,long,long,long,long,long,long,long,long,long,long,long,long,short,short,short,short,short,short,short,short,short,short,short,short,short,short,short
4137,2022-06-30 18:00:00,OANDA:GBPUSD,1.21426,1.21808,1.21329,1.21776,21905.0,Interval.in_2_hour,15616800.0,short,short,short,short,short,short,short,short,short,short,short,short,short,short,short,short,short,short,short,long,neutral,neutral,long,short,long,long,neutral,long,long,long,long,long,long,long,long,long,long,long,long,short,short,short,short,short,short,long,long,short,short,short,short,short,short,short,short,short,short
4138,2022-06-30 16:00:00,OANDA:GBPUSD,1.21226,1.2188,1.21214,1.21426,28856.0,Interval.in_2_hour,15609600.0,short,short,short,short,short,short,short,short,short,short,long,short,short,short,short,short,short,short,short,long,neutral,neutral,long,short,long,neutral,neutral,short,short,short,long,long,long,long,long,long,short,short,short,short,short,short,short,short,short,long,long,long,long,long,long,short,short,short,short,short,short
4139,2022-06-30 14:00:00,OANDA:GBPUSD,1.21092,1.21401,1.20922,1.21226,21572.0,Interval.in_2_hour,15602400.0,short,short,short,short,short,short,short,short,short,short,long,long,short,short,short,short,short,short,short,long,neutral,neutral,long,short,neutral,neutral,neutral,short,short,short,short,short,short,short,short,short,short,short,short,short,short,short,short,short,short,long,long,long,long,long,long,long,short,long,short,short,short
4140,2022-06-30 12:00:00,OANDA:GBPUSD,1.21427,1.21427,1.21092,1.21092,14926.0,Interval.in_2_hour,15595200.0,short,short,short,short,short,long,short,short,short,short,long,long,long,long,long,short,short,short,short,long,neutral,neutral,long,short,short,neutral,neutral,short,short,long,long,long,long,long,short,short,short,short,short,short,short,short,short,short,short,long,long,long,long,long,long,long,long,long,long,short,short
4141,2022-06-30 10:00:00,OANDA:GBPUSD,1.21474,1.2166,1.21291,1.21427,23034.0,Interval.in_2_hour,15588000.0,short,short,short,short,short,short,short,short,short,short,short,short,short,long,short,short,short,short,short,long,long,long,long,short,neutral,neutral,neutral,long,long,long,long,long,long,long,short,short,short,short,short,short,short,short,short,short,short,short,short,short,long,long,long,long,long,long,short,short,short
4142,2022-06-30 08:00:00,OANDA:GBPUSD,1.21312,1.2165,1.2125,1.21474,15662.0,Interval.in_2_hour,15580800.0,short,short,short,short,short,short,short,short,short,short,short,short,short,short,long,short,short,short,short,long,neutral,neutral,long,short,neutral,neutral,neutral,long,long,long,long,long,long,short,short,short,short,short,short,short,short,short,short,short,short,short,short,short,short,long,long,long,long,long,short,short,short
4143,2022-06-30 06:00:00,OANDA:GBPUSD,1.21343,1.21374,1.2125,1.21312,8437.0,Interval.in_2_hour,15573600.0,short,short,short,short,short,short,short,short,short,short,short,short,short,short,long,long,short,short,short,long,neutral,neutral,long,short,neutral,neutral,neutral,long,long,long,long,short,short,short,short,short,short,short,short,short,short,short,short,short,short,long,long,short,short,long,long,long,long,long,long,long,short
4144,2022-06-30 04:00:00,OANDA:GBPUSD,1.2127,1.21416,1.21078,1.21343,14124.0,Interval.in_2_hour,15566400.0,short,short,short,short,short,short,short,short,short,short,short,short,short,short,short,long,long,short,short,long,neutral,neutral,long,short,long,long,long,long,long,long,short,short,short,short,short,short,short,short,short,short,short,short,short,short,short,short,long,long,short,short,long,long,long,long,long,long,long
4145,2022-06-30 02:00:00,OANDA:GBPUSD,1.21241,1.21326,1.21186,1.2127,8941.0,Interval.in_2_hour,15559200.0,long,short,short,short,short,short,short,short,short,short,short,short,short,short,short,short,long,long,short,long,neutral,neutral,long,short,long,long,neutral,long,long,short,short,short,short,short,short,short,short,short,short,short,short,short,short,short,short,long,long,long,long,short,short,long,long,long,long,long,long
4146,2022-06-30 00:00:00,OANDA:GBPUSD,1.21233,1.2127,1.21192,1.21241,3620.0,Interval.in_2_hour,15552000.0,long,long,short,short,short,short,short,short,short,short,short,short,short,short,short,short,short,long,short,long,neutral,neutral,long,short,long,neutral,neutral,long,short,short,short,short,short,short,short,short,short,short,short,short,short,short,short,short,short,long,long,long,long,long,short,short,long,long,long,long,long
4147,2022-06-29 22:00:00,OANDA:GBPUSD,1.21184,1.21248,1.21139,1.21233,6723.0,Interval.in_2_hour,15544800.0,long,long,long,short,long,short,short,short,short,short,short,short,short,short,short,short,short,short,short,long,neutral,neutral,long,short,neutral,neutral,neutral,short,short,short,short,short,short,short,short,short,short,short,short,short,short,short,short,short,short,long,long,long,long,long,long,short,short,long,long,long,long
4148,2022-06-29 20:00:00,OANDA:GBPUSD,1.21222,1.2138,1.21181,1.21184,11326.0,Interval.in_2_hour,15537600.0,long,long,long,long,long,long,short,short,short,short,short,short,short,short,short,short,short,short,short,long,neutral,neutral,long,short,neutral,neutral,neutral,short,short,short,short,short,short,short,short,short,short,short,short,short,short,short,short,short,short,long,long,long,long,long,long,long,short,long,long,long,long
4149,2022-06-29 18:00:00,OANDA:GBPUSD,1.21211,1.21566,1.21175,1.21222,20126.0,Interval.in_2_hour,15530400.0,long,long,long,long,long,short,long,short,short,short,short,short,short,short,short,short,short,short,short,long,neutral,neutral,long,short,neutral,neutral,neutral,short,short,short,short,short,short,short,short,short,short,short,short,short,short,short,short,short,short,short,long,long,long,long,long,long,long,short,long,long,long
4150,2022-06-29 16:00:00,OANDA:GBPUSD,1.21536,1.21766,1.21058,1.21211,30740.0,Interval.in_2_hour,15523200.0,long,long,long,long,long,long,short,long,short,short,short,short,short,short,short,short,short,short,short,long,neutral,neutral,long,short,short,short,short,short,short,short,short,short,short,short,short,short,short,short,short,short,short,short,short,short,short,long,short,long,long,long,long,long,long,long,short,long,long
4151,2022-06-29 14:00:00,OANDA:GBPUSD,1.21596,1.21739,1.21418,1.21536,20027.0,Interval.in_2_hour,15516000.0,short,long,long,long,long,long,short,short,short,short,short,short,short,short,short,short,short,short,short,long,neutral,neutral,long,short,short,short,short,short,short,short,short,short,short,short,short,short,short,short,short,short,short,short,short,short,short,short,short,short,short,short,short,short,short,short,short,short,short
4152,2022-06-29 12:00:00,OANDA:GBPUSD,1.21746,1.21902,1.21542,1.21596,18111.0,Interval.in_2_hour,15508800.0,short,short,long,long,long,long,short,short,short,short,short,short,short,short,short,short,short,short,short,long,neutral,neutral,long,short,short,short,short,short,short,short,short,short,short,short,short,short,short,short,short,short,short,short,short,short,short,short,short,short,short,short,short,short,short,short,short,short,short
4153,2022-06-29 10:00:00,OANDA:GBPUSD,1.21798,1.2212,1.21656,1.21746,23961.0,Interval.in_2_hour,15501600.0,short,short,short,long,long,long,short,short,short,short,short,short,short,short,short,short,short,short,short,long,neutral,neutral,long,short,short,short,neutral,short,short,short,short,short,short,short,short,short,short,short,short,short,short,short,short,short,short,short,short,short,short,short,short,short,short,short,short,short,short
4154,2022-06-29 08:00:00,OANDA:GBPUSD,1.21976,1.2204,1.2173,1.21798,15960.0,Interval.in_2_hour,15494400.0,short,short,short,short,short,long,short,short,short,short,short,short,short,short,short,short,short,short,short,long,neutral,neutral,long,short,short,neutral,neutral,short,long,long,long,short,short,short,short,short,short,short,short,short,short,short,short,short,short,short,short,short,short,short,short,short,short,short,short,short,short
4155,2022-06-29 06:00:00,OANDA:GBPUSD,1.22052,1.221,1.21949,1.21976,11781.0,Interval.in_2_hour,15487200.0,short,short,short,short,short,short,short,short,short,short,short,short,short,short,short,short,short,short,short,long,neutral,neutral,long,short,neutral,neutral,neutral,long,long,long,long,short,short,short,short,short,short,short,short,short,short,short,short,short,short,short,short,short,short,short,short,short,short,short,short,short,short
4156,2022-06-29 04:00:00,OANDA:GBPUSD,1.21924,1.2213,1.2189,1.22052,12996.0,Interval.in_2_hour,15480000.0,short,short,short,short,short,short,short,short,short,short,short,short,short,short,short,short,short,short,short,long,neutral,neutral,long,short,long,long,long,long,long,long,short,short,short,short,short,short,short,short,short,short,short,short,short,short,short,short,short,short,short,short,short,short,short,short,short,short,short
4157,2022-06-29 02:00:00,OANDA:GBPUSD,1.21868,1.22034,1.21853,1.21924,9419.0,Interval.in_2_hour,15472800.0,short,short,short,short,short,short,short,short,short,short,short,short,short,short,short,short,short,short,short,long,neutral,neutral,long,short,long,long,neutral,long,short,short,short,short,short,short,short,short,short,short,short,short,short,short,short,short,short,long,long,short,short,short,short,short,short,short,short,short,short
4158,2022-06-29 00:00:00,OANDA:GBPUSD,1.2184,1.2188,1.21752,1.21868,10231.0,Interval.in_2_hour,15465600.0,short,short,short,short,short,short,short,short,short,short,short,short,short,short,short,short,short,short,short,long,neutral,neutral,long,short,long,neutral,neutral,short,short,short,short,short,short,short,short,short,short,short,short,short,short,short,short,short,short,long,long,long,short,short,short,short,short,short,short,short,short
4159,2022-06-28 22:00:00,OANDA:GBPUSD,1.21831,1.21916,1.21806,1.2184,7366.0,Interval.in_2_hour,15458400.0,short,short,short,short,short,short,short,short,short,short,short,short,short,short,short,short,short,short,short,long,neutral,neutral,long,short,neutral,neutral,neutral,short,short,short,short,short,short,short,short,short,short,short,short,short,short,short,short,short,short,long,long,long,long,short,short,short,short,short,short,short,short
4160,2022-06-28 20:00:00,OANDA:GBPUSD,1.21937,1.22001,1.21806,1.21831,13691.0,Interval.in_2_hour,15451200.0,short,short,short,short,short,short,short,short,short,short,short,short,short,short,short,short,short,short,short,long,neutral,neutral,long,short,short,short,short,short,short,short,short,short,short,short,short,short,short,short,short,short,short,short,short,short,short,long,long,long,long,long,short,short,short,short,short,short,short
4161,2022-06-28 18:00:00,OANDA:GBPUSD,1.22008,1.22146,1.21851,1.21937,17549.0,Interval.in_2_hour,15444000.0,short,short,short,short,short,short,short,short,short,short,short,short,short,short,short,short,short,short,short,long,neutral,neutral,long,short,short,short,short,short,short,short,short,short,short,short,short,short,short,short,short,short,short,short,short,short,short,short,short,short,short,long,long,short,short,short,short,short,short
4162,2022-06-28 16:00:00,OANDA:GBPUSD,1.22132,1.22257,1.21864,1.22008,23550.0,Interval.in_2_hour,15436800.0,short,short,short,short,short,short,short,short,short,short,short,short,short,short,short,short,short,short,short,long,neutral,neutral,long,short,short,short,neutral,short,short,short,short,short,short,short,short,short,short,short,short,short,short,short,short,short,short,short,short,short,short,short,long,short,short,short,short,short,short
4163,2022-06-28 14:00:00,OANDA:GBPUSD,1.22414,1.22514,1.2211,1.22132,17787.0,Interval.in_2_hour,15429600.0,short,short,short,short,short,short,short,short,short,short,short,short,short,short,short,short,short,short,short,long,short,short,long,short,short,neutral,neutral,short,short,short,short,short,short,short,short,short,short,short,short,short,short,short,short,short,short,short,short,short,short,short,short,short,short,short,short,short,short
4164,2022-06-28 12:00:00,OANDA:GBPUSD,1.22844,1.2285,1.22398,1.22414,14761.0,Interval.in_2_hour,15422400.0,short,short,short,short,short,short,short,short,short,short,short,short,short,short,short,short,short,short,short,long,neutral,neutral,long,short,neutral,neutral,neutral,short,short,short,short,short,short,short,short,short,short,short,short,short,short,short,short,short,short,short,short,short,short,short,short,short,short,short,short,short,short
4165,2022-06-28 10:00:00,OANDA:GBPUSD,1.22762,1.2291,1.2251,1.22844,19498.0,Interval.in_2_hour,15415200.0,short,short,short,short,short,short,short,short,short,short,short,short,short,short,short,short,short,short,short,long,neutral,neutral,long,short,long,neutral,neutral,long,long,long,long,short,short,long,long,short,short,short,long,long,long,short,long,long,long,short,short,short,short,short,short,short,short,short,short,short,short
4166,2022-06-28 08:00:00,OANDA:GBPUSD,1.22678,1.22916,1.22585,1.22762,14067.0,Interval.in_2_hour,15408000.0,short,short,short,short,short,short,short,short,short,short,short,short,short,short,short,short,short,short,short,long,neutral,neutral,long,short,neutral,neutral,neutral,long,long,long,short,short,short,long,short,short,short,short,long,short,short,short,long,short,short,long,short,short,short,short,short,short,short,short,short,short,short
4167,2022-06-28 06:00:00,OANDA:GBPUSD,1.22702,1.22809,1.2264,1.22678,8337.0,Interval.in_2_hour,15400800.0,short,short,short,short,short,short,short,short,short,short,short,short,short,short,short,short,short,short,short,long,neutral,neutral,long,short,short,neutral,neutral,long,short,short,short,short,long,short,short,short,short,short,short,short,short,neutral,short,short,short,long,long,short,short,short,short,short,short,short,short,short,short
4168,2022-06-28 04:00:00,OANDA:GBPUSD,1.22717,1.22838,1.2261,1.22702,14754.0,Interval.in_2_hour,15393600.0,short,short,short,short,short,short,short,short,short,short,short,short,short,short,short,short,short,short,short,long,short,neutral,long,short,neutral,neutral,neutral,long,short,short,short,long,short,short,short,short,long,short,short,short,long,short,short,short,short,short,long,long,short,short,short,short,short,short,short,short,short
4169,2022-06-28 02:00:00,OANDA:GBPUSD,1.22666,1.22802,1.22632,1.22717,8545.0,Interval.in_2_hour,15386400.0,short,short,short,short,short,short,short,short,short,short,short,short,short,short,short,short,short,short,short,long,neutral,neutral,long,short,long,neutral,neutral,short,short,short,long,short,short,short,short,short,short,short,short,long,short,short,short,short,short,short,short,long,long,short,short,short,short,short,short,short,short
4170,2022-06-28 00:00:00,OANDA:GBPUSD,1.22656,1.2273,1.22612,1.22666,2472.0,Interval.in_2_hour,15379200.0,short,short,short,short,short,short,short,short,short,short,short,short,short,short,short,short,short,short,short,long,neutral,neutral,long,short,neutral,neutral,neutral,short,short,neutral,short,short,short,short,short,short,short,short,short,short,short,short,short,short,short,long,long,long,long,long,short,short,short,short,short,short,short
4171,2022-06-27 22:00:00,OANDA:GBPUSD,1.22757,1.22806,1.22626,1.22656,7524.0,Interval.in_2_hour,15372000.0,short,short,short,short,short,short,short,short,short,short,short,short,short,short,short,short,short,short,short,long,neutral,neutral,long,short,short,short,neutral,short,long,short,short,short,short,short,short,short,short,long,short,short,short,short,short,short,short,long,long,long,long,long,long,short,short,short,short,short,short
4172,2022-06-27 20:00:00,OANDA:GBPUSD,1.22912,1.22922,1.22713,1.22757,13251.0,Interval.in_2_hour,15364800.0,short,short,short,short,short,short,short,short,short,short,short,short,short,short,short,short,short,short,short,long,long,neutral,long,short,short,neutral,neutral,long,short,short,short,long,long,long,long,long,long,long,short,short,short,long,long,long,long,short,short,short,short,short,long,long,short,short,short,short,short
4173,2022-06-27 18:00:00,OANDA:GBPUSD,1.23028,1.23136,1.2281,1.22912,16294.0,Interval.in_2_hour,15357600.0,short,short,short,short,short,short,short,short,short,short,short,short,short,short,short,short,short,short,short,long,neutral,neutral,long,short,neutral,neutral,neutral,long,short,long,long,long,long,long,long,long,long,long,long,long,long,long,long,long,long,short,short,short,short,short,short,short,short,short,short,short,short
4174,2022-06-27 16:00:00,OANDA:GBPUSD,1.22554,1.23094,1.22554,1.23028,22586.0,Interval.in_2_hour,15350400.0,short,short,short,short,short,short,short,short,short,short,short,short,short,short,short,short,short,short,short,long,short,short,long,short,neutral,neutral,neutral,short,short,long,long,short,short,long,long,long,short,short,short,long,long,long,long,long,long,short,short,short,short,short,short,short,short,short,short,short,short
4175,2022-06-27 14:00:00,OANDA:GBPUSD,1.22768,1.22786,1.22381,1.22554,14329.0,Interval.in_2_hour,15343200.0,short,short,short,short,short,short,short,short,short,short,short,short,short,short,short,short,short,short,short,long,neutral,neutral,long,short,short,neutral,neutral,short,short,short,short,short,short,short,short,short,short,short,short,short,short,long,long,long,long,long,long,long,long,long,long,long,long,long,long,short,short
4176,2022-06-27 12:00:00,OANDA:GBPUSD,1.23171,1.23191,1.2273,1.22768,12977.0,Interval.in_2_hour,15336000.0,short,short,short,short,short,short,short,short,short,short,short,short,short,short,short,short,short,short,short,long,long,neutral,long,short,neutral,neutral,neutral,long,long,long,long,long,long,long,long,long,long,long,long,long,long,long,long,long,long,short,long,long,short,short,short,short,short,short,short,long,short
4177,2022-06-27 10:00:00,OANDA:GBPUSD,1.22906,1.23326,1.22848,1.23171,17737.0,Interval.in_2_hour,15328800.0,short,short,short,short,short,short,short,short,short,short,short,short,short,short,short,short,short,short,short,long,neutral,neutral,long,short,long,long,long,long,long,long,long,long,long,long,long,long,long,long,long,long,long,long,long,long,long,short,short,short,short,short,short,short,short,short,short,short,short
4178,2022-06-27 08:00:00,OANDA:GBPUSD,1.22839,1.2292,1.22647,1.22906,12636.0,Interval.in_2_hour,15321600.0,short,short,short,short,short,short,short,short,short,short,short,short,short,short,short,short,short,short,short,long,neutral,neutral,long,short,long,long,neutral,long,long,long,long,long,long,short,short,long,long,long,long,long,long,long,long,long,long,long,short,short,long,long,short,short,short,short,short,short,short
4179,2022-06-27 06:00:00,OANDA:GBPUSD,1.22713,1.22841,1.22666,1.22839,8858.0,Interval.in_2_hour,15314400.0,short,long,short,short,short,short,short,short,short,short,short,short,short,short,short,short,short,short,short,long,neutral,neutral,long,short,long,neutral,neutral,short,long,long,short,short,short,short,long,long,short,long,long,long,long,long,long,long,long,long,long,short,short,long,long,short,short,short,short,short,short
4180,2022-06-27 04:00:00,OANDA:GBPUSD,1.22704,1.2291,1.22696,1.22713,15837.0,Interval.in_2_hour,15307200.0,short,long,long,short,short,short,short,short,short,short,short,short,short,short,short,short,short,short,short,long,neutral,neutral,long,short,neutral,neutral,neutral,short,long,short,short,short,short,short,short,short,long,long,long,long,long,long,long,long,long,long,long,long,long,short,long,long,long,short,short,long,short
4181,2022-06-27 02:00:00,OANDA:GBPUSD,1.2289,1.2297,1.22665,1.22704,11750.0,Interval.in_2_hour,15300000.0,short,short,long,long,short,short,short,short,short,short,short,short,short,short,short,short,short,short,short,long,neutral,neutral,long,short,neutral,neutral,neutral,long,long,short,short,short,long,long,long,long,long,long,long,long,long,long,long,long,long,long,long,long,long,long,short,long,long,long,short,short,long
4182,2022-06-27 00:00:00,OANDA:GBPUSD,1.22756,1.22891,1.22669,1.2289,2608.0,Interval.in_2_hour,15292800.0,short,short,short,short,short,short,short,short,short,short,short,short,short,short,short,short,short,short,short,long,neutral,neutral,long,short,long,long,neutral,long,short,short,short,long,long,long,long,long,long,long,long,long,long,long,long,long,long,short,short,short,long,long,short,short,long,long,short,short,short
4183,2022-06-24 22:00:00,OANDA:GBPUSD,1.22694,1.22876,1.22616,1.22756,5917.0,Interval.in_2_hour,15112800.0,short,short,short,short,long,long,short,short,short,short,short,short,short,short,short,short,short,short,short,long,neutral,neutral,long,short,long,neutral,neutral,short,short,short,short,short,short,long,long,long,long,long,long,long,long,long,long,long,long,long,short,short,long,long,long,long,short,long,long,long,short
4184,2022-06-24 20:00:00,OANDA:GBPUSD,1.22686,1.22738,1.22501,1.22694,7591.0,Interval.in_2_hour,15105600.0,short,short,long,long,short,long,long,short,short,short,short,short,short,short,short,short,short,short,short,long,neutral,neutral,long,short,neutral,neutral,neutral,short,short,short,short,short,long,long,long,long,long,long,long,long,long,long,long,long,long,long,long,long,long,long,long,long,long,short,long,long,long
4185,2022-06-24 18:00:00,OANDA:GBPUSD,1.2288,1.23078,1.22656,1.22686,15647.0,Interval.in_2_hour,15098400.0,long,short,short,long,long,short,long,long,short,short,short,short,short,short,short,short,short,short,short,long,neutral,neutral,long,short,neutral,neutral,neutral,short,long,long,long,long,long,long,long,long,long,long,long,long,long,long,long,long,long,long,long,long,long,long,long,long,long,long,short,long,long
4186,2022-06-24 16:00:00,OANDA:GBPUSD,1.22834,1.2321,1.22652,1.2288,29869.0,Interval.in_2_hour,15091200.0,long,short,short,short,short,short,short,short,short,short,short,short,short,short,short,short,short,short,short,long,neutral,neutral,long,short,neutral,neutral,neutral,long,long,long,long,long,long,long,long,long,long,long,long,long,long,long,long,long,long,short,short,short,long,short,short,short,long,long,short,short,long
4187,2022-06-24 14:00:00,OANDA:GBPUSD,1.23033,1.23098,1.2262,1.22834,16002.0,Interval.in_2_hour,15084000.0,long,long,short,short,short,short,short,short,short,long,short,short,short,short,short,short,short,short,short,long,neutral,neutral,long,short,neutral,neutral,neutral,long,long,long,long,long,long,long,long,long,long,long,long,long,long,long,long,long,long,long,short,short,short,long,short,short,long,long,long,short,short
4188,2022-06-24 12:00:00,OANDA:GBPUSD,1.22757,1.23078,1.22683,1.23033,12625.0,Interval.in_2_hour,15076800.0,short,short,short,short,short,short,short,short,short,short,short,short,short,short,short,short,short,short,short,long,neutral,neutral,long,short,long,neutral,neutral,long,long,long,long,long,long,long,long,long,long,long,long,long,long,long,long,long,long,short,short,short,short,short,short,short,short,short,short,long,short
4189,2022-06-24 10:00:00,OANDA:GBPUSD,1.22746,1.22831,1.22429,1.22757,16688.0,Interval.in_2_hour,15069600.0,long,short,long,long,long,short,short,short,short,short,long,long,short,short,short,short,short,short,short,long,neutral,neutral,long,short,neutral,neutral,neutral,long,long,long,long,long,long,long,long,long,long,long,long,long,long,long,long,long,short,long,long,long,short,short,short,long,short,short,long,long,long
4190,2022-06-24 08:00:00,OANDA:GBPUSD,1.22796,1.22846,1.22601,1.22746,11171.0,Interval.in_2_hour,15062400.0,long,long,short,long,long,long,short,short,short,short,short,long,long,short,short,short,short,short,short,long,long,neutral,long,short,neutral,neutral,neutral,long,long,long,long,long,long,long,long,long,long,long,long,long,long,long,long,short,short,long,long,long,long,short,short,long,long,short,short,long,long
4191,2022-06-24 06:00:00,OANDA:GBPUSD,1.22768,1.22816,1.22714,1.22796,6816.0,Interval.in_2_hour,15055200.0,long,long,short,short,long,long,short,short,short,short,short,short,short,long,short,short,short,short,short,long,neutral,neutral,long,short,long,neutral,neutral,long,long,long,long,long,long,long,long,long,long,long,long,long,long,long,short,short,long,short,short,long,long,long,short,short,short,long,short,short,long
4192,2022-06-24 04:00:00,OANDA:GBPUSD,1.225,1.22849,1.22458,1.22768,9784.0,Interval.in_2_hour,15048000.0,long,long,long,long,short,long,long,short,short,short,short,short,short,short,long,short,short,short,short,long,short,neutral,long,short,neutral,neutral,neutral,long,long,long,long,long,long,long,long,long,long,long,long,long,short,short,short,long,long,long,short,short,long,long,long,short,short,short,long,short,short
4193,2022-06-24 02:00:00,OANDA:GBPUSD,1.22666,1.22712,1.22409,1.225,9386.0,Interval.in_2_hour,15040800.0,long,long,long,long,long,long,long,long,long,long,long,long,long,long,long,long,short,short,short,long,long,neutral,long,short,neutral,neutral,neutral,long,long,short,long,long,long,long,long,long,short,short,short,short,short,short,long,long,long,long,long,long,long,long,long,long,long,long,long,long,long
4194,2022-06-24 00:00:00,OANDA:GBPUSD,1.22604,1.22672,1.22548,1.22666,6106.0,Interval.in_2_hour,15033600.0,long,long,long,long,long,long,short,long,long,long,short,long,long,long,long,long,long,short,short,long,neutral,neutral,long,short,long,long,neutral,long,long,long,long,long,long,long,long,long,long,long,short,short,short,long,long,long,long,short,long,long,long,long,long,long,long,long,long,long,long
4195,2022-06-23 22:00:00,OANDA:GBPUSD,1.2252,1.22728,1.2252,1.22604,6272.0,Interval.in_2_hour,15026400.0,long,long,long,long,long,long,long,short,long,long,long,long,long,long,long,long,long,long,short,long,neutral,neutral,long,short,long,neutral,neutral,short,long,long,long,long,long,short,short,short,short,short,short,short,long,long,long,long,long,long,short,long,long,long,long,long,long,long,long,long,long
4196,2022-06-23 20:00:00,OANDA:GBPUSD,1.22286,1.22529,1.222,1.2252,14946.0,Interval.in_2_hour,15019200.0,long,long,long,long,long,long,long,long,long,long,long,long,long,long,long,long,long,long,short,long,short,short,long,short,neutral,neutral,neutral,long,long,long,short,short,short,short,short,short,short,short,short,short,long,long,long,long,short,long,long,short,long,long,long,long,long,long,long,long,long
4197,2022-06-23 18:00:00,OANDA:GBPUSD,1.22761,1.22813,1.22214,1.22286,21890.0,Interval.in_2_hour,15012000.0,long,long,long,long,long,long,long,long,long,long,long,long,long,long,long,long,long,long,short,long,long,neutral,long,short,neutral,neutral,neutral,long,long,long,short,short,short,short,short,short,short,short,long,long,long,long,long,long,short,long,long,long,long,long,long,long,long,long,long,long,long
4198,2022-06-23 16:00:00,OANDA:GBPUSD,1.22443,1.22947,1.22424,1.22761,29075.0,Interval.in_2_hour,15004800.0,short,short,short,long,short,short,long,long,long,long,short,long,long,short,short,short,short,short,short,long,neutral,neutral,long,short,long,long,neutral,long,long,long,long,short,short,short,short,short,short,long,long,long,long,long,long,short,short,short,short,short,short,short,long,long,short,short,long,long,long
4199,2022-06-23 14:00:00,OANDA:GBPUSD,1.22106,1.22586,1.22004,1.22443,17826.0,Interval.in_2_hour,14997600.0,long,long,long,long,long,long,long,long,long,long,long,long,long,long,long,long,long,long,short,long,short,short,long,short,long,neutral,neutral,short,short,short,short,short,short,short,short,short,short,short,long,short,short,short,short,short,short,long,short,long,long,long,long,long,long,long,long,long,long
4200,2022-06-23 12:00:00,OANDA:GBPUSD,1.22,1.2224,1.21944,1.22106,16125.0,Interval.in_2_hour,14990400.0,long,long,long,long,long,long,long,long,long,long,long,long,long,long,long,long,long,long,short,long,neutral,neutral,long,short,neutral,neutral,neutral,short,short,short,short,short,short,short,short,short,short,short,short,short,short,short,short,short,short,long,long,long,long,long,long,long,long,long,long,long,long
4201,2022-06-23 10:00:00,OANDA:GBPUSD,1.22436,1.22472,1.21703,1.22,26991.0,Interval.in_2_hour,14983200.0,long,long,long,long,long,long,long,long,long,long,long,long,long,long,long,long,long,long,short,long,neutral,neutral,long,short,short,neutral,neutral,short,short,short,short,short,short,short,short,short,short,short,short,short,short,short,short,short,short,long,long,long,long,long,long,long,long,long,long,long,long
4202,2022-06-23 08:00:00,OANDA:GBPUSD,1.22555,1.2264,1.223,1.22436,13022.0,Interval.in_2_hour,14976000.0,long,long,long,long,long,long,long,long,long,long,long,long,long,long,long,long,long,long,short,long,neutral,neutral,long,short,neutral,neutral,neutral,short,short,short,short,short,short,short,long,long,long,long,long,short,short,short,short,short,short,short,short,long,long,short,long,long,long,long,long,long,long
4203,2022-06-23 06:00:00,OANDA:GBPUSD,1.22553,1.22634,1.225,1.22555,9343.0,Interval.in_2_hour,14968800.0,long,long,long,long,long,long,long,long,long,long,long,long,long,long,long,short,long,long,short,long,neutral,neutral,long,short,neutral,neutral,neutral,short,short,short,short,short,long,long,long,long,long,long,short,short,short,short,short,short,short,short,short,short,short,long,short,short,long,long,short,long,long
4204,2022-06-23 04:00:00,OANDA:GBPUSD,1.22602,1.22644,1.22316,1.22553,14797.0,Interval.in_2_hour,14961600.0,long,long,long,long,long,long,long,long,long,long,long,long,long,long,long,long,long,long,short,long,long,long,long,short,short,short,short,short,short,short,short,long,long,long,long,long,long,short,short,short,short,short,short,short,short,long,short,short,short,short,long,short,short,long,long,short,long
4205,2022-06-23 02:00:00,OANDA:GBPUSD,1.22618,1.22634,1.2242,1.22602,8779.0,Interval.in_2_hour,14954400.0,long,long,long,long,long,long,long,long,long,long,long,long,long,long,long,long,long,short,short,long,neutral,neutral,long,short,short,short,short,short,short,short,long,long,long,long,long,long,short,short,short,short,short,short,short,short,short,short,short,short,short,short,short,long,short,short,long,long,short
4206,2022-06-23 00:00:00,OANDA:GBPUSD,1.22626,1.22678,1.22604,1.22618,1197.0,Interval.in_2_hour,14947200.0,short,long,long,long,long,long,long,long,long,long,long,long,long,long,long,long,long,long,short,long,neutral,neutral,long,short,short,short,short,short,short,long,long,long,long,long,long,long,short,short,short,short,short,short,short,short,short,short,short,short,short,short,short,short,long,short,short,short,long
4207,2022-06-22 22:00:00,OANDA:GBPUSD,1.22638,1.22784,1.22622,1.22626,7251.0,Interval.in_2_hour,14940000.0,long,short,long,long,long,long,long,long,long,long,long,long,long,long,long,long,long,long,short,long,neutral,neutral,long,short,short,short,neutral,short,long,long,long,long,long,long,long,short,short,short,short,short,short,short,short,short,short,short,short,short,short,short,short,short,short,long,short,short,short
4208,2022-06-22 20:00:00,OANDA:GBPUSD,1.22655,1.22878,1.22572,1.22638,11995.0,Interval.in_2_hour,14932800.0,short,long,short,long,long,long,long,long,long,long,long,long,long,long,long,long,long,long,short,long,long,neutral,long,short,short,neutral,neutral,long,long,long,long,long,long,long,short,short,short,short,short,short,short,short,short,short,short,short,short,short,short,short,short,short,short,short,long,short,short
4209,2022-06-22 18:00:00,OANDA:GBPUSD,1.23081,1.23104,1.22644,1.22655,18334.0,Interval.in_2_hour,14925600.0,short,short,long,short,long,long,long,long,long,long,long,long,long,long,long,long,long,long,short,long,neutral,neutral,long,short,neutral,neutral,neutral,long,long,long,long,long,long,long,long,long,long,long,long,short,short,long,long,long,long,short,short,short,short,short,short,short,short,short,short,long,short
4210,2022-06-22 16:00:00,OANDA:GBPUSD,1.22535,1.23146,1.22477,1.23081,29885.0,Interval.in_2_hour,14918400.0,short,short,short,short,short,short,short,short,short,short,short,short,short,short,short,short,short,short,short,long,neutral,neutral,long,short,long,long,neutral,long,long,long,long,long,long,long,long,long,long,long,short,short,long,long,long,long,long,short,short,short,short,short,short,short,short,short,short,short,short
4211,2022-06-22 14:00:00,OANDA:GBPUSD,1.22506,1.22588,1.22353,1.22535,19527.0,Interval.in_2_hour,14911200.0,long,short,short,long,long,short,long,long,long,long,long,long,long,long,long,long,long,long,short,long,neutral,neutral,long,short,long,neutral,neutral,long,long,long,short,short,short,short,short,short,short,short,short,short,short,short,short,long,long,long,long,long,long,long,long,long,long,short,short,short,short
4212,2022-06-22 12:00:00,OANDA:GBPUSD,1.22182,1.22727,1.22148,1.22506,17632.0,Interval.in_2_hour,14904000.0,short,long,short,long,long,long,short,long,long,long,long,long,long,long,long,long,long,long,short,long,short,short,long,short,neutral,neutral,neutral,short,short,short,short,short,short,short,short,short,short,short,short,short,short,short,short,short,short,long,long,long,long,long,long,long,long,long,short,short,short
4213,2022-06-22 10:00:00,OANDA:GBPUSD,1.22262,1.22276,1.21612,1.22182,23174.0,Interval.in_2_hour,14896800.0,short,long,long,long,long,long,long,long,long,long,long,long,long,long,long,long,long,long,short,long,neutral,neutral,long,short,short,short,short,short,short,short,short,short,short,short,short,short,short,short,short,short,short,short,short,short,short,long,long,long,long,long,long,long,long,long,long,long,short
4214,2022-06-22 08:00:00,OANDA:GBPUSD,1.22338,1.22436,1.22128,1.22262,14091.0,Interval.in_2_hour,14889600.0,short,short,long,long,long,long,long,long,long,long,long,long,long,long,long,long,long,long,short,long,neutral,neutral,long,short,short,short,short,short,short,short,short,short,short,short,short,short,short,short,short,short,short,short,short,short,short,short,long,long,long,long,long,long,long,long,long,long,long
4215,2022-06-22 06:00:00,OANDA:GBPUSD,1.22414,1.22492,1.22286,1.22338,8578.0,Interval.in_2_hour,14882400.0,long,short,short,long,long,short,long,long,long,long,long,long,long,long,long,long,long,long,short,long,neutral,neutral,long,short,short,short,short,short,short,short,short,short,short,short,short,short,short,short,short,short,short,short,short,short,short,short,short,long,long,long,long,long,long,long,long,long,long
4216,2022-06-22 04:00:00,OANDA:GBPUSD,1.22464,1.226,1.2235,1.22414,13176.0,Interval.in_2_hour,14875200.0,long,long,short,short,long,long,short,long,long,long,long,long,long,long,long,long,long,long,short,long,neutral,neutral,long,short,short,short,neutral,short,short,short,short,short,short,short,short,short,short,short,short,long,short,short,short,short,short,short,short,short,long,long,long,long,long,long,long,long,long
4217,2022-06-22 02:00:00,OANDA:GBPUSD,1.2277,1.22774,1.22434,1.22464,9995.0,Interval.in_2_hour,14868000.0,long,long,short,short,short,short,long,short,long,long,long,long,long,long,long,long,long,long,short,long,neutral,neutral,long,short,short,neutral,neutral,short,short,short,short,short,short,short,short,short,short,long,long,long,long,long,long,long,long,short,short,short,short,long,long,long,long,long,long,long,long
4218,2022-06-22 00:00:00,OANDA:GBPUSD,1.22794,1.22813,1.22738,1.2277,2052.0,Interval.in_2_hour,14860800.0,short,short,short,short,short,short,short,short,short,short,short,short,short,short,long,short,short,long,short,long,neutral,neutral,long,short,neutral,neutral,neutral,long,long,long,short,short,long,long,long,long,long,long,long,long,long,long,long,long,long,short,short,short,short,short,short,short,long,short,short,short,short
4219,2022-06-21 22:00:00,OANDA:GBPUSD,1.22765,1.22818,1.22652,1.22794,5381.0,Interval.in_2_hour,14853600.0,short,short,short,short,short,short,short,short,short,short,short,short,short,short,short,long,short,short,short,long,neutral,neutral,long,short,long,neutral,neutral,long,long,short,short,long,long,long,long,long,long,long,long,long,long,long,long,long,long,short,short,short,short,short,short,short,short,long,short,short,short
4220,2022-06-21 20:00:00,OANDA:GBPUSD,1.2272,1.22786,1.22617,1.22765,10218.0,Interval.in_2_hour,14846400.0,short,short,short,short,short,short,short,short,short,short,short,short,short,short,short,long,long,short,short,long,neutral,neutral,long,short,neutral,neutral,neutral,long,short,short,long,long,long,long,long,long,long,long,long,long,long,long,long,long,long,long,long,short,short,short,short,short,short,short,long,short,short
4221,2022-06-21 18:00:00,OANDA:GBPUSD,1.2283,1.22849,1.2258,1.2272,13048.0,Interval.in_2_hour,14839200.0,short,short,short,short,short,short,short,short,short,short,long,short,short,short,short,short,long,long,short,long,neutral,neutral,long,short,neutral,neutral,neutral,short,short,long,long,long,long,long,long,long,long,long,long,long,long,long,long,long,long,long,long,long,short,short,short,short,short,short,short,long,short
4222,2022-06-21 16:00:00,OANDA:GBPUSD,1.22669,1.22948,1.22484,1.2283,19782.0,Interval.in_2_hour,14832000.0,short,short,short,short,short,short,short,short,short,short,short,short,short,short,short,short,short,short,short,long,neutral,neutral,long,short,neutral,neutral,neutral,short,long,long,long,long,long,long,long,long,long,long,long,long,long,long,long,long,long,short,short,short,short,short,short,short,short,short,short,short,long
4223,2022-06-21 14:00:00,OANDA:GBPUSD,1.2281,1.22872,1.22514,1.22669,17819.0,Interval.in_2_hour,14824800.0,long,short,short,short,short,short,short,short,short,short,short,short,long,short,short,short,short,short,short,long,neutral,neutral,long,short,short,neutral,neutral,long,long,long,long,long,long,long,long,long,long,long,long,long,long,long,long,long,long,long,long,long,long,long,short,short,short,short,short,short,short
4224,2022-06-21 12:00:00,OANDA:GBPUSD,1.23093,1.2318,1.22786,1.2281,12744.0,Interval.in_2_hour,14817600.0,short,long,short,short,short,short,short,short,short,short,short,short,short,short,short,short,short,short,short,long,neutral,neutral,long,short,neutral,neutral,neutral,long,long,long,long,long,long,long,long,long,long,long,long,long,long,long,long,long,long,short,long,short,short,short,short,short,short,short,short,short,short
4225,2022-06-21 10:00:00,OANDA:GBPUSD,1.22768,1.23246,1.22743,1.23093,17706.0,Interval.in_2_hour,14810400.0,short,short,short,short,short,short,short,short,short,short,short,short,short,short,short,short,short,short,short,long,neutral,neutral,long,short,long,neutral,neutral,long,long,long,long,long,long,long,long,long,long,long,long,long,long,long,long,long,long,short,short,short,short,short,short,short,short,short,short,short,short
4226,2022-06-21 08:00:00,OANDA:GBPUSD,1.2265,1.22792,1.22449,1.22768,10923.0,Interval.in_2_hour,14803200.0,short,short,short,long,short,short,short,short,short,short,short,short,short,short,short,short,short,short,short,long,long,neutral,long,short,neutral,neutral,neutral,long,long,long,long,long,long,long,long,long,long,long,long,long,long,long,long,long,long,long,long,short,long,short,short,long,long,short,short,short,short
4227,2022-06-21 06:00:00,OANDA:GBPUSD,1.22742,1.22814,1.22644,1.2265,7495.0,Interval.in_2_hour,14796000.0,short,short,short,short,long,long,short,short,short,short,short,short,short,short,short,short,long,short,short,long,neutral,neutral,long,short,neutral,neutral,neutral,long,long,long,long,long,long,long,long,long,long,long,long,long,long,long,long,long,short,long,long,long,long,long,long,long,long,long,short,short,short
4228,2022-06-21 04:00:00,OANDA:GBPUSD,1.22699,1.22834,1.22622,1.22742,9439.0,Interval.in_2_hour,14788800.0,short,short,short,short,short,long,short,short,short,short,short,short,short,short,short,short,short,long,short,long,neutral,neutral,long,short,long,long,long,long,long,long,long,long,long,long,long,long,long,long,long,long,long,long,long,short,short,short,long,long,long,short,long,short,long,long,long,short,short
4229,2022-06-21 02:00:00,OANDA:GBPUSD,1.22549,1.22716,1.22466,1.22699,10133.0,Interval.in_2_hour,14781600.0,short,short,short,short,short,short,long,short,short,short,short,short,short,short,short,short,short,short,short,long,neutral,neutral,long,short,long,long,neutral,long,long,long,long,long,long,long,long,long,long,long,long,long,long,long,short,short,short,long,short,long,long,long,short,long,long,long,long,long,short
4230,2022-06-21 00:00:00,OANDA:GBPUSD,1.22483,1.22552,1.22418,1.22549,1543.0,Interval.in_2_hour,14774400.0,short,short,short,short,short,short,short,long,long,long,long,long,long,long,long,short,short,short,short,long,neutral,neutral,long,short,long,neutral,neutral,short,short,short,long,long,long,long,long,long,long,long,long,long,long,short,short,short,short,long,long,long,long,long,long,long,long,long,long,long,long
4231,2022-06-20 22:00:00,OANDA:GBPUSD,1.2239,1.22598,1.2239,1.22483,2832.0,Interval.in_2_hour,14767200.0,long,short,short,short,short,short,long,long,long,long,long,long,long,long,long,long,short,short,short,long,neutral,neutral,long,short,neutral,neutral,neutral,short,short,short,long,long,long,long,long,long,long,long,long,long,short,short,short,short,short,long,long,long,long,long,long,long,long,long,long,long,long
4232,2022-06-20 20:00:00,OANDA:GBPUSD,1.22545,1.22552,1.22313,1.2239,2591.0,Interval.in_2_hour,14760000.0,long,long,long,long,short,short,short,long,long,long,long,long,long,long,long,long,long,long,short,long,neutral,neutral,long,short,neutral,neutral,neutral,short,short,long,long,long,long,long,long,long,long,long,long,short,short,short,short,short,short,long,long,long,long,long,long,long,long,long,long,long,long
4233,2022-06-20 18:00:00,OANDA:GBPUSD,1.22532,1.22562,1.22386,1.22545,8089.0,Interval.in_2_hour,14752800.0,long,long,long,short,short,short,short,short,short,short,long,long,long,long,long,long,long,long,short,long,neutral,neutral,long,short,neutral,neutral,neutral,long,long,long,long,long,long,long,long,long,long,long,short,short,short,short,short,short,short,short,short,long,long,long,long,long,long,long,long,long,long
4234,2022-06-20 16:00:00,OANDA:GBPUSD,1.22624,1.22625,1.2226,1.22532,15542.0,Interval.in_2_hour,14745600.0,long,long,long,long,short,short,short,short,short,short,long,long,long,long,long,long,long,long,short,long,neutral,neutral,long,short,neutral,neutral,neutral,long,long,long,long,long,long,long,long,long,long,short,short,short,short,short,short,short,short,long,short,short,long,long,long,long,long,long,long,long,long
4235,2022-06-20 14:00:00,OANDA:GBPUSD,1.225,1.22805,1.2244,1.22624,11904.0,Interval.in_2_hour,14738400.0,long,long,long,long,long,short,short,short,short,short,short,short,long,long,long,long,short,short,short,long,neutral,neutral,long,short,long,long,long,long,long,long,long,long,long,long,long,long,short,short,short,short,short,short,short,short,short,short,short,short,short,short,long,long,long,long,long,long,long
4236,2022-06-20 12:00:00,OANDA:GBPUSD,1.22463,1.22624,1.22334,1.225,12950.0,Interval.in_2_hour,14731200.0,long,long,long,long,long,long,short,short,short,short,short,long,long,long,long,long,long,long,short,long,neutral,neutral,long,short,long,long,long,long,long,long,long,long,long,long,long,short,short,short,short,short,short,short,short,short,short,long,long,long,short,short,long,long,long,long,long,long,long
4237,2022-06-20 10:00:00,OANDA:GBPUSD,1.22362,1.22475,1.22184,1.22463,19144.0,Interval.in_2_hour,14724000.0,long,long,long,long,long,long,long,long,short,short,short,short,long,long,long,long,long,long,short,long,neutral,neutral,long,short,long,long,long,long,long,long,long,long,long,long,short,short,short,short,short,short,short,short,short,short,short,long,long,long,long,short,long,long,long,long,long,long,long
4238,2022-06-20 08:00:00,OANDA:GBPUSD,1.22355,1.22532,1.22274,1.22362,14362.0,Interval.in_2_hour,14716800.0,long,long,long,long,long,long,long,long,long,long,short,short,short,long,long,long,long,long,short,long,neutral,neutral,long,short,long,long,neutral,long,long,long,long,long,long,short,short,short,short,short,short,short,short,short,short,short,short,long,long,long,long,long,long,long,long,long,long,long,long
4239,2022-06-20 06:00:00,OANDA:GBPUSD,1.22272,1.22534,1.22254,1.22355,9157.0,Interval.in_2_hour,14709600.0,long,long,long,long,long,long,long,long,long,long,long,short,short,short,long,long,long,long,short,long,neutral,neutral,long,short,long,neutral,neutral,long,long,long,long,long,short,short,short,short,short,short,short,short,short,short,short,short,long,long,long,long,long,long,long,long,long,long,long,long,long
4240,2022-06-20 04:00:00,OANDA:GBPUSD,1.22232,1.22354,1.21994,1.22272,14567.0,Interval.in_2_hour,14702400.0,long,long,long,long,long,long,long,long,long,long,long,long,long,short,short,long,long,long,short,long,neutral,neutral,long,short,neutral,neutral,neutral,long,long,long,short,short,short,short,short,short,short,short,short,short,short,short,short,long,long,long,long,long,long,long,long,long,long,long,long,long,long
4241,2022-06-20 02:00:00,OANDA:GBPUSD,1.22254,1.2232,1.22122,1.22232,12429.0,Interval.in_2_hour,14695200.0,long,long,long,long,long,long,long,long,long,long,long,long,long,long,long,short,long,long,short,long,neutral,neutral,long,short,neutral,neutral,neutral,long,long,short,short,short,short,short,short,short,short,short,short,short,short,short,long,long,long,long,long,long,long,long,long,long,long,long,long,long,long
4242,2022-06-20 00:00:00,OANDA:GBPUSD,1.22154,1.22278,1.2208,1.22254,2787.0,Interval.in_2_hour,14688000.0,long,long,long,long,long,long,long,long,long,long,long,long,long,long,long,long,short,long,short,long,neutral,neutral,long,short,long,long,long,long,short,short,short,short,short,short,short,short,short,short,short,short,short,long,long,long,long,short,long,long,long,long,long,long,long,long,long,long,long
4243,2022-06-17 22:00:00,OANDA:GBPUSD,1.2211,1.22332,1.22054,1.22154,9098.0,Interval.in_2_hour,14508000.0,long,long,long,long,long,long,long,long,long,long,long,long,long,long,long,long,long,long,short,long,neutral,neutral,long,short,long,long,neutral,short,short,short,short,short,short,short,short,short,short,short,short,short,long,long,long,long,long,long,long,long,long,long,long,long,long,long,long,long,long
4244,2022-06-17 20:00:00,OANDA:GBPUSD,1.21884,1.22309,1.21872,1.2211,14539.0,Interval.in_2_hour,14500800.0,long,long,long,long,long,long,long,long,long,long,long,long,long,long,long,long,long,long,short,long,short,short,long,short,long,neutral,neutral,short,short,short,short,short,short,short,short,short,short,short,short,long,long,long,long,long,long,long,long,long,long,long,long,long,long,long,long,long,long
4245,2022-06-17 18:00:00,OANDA:GBPUSD,1.21835,1.22196,1.21776,1.21884,18550.0,Interval.in_2_hour,14493600.0,long,long,long,long,long,long,long,long,long,long,long,long,long,long,long,long,long,long,short,long,neutral,neutral,long,short,neutral,neutral,neutral,short,short,short,short,short,short,short,short,short,short,short,short,long,long,long,long,long,long,long,long,long,long,long,long,long,long,long,long,long,long
4246,2022-06-17 16:00:00,OANDA:GBPUSD,1.22673,1.22683,1.21728,1.21835,25729.0,Interval.in_2_hour,14486400.0,long,long,long,long,long,long,long,long,long,long,long,long,long,long,long,long,long,long,long,long,long,neutral,long,short,short,short,neutral,short,short,short,short,short,short,short,short,short,short,long,long,long,long,long,long,long,long,long,long,long,long,long,long,long,long,long,long,long,long
4247,2022-06-17 14:00:00,OANDA:GBPUSD,1.22986,1.23161,1.22522,1.22673,17375.0,Interval.in_2_hour,14479200.0,short,short,short,short,short,long,long,short,long,long,long,short,long,long,long,long,long,short,short,short,neutral,neutral,long,short,short,neutral,neutral,short,short,short,short,short,short,short,short,long,long,long,long,long,long,long,long,long,long,short,short,short,short,short,short,short,short,short,short,short,short
4248,2022-06-17 12:00:00,OANDA:GBPUSD,1.23158,1.23354,1.22778,1.22986,18049.0,Interval.in_2_hour,14472000.0,short,short,short,short,short,short,short,short,short,short,long,short,short,short,short,short,short,short,short,short,long,long,long,short,neutral,neutral,neutral,short,short,short,short,short,short,short,long,long,long,long,long,long,long,long,long,long,long,short,short,short,short,short,short,short,short,short,short,short,short
4249,2022-06-17 10:00:00,OANDA:GBPUSD,1.22617,1.23434,1.22524,1.23158,22418.0,Interval.in_2_hour,14464800.0,short,short,short,short,short,short,short,short,short,short,short,short,short,short,short,short,short,short,short,short,short,neutral,long,short,neutral,neutral,neutral,short,short,short,short,short,short,long,long,long,long,long,long,long,long,long,long,long,long,short,short,short,short,short,short,short,short,short,short,short,short
4250,2022-06-17 08:00:00,OANDA:GBPUSD,1.23062,1.23129,1.22542,1.22617,15225.0,Interval.in_2_hour,14457600.0,short,short,long,short,short,short,short,short,long,long,long,long,long,long,long,long,long,long,short,short,neutral,neutral,long,short,short,short,short,short,short,short,short,short,long,long,long,long,long,long,long,long,long,long,long,long,long,long,long,long,short,short,short,short,short,short,short,short,short
4251,2022-06-17 06:00:00,OANDA:GBPUSD,1.231,1.23137,1.22856,1.23062,13171.0,Interval.in_2_hour,14450400.0,short,short,short,short,short,short,short,short,short,short,short,short,short,long,short,short,short,short,short,short,neutral,neutral,long,short,short,short,short,short,short,short,short,long,long,long,long,long,long,long,long,long,long,long,long,long,long,short,long,short,short,short,short,short,short,short,short,short,short
4252,2022-06-17 04:00:00,OANDA:GBPUSD,1.2325,1.23315,1.2302,1.231,17311.0,Interval.in_2_hour,14443200.0,short,short,short,short,short,short,short,short,short,short,short,short,short,short,short,short,short,short,short,short,neutral,neutral,long,short,short,short,short,short,short,short,long,long,long,long,long,long,long,long,long,long,long,long,long,long,long,short,short,long,short,short,short,short,short,short,short,short,short
4253,2022-06-17 02:00:00,OANDA:GBPUSD,1.23418,1.23606,1.232,1.2325,11849.0,Interval.in_2_hour,14436000.0,short,short,short,short,short,short,short,short,short,short,short,short,short,short,short,short,short,short,short,short,neutral,neutral,long,short,short,short,short,short,long,long,long,long,long,long,long,long,long,long,long,long,long,long,long,long,long,short,short,short,short,short,short,short,short,short,short,short,short
4254,2022-06-17 00:00:00,OANDA:GBPUSD,1.23529,1.23632,1.23394,1.23418,8531.0,Interval.in_2_hour,14428800.0,short,short,short,short,short,short,short,short,short,short,short,short,short,short,short,short,short,short,short,short,neutral,neutral,long,short,short,short,neutral,long,long,long,long,long,long,long,long,long,long,long,long,long,long,long,long,long,long,short,short,short,short,short,short,short,short,short,short,short,short
4255,2022-06-16 22:00:00,OANDA:GBPUSD,1.23562,1.2383,1.2345,1.23529,13330.0,Interval.in_2_hour,14421600.0,short,short,short,short,short,short,short,short,short,short,short,short,short,short,short,short,short,short,short,short,long,long,long,short,short,neutral,neutral,long,long,long,long,long,long,long,long,long,long,long,long,long,long,long,long,long,long,short,short,short,short,short,short,short,short,short,short,short,short
4256,2022-06-16 20:00:00,OANDA:GBPUSD,1.23804,1.23982,1.2349,1.23562,22202.0,Interval.in_2_hour,14414400.0,short,short,short,short,short,short,short,short,short,short,short,short,short,short,short,short,short,short,short,short,neutral,neutral,long,short,neutral,neutral,neutral,long,long,long,long,long,long,long,long,long,long,long,long,long,long,long,long,long,long,short,short,short,short,short,short,short,short,short,short,short,short
4257,2022-06-16 18:00:00,OANDA:GBPUSD,1.22743,1.24066,1.22694,1.23804,26153.0,Interval.in_2_hour,14407200.0,short,short,short,short,short,short,short,short,short,short,short,short,short,short,short,short,short,short,short,short,short,neutral,long,short,long,long,long,long,long,long,long,long,long,long,long,long,long,long,long,long,long,long,long,long,long,short,short,short,short,short,short,short,short,short,short,short,short
4258,2022-06-16 16:00:00,OANDA:GBPUSD,1.22217,1.2284,1.22214,1.22743,29063.0,Interval.in_2_hour,14400000.0,short,short,short,short,short,short,short,short,short,short,short,short,short,short,short,short,short,short,short,short,neutral,neutral,long,short,long,long,long,long,long,long,long,long,long,long,long,long,long,long,long,long,long,long,long,long,long,long,long,long,long,long,long,long,short,long,long,short,short
4259,2022-06-16 14:00:00,OANDA:GBPUSD,1.21602,1.22472,1.20412,1.22217,35647.0,Interval.in_2_hour,14392800.0,short,short,short,short,long,long,long,long,long,long,long,long,long,long,long,long,long,long,short,short,short,neutral,long,short,long,long,neutral,long,long,long,long,long,long,long,long,long,long,long,long,long,long,long,long,long,long,long,long,long,long,long,long,long,long,long,long,long,long
4260,2022-06-16 12:00:00,OANDA:GBPUSD,1.21284,1.21832,1.20941,1.21602,23315.0,Interval.in_2_hour,14385600.0,long,long,long,long,long,long,long,long,long,long,long,long,long,long,long,long,long,long,long,short,short,neutral,long,short,long,neutral,neutral,short,short,short,short,short,long,long,long,long,long,long,long,long,long,long,long,long,long,long,long,long,long,long,long,long,long,long,long,long,long
4261,2022-06-16 10:00:00,OANDA:GBPUSD,1.21169,1.21359,1.20582,1.21284,27261.0,Interval.in_2_hour,14378400.0,long,long,long,long,long,long,long,long,long,long,long,long,long,long,long,long,long,long,long,short,neutral,neutral,long,short,neutral,neutral,neutral,short,short,short,short,long,long,long,long,long,long,long,long,long,long,long,long,long,long,long,long,long,long,long,long,long,long,long,long,long,long
4262,2022-06-16 08:00:00,OANDA:GBPUSD,1.21466,1.21552,1.21148,1.21169,14633.0,Interval.in_2_hour,14371200.0,long,long,long,long,long,long,long,long,long,long,long,long,long,long,long,long,long,long,long,short,neutral,neutral,long,short,short,short,neutral,short,short,short,long,long,long,long,long,long,long,long,long,long,long,long,long,long,long,long,long,long,long,long,long,long,long,long,long,long,long
4263,2022-06-16 06:00:00,OANDA:GBPUSD,1.21622,1.21716,1.21422,1.21466,10102.0,Interval.in_2_hour,14364000.0,long,long,long,long,long,long,long,long,long,long,long,long,long,long,long,long,long,long,long,short,neutral,neutral,long,short,short,neutral,neutral,short,long,long,long,long,long,long,long,long,long,long,long,long,long,long,long,long,long,short,short,long,long,long,long,long,long,long,long,long,long
4264,2022-06-16 04:00:00,OANDA:GBPUSD,1.21786,1.21862,1.21419,1.21622,11322.0,Interval.in_2_hour,14356800.0,long,long,long,long,long,long,long,long,long,long,long,long,long,long,long,long,long,long,long,short,neutral,neutral,long,short,neutral,neutral,neutral,long,long,long,long,long,long,long,long,long,long,long,long,long,long,long,long,long,long,short,short,short,short,long,long,long,long,long,long,long,long
4265,2022-06-16 02:00:00,OANDA:GBPUSD,1.2163,1.21897,1.21584,1.21786,10593.0,Interval.in_2_hour,14349600.0,long,long,long,long,long,long,long,long,long,long,long,long,long,long,long,long,long,long,short,short,neutral,neutral,long,short,neutral,neutral,neutral,long,long,long,long,long,long,long,long,long,long,long,long,long,long,long,long,long,long,short,short,short,short,short,long,long,long,long,long,long,long
4266,2022-06-16 00:00:00,OANDA:GBPUSD,1.21728,1.2179,1.21584,1.2163,5804.0,Interval.in_2_hour,14342400.0,long,long,long,long,long,long,long,long,long,long,long,long,long,long,long,long,long,long,short,short,neutral,neutral,long,short,neutral,neutral,neutral,long,long,long,long,long,long,long,long,long,long,long,long,long,long,long,long,long,short,long,short,short,short,short,short,long,long,long,long,long,long
4267,2022-06-15 22:00:00,OANDA:GBPUSD,1.21233,1.2205,1.21146,1.21728,30065.0,Interval.in_2_hour,14335200.0,long,long,long,long,long,long,long,long,long,long,long,long,long,long,long,long,long,long,short,short,neutral,neutral,long,short,long,neutral,neutral,long,long,long,long,long,long,long,long,long,long,long,long,long,long,long,short,short,short,short,long,short,short,short,short,short,long,long,long,long,long
4268,2022-06-15 20:00:00,OANDA:GBPUSD,1.20646,1.21638,1.20286,1.21233,41976.0,Interval.in_2_hour,14328000.0,long,long,long,long,long,long,long,long,long,long,long,long,long,long,long,long,long,long,long,short,short,short,long,short,neutral,neutral,neutral,long,long,long,long,long,long,long,long,long,long,long,long,long,short,short,short,short,short,long,long,long,long,long,short,long,long,long,long,long,long
4269,2022-06-15 18:00:00,OANDA:GBPUSD,1.2069,1.2074,1.2046,1.20646,14620.0,Interval.in_2_hour,14320800.0,long,long,long,long,long,long,long,long,long,long,long,long,long,long,long,long,long,long,long,long,neutral,neutral,long,short,neutral,neutral,neutral,short,long,long,long,long,long,long,long,long,long,long,short,short,short,short,short,short,short,long,long,long,long,long,long,long,long,long,long,long,long
4270,2022-06-15 16:00:00,OANDA:GBPUSD,1.20634,1.20974,1.20574,1.2069,21343.0,Interval.in_2_hour,14313600.0,long,long,long,long,long,long,long,long,long,long,long,long,long,long,long,long,long,long,long,long,short,short,long,short,neutral,neutral,neutral,long,long,long,long,long,long,long,long,long,long,short,short,short,short,short,short,short,short,short,long,long,long,long,long,long,long,long,long,long,long
4271,2022-06-15 14:00:00,OANDA:GBPUSD,1.20918,1.2125,1.20584,1.20634,25340.0,Interval.in_2_hour,14306400.0,long,long,long,long,long,long,long,long,long,long,long,long,long,long,long,long,long,long,long,long,long,long,long,short,neutral,neutral,neutral,long,long,long,long,long,long,long,long,long,short,short,short,short,short,short,short,short,short,long,long,long,long,long,long,long,long,long,long,long,long
4272,2022-06-15 12:00:00,OANDA:GBPUSD,1.20887,1.21035,1.20674,1.20918,18504.0,Interval.in_2_hour,14299200.0,long,long,long,long,long,long,long,long,long,long,long,long,long,long,long,long,long,long,long,long,neutral,neutral,long,short,long,long,neutral,long,long,long,long,long,long,long,long,long,short,short,short,short,short,short,short,short,short,short,short,short,long,long,long,long,long,long,long,long,long
4273,2022-06-15 10:00:00,OANDA:GBPUSD,1.20326,1.20896,1.2012,1.20887,25279.0,Interval.in_2_hour,14292000.0,long,long,long,long,long,long,long,long,long,long,long,long,long,long,long,long,long,long,long,long,neutral,neutral,long,short,long,neutral,neutral,long,long,long,long,long,long,long,short,short,short,short,short,short,short,short,short,short,short,long,short,short,short,long,long,long,long,long,long,long,long
4274,2022-06-15 08:00:00,OANDA:GBPUSD,1.20017,1.20388,1.19894,1.20326,21888.0,Interval.in_2_hour,14284800.0,long,long,long,long,long,long,long,long,long,long,long,long,long,long,long,long,long,long,long,long,short,short,long,short,neutral,neutral,neutral,long,long,long,long,long,short,short,short,short,short,short,short,short,short,short,short,short,short,long,long,long,long,long,long,long,long,long,long,long,long
4275,2022-06-15 06:00:00,OANDA:GBPUSD,1.20358,1.20379,1.19986,1.20017,9610.0,Interval.in_2_hour,14277600.0,long,long,long,long,long,long,long,long,long,long,long,long,long,long,long,long,long,long,long,long,long,long,long,short,neutral,neutral,neutral,long,long,long,long,short,short,short,short,short,short,short,short,short,short,short,short,short,short,long,long,long,long,long,long,long,long,long,long,long,long
4276,2022-06-15 04:00:00,OANDA:GBPUSD,1.20188,1.20414,1.20157,1.20358,13957.0,Interval.in_2_hour,14270400.0,long,long,long,long,long,long,long,long,long,long,long,long,long,long,long,long,long,long,long,long,neutral,neutral,long,short,long,long,long,long,long,long,short,short,short,short,short,short,short,short,short,short,short,short,short,short,short,short,short,long,long,long,long,long,long,long,long,long,long
4277,2022-06-15 02:00:00,OANDA:GBPUSD,1.20056,1.20193,1.19997,1.20188,11663.0,Interval.in_2_hour,14263200.0,long,long,long,long,long,long,long,long,long,long,long,long,long,long,long,long,long,long,long,long,neutral,neutral,long,short,long,long,neutral,long,long,short,short,short,short,short,short,short,short,short,short,short,short,short,short,short,short,long,short,long,long,long,long,long,long,long,long,long,long
4278,2022-06-15 00:00:00,OANDA:GBPUSD,1.19972,1.20068,1.19923,1.20056,4746.0,Interval.in_2_hour,14256000.0,long,long,long,long,long,long,long,long,long,long,long,long,long,long,long,long,long,long,long,long,neutral,neutral,long,short,long,neutral,neutral,long,short,short,short,short,short,short,short,short,short,short,short,short,short,short,short,short,short,long,long,short,long,long,long,long,long,long,long,long,long
4279,2022-06-14 22:00:00,OANDA:GBPUSD,1.19721,1.19974,1.19341,1.19972,11547.0,Interval.in_2_hour,14248800.0,long,long,long,long,long,long,long,long,long,long,long,long,long,long,long,long,long,long,long,long,neutral,neutral,long,short,neutral,neutral,neutral,short,short,short,short,short,short,short,short,short,short,short,short,short,short,short,short,short,short,long,long,long,long,long,long,long,long,long,long,long,long
4280,2022-06-14 20:00:00,OANDA:GBPUSD,1.19946,1.20314,1.19708,1.19721,21846.0,Interval.in_2_hour,14241600.0,long,long,long,long,long,long,long,long,long,long,long,long,long,long,long,long,long,long,long,long,short,short,long,short,short,short,short,short,short,short,short,short,short,short,short,short,short,short,short,short,short,short,short,short,short,long,long,long,long,long,long,long,long,long,long,long,long
4281,2022-06-14 18:00:00,OANDA:GBPUSD,1.20011,1.20244,1.19892,1.19946,39744.0,Interval.in_2_hour,14234400.0,long,long,long,long,long,long,long,long,long,long,long,long,long,long,long,long,long,long,long,long,neutral,neutral,long,short,short,short,short,short,short,short,short,short,short,short,short,short,short,short,short,short,short,short,short,short,short,short,long,long,long,long,long,long,long,long,long,long,long
4282,2022-06-14 16:00:00,OANDA:GBPUSD,1.20768,1.20842,1.2,1.20011,45339.0,Interval.in_2_hour,14227200.0,long,long,long,long,long,long,long,long,long,long,long,long,long,long,long,long,long,long,long,long,neutral,neutral,long,short,short,short,short,short,short,short,short,short,short,short,short,short,short,short,short,short,short,short,short,short,short,short,short,short,long,long,long,long,long,long,long,long,long
4283,2022-06-14 14:00:00,OANDA:GBPUSD,1.2087,1.20984,1.20624,1.20768,34292.0,Interval.in_2_hour,14220000.0,short,short,long,long,long,long,long,long,long,long,long,long,long,long,long,long,long,long,long,long,neutral,neutral,long,short,short,short,short,short,short,short,short,short,short,short,short,short,short,short,short,short,short,short,short,short,short,short,short,short,short,short,short,short,short,short,long,long,short
4284,2022-06-14 12:00:00,OANDA:GBPUSD,1.21525,1.21593,1.20822,1.2087,32021.0,Interval.in_2_hour,14212800.0,short,short,short,long,long,long,long,long,long,long,long,long,long,long,long,long,long,long,long,long,neutral,neutral,long,short,short,short,neutral,short,short,short,short,short,short,short,short,short,short,short,short,short,short,short,short,short,short,short,short,short,short,short,short,short,short,short,short,long,long
4285,2022-06-14 10:00:00,OANDA:GBPUSD,1.21658,1.21997,1.21494,1.21525,33423.0,Interval.in_2_hour,14205600.0,short,short,short,short,short,long,long,long,long,short,short,short,long,long,long,long,long,long,long,long,neutral,neutral,long,short,short,neutral,neutral,long,long,long,long,long,long,short,short,short,short,short,short,short,short,short,short,short,short,short,short,short,short,short,short,short,short,short,short,short,short
4286,2022-06-14 08:00:00,OANDA:GBPUSD,1.21764,1.22082,1.21654,1.21658,26067.0,Interval.in_2_hour,14198400.0,short,short,short,short,short,short,long,short,long,short,short,short,short,short,long,long,long,long,long,long,neutral,neutral,long,short,neutral,neutral,neutral,long,long,long,long,long,long,short,short,short,short,short,short,short,short,short,short,short,short,short,short,short,short,short,short,short,short,short,short,short,short
4287,2022-06-14 06:00:00,OANDA:GBPUSD,1.21566,1.21964,1.21542,1.21764,21853.0,Interval.in_2_hour,14191200.0,short,short,short,short,short,short,short,short,short,long,short,short,short,short,short,long,long,long,long,long,neutral,neutral,long,short,long,long,long,long,long,long,long,long,short,short,short,short,short,short,short,short,short,short,short,short,short,short,short,short,short,short,short,short,short,short,short,short,short
4288,2022-06-14 04:00:00,OANDA:GBPUSD,1.21556,1.21605,1.21343,1.21566,19702.0,Interval.in_2_hour,14184000.0,short,short,short,short,short,short,short,short,long,long,long,long,short,short,short,long,long,long,long,long,neutral,neutral,long,short,long,long,neutral,long,short,long,short,short,short,short,short,short,short,short,short,short,short,short,short,short,short,long,long,short,short,short,short,short,short,short,short,short,short
4289,2022-06-14 02:00:00,OANDA:GBPUSD,1.21352,1.21612,1.21314,1.21556,12848.0,Interval.in_2_hour,14176800.0,short,short,short,short,short,short,short,short,short,long,long,long,long,short,short,short,long,long,long,long,neutral,neutral,long,short,long,neutral,neutral,short,short,short,short,short,short,short,short,short,short,short,short,short,short,short,short,short,short,long,long,long,short,short,short,short,short,short,short,short,short
4290,2022-06-14 00:00:00,OANDA:GBPUSD,1.21305,1.21394,1.21236,1.21352,7469.0,Interval.in_2_hour,14169600.0,short,short,short,short,short,short,short,short,short,short,long,long,long,long,long,short,short,long,long,long,neutral,neutral,long,short,neutral,neutral,neutral,short,short,short,short,short,short,short,short,short,short,short,short,short,short,short,short,short,short,long,long,long,long,long,short,short,short,short,short,short,short
4291,2022-06-13 22:00:00,OANDA:GBPUSD,1.2141,1.21646,1.2107,1.21305,39321.0,Interval.in_2_hour,14162400.0,short,short,short,short,short,short,short,short,short,short,short,long,long,long,long,long,short,short,long,long,neutral,neutral,long,short,short,neutral,neutral,short,short,short,short,short,short,short,short,short,short,short,short,short,short,short,short,short,short,long,long,long,long,long,long,short,short,short,short,short,short
4292,2022-06-13 20:00:00,OANDA:GBPUSD,1.21736,1.21869,1.21386,1.2141,20112.0,Interval.in_2_hour,14155200.0,short,short,short,short,short,short,short,short,short,short,short,short,long,long,long,long,long,short,long,long,neutral,neutral,long,short,neutral,neutral,neutral,short,short,short,short,short,short,short,short,short,short,short,short,short,short,short,short,short,short,short,short,long,long,long,long,long,short,short,short,short,short
4293,2022-06-13 18:00:00,OANDA:GBPUSD,1.21306,1.22006,1.21304,1.21736,25197.0,Interval.in_2_hour,14148000.0,short,short,short,short,short,short,short,short,short,short,short,short,short,short,short,long,short,short,long,long,short,neutral,long,short,neutral,neutral,neutral,short,short,short,short,short,short,short,short,short,short,short,short,short,short,short,short,short,short,short,short,short,short,short,long,short,short,short,short,short,short
4294,2022-06-13 16:00:00,OANDA:GBPUSD,1.2195,1.21962,1.21236,1.21306,38752.0,Interval.in_2_hour,14140800.0,short,short,short,short,short,short,short,short,short,short,short,short,short,short,long,long,long,long,long,long,neutral,neutral,long,short,short,short,short,short,short,short,short,short,short,short,short,short,short,short,short,short,short,short,short,short,short,long,long,short,long,long,long,long,long,long,short,short,short
4295,2022-06-13 14:00:00,OANDA:GBPUSD,1.22016,1.22089,1.21615,1.2195,32092.0,Interval.in_2_hour,14133600.0,short,short,short,short,short,short,short,short,short,short,short,short,short,short,short,short,short,short,long,long,neutral,neutral,long,short,short,short,short,short,short,short,short,short,short,short,short,short,short,short,short,short,short,short,short,short,short,short,short,short,short,short,short,short,short,short,short,short,short
4296,2022-06-13 12:00:00,OANDA:GBPUSD,1.22196,1.22228,1.21994,1.22016,22488.0,Interval.in_2_hour,14126400.0,short,short,short,short,short,short,short,short,short,short,short,short,short,short,short,short,short,short,long,long,neutral,neutral,long,short,short,short,neutral,short,short,short,short,short,short,short,short,short,short,short,short,short,short,short,short,short,short,short,short,short,short,short,short,short,short,short,short,short,short
4297,2022-06-13 10:00:00,OANDA:GBPUSD,1.22606,1.22792,1.22124,1.22196,29221.0,Interval.in_2_hour,14119200.0,short,short,short,short,short,short,short,short,short,short,short,short,short,short,short,short,short,short,long,long,short,short,long,short,short,neutral,neutral,short,short,short,short,short,short,short,short,short,short,short,short,short,short,short,short,short,short,short,short,short,short,short,short,short,short,short,short,short,short
4298,2022-06-13 08:00:00,OANDA:GBPUSD,1.2286,1.2301,1.22379,1.22606,23177.0,Interval.in_2_hour,14112000.0,short,short,short,short,short,short,short,short,short,short,short,short,short,short,short,short,short,short,long,long,short,short,long,short,neutral,neutral,neutral,short,short,short,short,short,short,short,short,short,short,short,short,short,short,short,short,short,short,short,short,short,short,short,short,short,short,short,short,short,short
4299,2022-06-13 06:00:00,OANDA:GBPUSD,1.2274,1.22918,1.22738,1.2286,11151.0,Interval.in_2_hour,14104800.0,short,short,short,short,short,short,short,short,short,short,short,short,short,short,short,short,short,short,long,long,short,neutral,long,short,neutral,neutral,neutral,short,short,short,short,short,short,short,short,short,short,short,short,short,short,short,short,short,short,short,short,short,short,short,short,short,short,short,short,short,short
4300,2022-06-13 04:00:00,OANDA:GBPUSD,1.22758,1.22818,1.22622,1.2274,17520.0,Interval.in_2_hour,14097600.0,short,short,short,short,short,short,short,short,short,short,short,short,short,short,short,short,short,short,long,long,neutral,neutral,long,short,short,short,neutral,short,short,short,short,short,short,short,short,short,short,short,short,short,short,short,short,short,short,long,short,short,short,short,short,short,short,short,short,short,short
4301,2022-06-13 02:00:00,OANDA:GBPUSD,1.22948,1.22998,1.22708,1.22758,16087.0,Interval.in_2_hour,14090400.0,short,short,short,short,short,short,short,short,short,short,short,short,short,short,short,short,short,short,long,long,neutral,neutral,long,short,short,neutral,neutral,short,short,short,short,short,short,short,short,short,short,short,short,short,short,short,short,short,short,short,long,short,short,short,short,short,short,short,short,short,short
4302,2022-06-13 00:00:00,OANDA:GBPUSD,1.2317,1.23224,1.22908,1.22948,4936.0,Interval.in_2_hour,14083200.0,short,short,short,short,short,short,short,short,short,short,short,short,short,short,short,short,short,short,long,long,neutral,neutral,long,short,neutral,neutral,neutral,short,short,short,short,short,short,short,short,short,short,short,short,short,short,short,short,short,short,short,short,short,short,short,short,short,short,short,short,short,short
4303,2022-06-10 22:00:00,OANDA:GBPUSD,1.23156,1.23206,1.23054,1.2317,13217.0,Interval.in_2_hour,13903200.0,short,short,short,short,short,short,short,short,short,short,short,short,short,short,short,short,short,short,long,long,neutral,neutral,long,short,long,neutral,neutral,short,short,short,short,short,short,short,short,short,short,short,short,short,short,short,short,short,short,short,short,short,short,short,short,short,short,short,short,short,short
4304,2022-06-10 20:00:00,OANDA:GBPUSD,1.23114,1.23232,1.23012,1.23156,16110.0,Interval.in_2_hour,13896000.0,short,short,short,short,short,short,short,short,short,short,short,short,short,short,short,short,short,short,long,long,neutral,neutral,long,short,neutral,neutral,neutral,short,short,short,short,short,short,short,short,short,short,short,short,short,short,short,short,short,short,long,short,short,short,short,short,short,short,short,short,short,short
4305,2022-06-10 18:00:00,OANDA:GBPUSD,1.23436,1.23462,1.23096,1.23114,21833.0,Interval.in_2_hour,13888800.0,short,short,short,short,short,short,short,short,short,short,short,short,short,short,short,short,short,short,long,long,neutral,neutral,long,short,short,short,short,short,short,short,short,short,short,short,short,short,short,short,short,short,short,short,short,short,short,long,long,short,short,short,short,short,short,short,short,short,short
4306,2022-06-10 16:00:00,OANDA:GBPUSD,1.23832,1.24144,1.23326,1.23436,42009.0,Interval.in_2_hour,13881600.0,short,short,short,short,short,short,short,short,short,short,short,short,short,short,short,short,short,short,long,long,neutral,neutral,long,short,short,short,neutral,short,short,short,short,short,short,short,short,short,short,short,short,short,short,short,short,short,short,short,short,short,short,short,short,short,short,short,short,short,short
4307,2022-06-10 14:00:00,OANDA:GBPUSD,1.24443,1.24522,1.23826,1.23832,37221.0,Interval.in_2_hour,13874400.0,short,short,short,short,short,short,short,short,short,short,short,short,short,short,short,short,short,short,long,long,neutral,neutral,long,short,short,neutral,neutral,short,short,short,short,short,short,short,short,short,short,short,short,short,short,short,short,short,short,short,short,short,short,short,short,short,short,short,short,short,short
4308,2022-06-10 12:00:00,OANDA:GBPUSD,1.24825,1.24844,1.24358,1.24443,17967.0,Interval.in_2_hour,13867200.0,short,short,short,short,short,short,short,short,short,short,short,short,short,short,short,short,short,short,short,long,neutral,neutral,long,short,neutral,neutral,neutral,short,short,short,short,short,short,short,short,short,short,short,short,short,short,short,short,short,short,short,short,short,short,short,short,short,short,short,short,short,short
4309,2022-06-10 10:00:00,OANDA:GBPUSD,1.24806,1.24954,1.24694,1.24825,23079.0,Interval.in_2_hour,13860000.0,short,short,short,short,short,short,short,short,short,short,short,short,short,short,short,short,short,short,short,long,neutral,neutral,long,short,neutral,neutral,neutral,short,short,short,short,short,short,short,short,short,short,short,short,short,short,short,short,short,short,short,short,short,short,short,short,short,short,short,short,short,short
4310,2022-06-10 08:00:00,OANDA:GBPUSD,1.24963,1.25178,1.24774,1.24806,14179.0,Interval.in_2_hour,13852800.0,short,short,short,short,short,short,short,short,short,short,short,short,short,short,short,short,short,short,short,long,neutral,neutral,long,short,short,short,neutral,short,short,short,short,short,short,short,short,short,short,short,short,short,short,short,short,short,short,long,short,short,short,short,short,short,short,short,short,short,short
4311,2022-06-10 06:00:00,OANDA:GBPUSD,1.24967,1.25016,1.24942,1.24963,6523.0,Interval.in_2_hour,13845600.0,short,short,short,short,short,short,short,short,short,short,short,short,short,short,short,short,short,short,short,long,neutral,neutral,long,short,short,neutral,neutral,long,short,short,short,short,short,short,short,short,short,short,short,short,short,short,short,short,short,short,short,short,short,short,short,short,short,short,short,short,short
4312,2022-06-10 04:00:00,OANDA:GBPUSD,1.24997,1.24998,1.24794,1.24967,9739.0,Interval.in_2_hour,13838400.0,short,short,short,short,short,short,short,short,short,short,short,short,short,short,short,short,short,short,short,long,neutral,neutral,long,short,neutral,neutral,neutral,short,short,short,short,short,short,short,short,short,short,short,short,short,short,short,short,short,short,short,short,short,short,short,short,short,short,short,short,short,short
4313,2022-06-10 02:00:00,OANDA:GBPUSD,1.2489,1.25001,1.24826,1.24997,6775.0,Interval.in_2_hour,13831200.0,short,short,short,short,short,short,short,short,short,short,short,short,short,short,short,short,short,short,short,long,neutral,neutral,long,short,neutral,neutral,neutral,short,short,short,short,short,short,short,short,short,short,short,short,short,short,short,short,short,short,short,short,short,short,short,short,short,short,short,short,short,short
4314,2022-06-10 00:00:00,OANDA:GBPUSD,1.24955,1.2509,1.24885,1.2489,4310.0,Interval.in_2_hour,13824000.0,short,short,short,short,short,short,short,short,short,short,short,short,short,short,short,short,short,short,short,long,neutral,neutral,long,short,short,short,short,short,short,short,short,short,short,short,short,short,short,short,short,short,short,short,short,short,short,long,long,long,short,short,short,short,short,short,short,short,short
4315,2022-06-09 22:00:00,OANDA:GBPUSD,1.25071,1.25072,1.24872,1.24955,8227.0,Interval.in_2_hour,13816800.0,short,short,short,short,short,short,short,short,short,short,short,short,short,short,short,short,short,short,short,long,neutral,neutral,long,short,short,short,neutral,short,short,short,short,short,short,short,short,short,short,short,short,short,short,short,short,short,short,short,long,long,long,short,short,short,short,short,short,short,short
4316,2022-06-09 20:00:00,OANDA:GBPUSD,1.2515,1.25229,1.25054,1.25071,14406.0,Interval.in_2_hour,13809600.0,short,short,short,short,short,short,short,short,short,short,short,short,short,short,short,short,short,short,short,long,neutral,neutral,long,short,short,neutral,neutral,short,short,short,short,short,short,short,short,short,short,short,short,short,short,short,short,short,short,short,short,short,short,short,short,short,short,short,short,short,short
4317,2022-06-09 18:00:00,OANDA:GBPUSD,1.25426,1.25442,1.25072,1.2515,21683.0,Interval.in_2_hour,13802400.0,short,short,short,short,short,short,short,short,short,short,short,short,short,short,short,short,short,short,short,long,neutral,neutral,long,short,neutral,neutral,neutral,short,long,long,short,short,short,short,short,short,short,short,short,short,short,short,short,short,short,short,short,short,short,short,short,short,short,short,short,short,short
4318,2022-06-09 16:00:00,OANDA:GBPUSD,1.25318,1.25588,1.25234,1.25426,40088.0,Interval.in_2_hour,13795200.0,short,short,short,short,short,short,short,short,short,short,short,short,short,short,short,short,short,short,short,long,neutral,neutral,long,short,neutral,neutral,neutral,long,long,long,long,long,short,short,short,short,short,long,long,short,short,short,short,short,short,short,short,short,short,short,short,short,short,short,short,short,short
4319,2022-06-09 14:00:00,OANDA:GBPUSD,1.25341,1.25488,1.25162,1.25318,45323.0,Interval.in_2_hour,13788000.0,short,short,short,short,short,short,short,short,short,short,short,short,short,short,short,short,short,short,short,long,neutral,neutral,long,short,neutral,neutral,neutral,long,long,short,short,short,short,short,short,short,short,long,short,short,short,short,short,short,short,long,short,short,short,short,short,short,short,short,short,short,short
4320,2022-06-09 12:00:00,OANDA:GBPUSD,1.25259,1.25399,1.25132,1.25341,13721.0,Interval.in_2_hour,13780800.0,short,short,short,short,short,short,short,short,short,short,short,short,short,short,short,short,short,short,short,long,neutral,neutral,long,short,long,neutral,neutral,short,short,short,short,short,short,short,short,short,long,short,short,short,short,short,short,short,short,short,long,short,short,short,short,short,short,short,short,short,short
4321,2022-06-09 10:00:00,OANDA:GBPUSD,1.25136,1.25294,1.24922,1.25259,18206.0,Interval.in_2_hour,13773600.0,short,short,short,short,short,short,short,short,short,short,short,short,short,short,short,short,short,short,short,long,neutral,neutral,long,short,neutral,neutral,neutral,short,short,short,short,short,short,short,short,short,short,short,short,short,short,short,short,short,short,long,long,long,short,short,short,short,short,short,short,short,short
4322,2022-06-09 08:00:00,OANDA:GBPUSD,1.2529,1.25329,1.25046,1.25136,11443.0,Interval.in_2_hour,13766400.0,short,short,short,short,short,short,short,short,short,short,short,short,short,short,short,short,short,short,short,long,neutral,neutral,long,short,short,neutral,neutral,short,short,short,short,short,short,short,short,short,short,short,short,short,short,short,short,short,short,long,long,long,long,long,short,short,short,short,short,short,short
4323,2022-06-09 06:00:00,OANDA:GBPUSD,1.25348,1.25486,1.2528,1.2529,8982.0,Interval.in_2_hour,13759200.0,short,short,short,short,short,short,short,short,short,short,short,short,short,short,short,short,short,short,short,long,neutral,neutral,long,short,neutral,neutral,neutral,short,short,short,short,short,short,long,short,short,short,short,short,short,short,short,short,short,long,short,short,long,long,long,short,short,short,short,short,short,short
4324,2022-06-09 04:00:00,OANDA:GBPUSD,1.25346,1.25375,1.25201,1.25348,11442.0,Interval.in_2_hour,13752000.0,short,short,short,short,short,short,short,short,short,short,short,short,short,short,short,short,short,short,short,long,short,short,long,short,neutral,neutral,neutral,short,short,short,short,short,long,short,short,short,short,short,short,short,short,short,long,long,long,short,short,short,short,short,long,short,short,short,short,short,short
4325,2022-06-09 02:00:00,OANDA:GBPUSD,1.25392,1.25464,1.25286,1.25346,8540.0,Interval.in_2_hour,13744800.0,short,short,short,short,short,short,short,short,short,short,short,short,short,short,short,short,short,short,short,long,neutral,neutral,long,short,neutral,neutral,neutral,short,short,short,long,long,short,short,short,short,short,short,short,short,short,long,long,long,long,long,short,short,short,short,short,long,short,short,short,short,short
4326,2022-06-09 00:00:00,OANDA:GBPUSD,1.25362,1.25418,1.25348,1.25392,10534.0,Interval.in_2_hour,13737600.0,short,short,short,short,short,short,short,short,short,short,short,short,short,short,short,short,short,short,short,long,neutral,neutral,long,short,neutral,neutral,neutral,short,short,long,long,short,short,short,short,short,short,short,short,short,long,long,long,long,long,short,short,short,short,short,short,short,long,short,short,short,short
4327,2022-06-08 22:00:00,OANDA:GBPUSD,1.25388,1.2543,1.25348,1.25362,6121.0,Interval.in_2_hour,13730400.0,short,short,short,short,short,short,short,short,short,short,short,short,short,short,short,short,short,short,short,long,neutral,neutral,long,short,short,short,neutral,short,long,long,short,short,short,short,short,short,short,short,short,long,long,long,long,long,long,long,short,short,short,short,short,short,short,long,short,short,short
4328,2022-06-08 20:00:00,OANDA:GBPUSD,1.25475,1.25485,1.25348,1.25388,11646.0,Interval.in_2_hour,13723200.0,short,short,short,short,short,short,short,short,short,short,short,short,short,short,short,short,short,short,short,long,neutral,neutral,long,short,short,neutral,neutral,long,long,short,short,short,short,short,short,short,short,short,long,long,long,long,long,long,long,short,long,short,short,short,short,short,short,short,long,short,short
4329,2022-06-08 18:00:00,OANDA:GBPUSD,1.25504,1.25646,1.25428,1.25475,15223.0,Interval.in_2_hour,13716000.0,short,short,short,short,short,short,short,short,short,short,short,short,short,short,short,short,short,short,short,long,neutral,neutral,long,short,neutral,neutral,neutral,long,long,short,short,short,short,short,short,short,short,long,long,long,long,long,long,long,long,short,short,short,short,short,short,short,short,short,short,short,short
4330,2022-06-08 16:00:00,OANDA:GBPUSD,1.25367,1.25617,1.25314,1.25504,25106.0,Interval.in_2_hour,13708800.0,short,short,short,short,short,short,short,short,short,short,short,short,short,short,short,short,short,short,short,long,neutral,neutral,long,short,long,long,neutral,short,short,short,short,short,short,short,short,short,long,long,long,long,long,long,long,long,long,short,short,short,short,short,short,short,short,short,short,short,short
4331,2022-06-08 14:00:00,OANDA:GBPUSD,1.25366,1.25597,1.25214,1.25367,19554.0,Interval.in_2_hour,13701600.0,long,short,short,short,short,short,short,short,short,short,short,short,short,short,short,short,short,short,short,long,short,short,long,short,long,neutral,neutral,short,short,short,short,short,short,short,short,long,long,long,long,long,long,long,long,long,long,long,long,long,short,long,short,short,short,short,short,short,short
4332,2022-06-08 12:00:00,OANDA:GBPUSD,1.2522,1.25416,1.25135,1.25366,17225.0,Interval.in_2_hour,13694400.0,short,long,short,short,short,short,short,short,short,short,short,short,short,short,short,short,short,short,short,long,neutral,neutral,long,short,neutral,neutral,neutral,short,short,short,short,short,short,short,short,long,long,long,long,long,long,long,long,short,short,long,long,long,long,short,long,short,short,short,short,short,short
4333,2022-06-08 10:00:00,OANDA:GBPUSD,1.25748,1.25748,1.25187,1.2522,22072.0,Interval.in_2_hour,13687200.0,long,long,long,short,short,short,short,short,short,short,short,short,short,short,short,short,short,short,short,long,neutral,neutral,long,short,neutral,neutral,neutral,short,short,short,short,short,short,long,long,long,long,long,long,long,long,long,long,long,long,long,long,long,long,long,long,long,long,long,long,short,long
4334,2022-06-08 08:00:00,OANDA:GBPUSD,1.25573,1.25842,1.25562,1.25748,13658.0,Interval.in_2_hour,13680000.0,short,short,short,short,short,short,short,short,short,short,short,short,short,short,short,short,short,short,short,long,short,short,long,short,neutral,neutral,neutral,short,short,short,short,short,long,long,long,long,long,long,long,long,long,long,long,long,long,short,short,short,short,short,short,short,short,short,short,short,short
4335,2022-06-08 06:00:00,OANDA:GBPUSD,1.25792,1.25806,1.25568,1.25573,9438.0,Interval.in_2_hour,13672800.0,short,short,short,short,short,short,short,short,short,short,short,short,short,short,short,short,short,short,short,long,neutral,neutral,long,short,neutral,neutral,neutral,short,short,short,short,long,long,long,long,long,long,long,long,long,long,long,long,long,long,long,short,short,short,short,short,short,short,short,short,short,short
4336,2022-06-08 04:00:00,OANDA:GBPUSD,1.2575,1.25874,1.25663,1.25792,13358.0,Interval.in_2_hour,13665600.0,short,short,short,short,short,short,short,short,short,short,short,short,short,short,short,short,short,short,short,long,short,short,long,short,neutral,neutral,neutral,short,short,short,long,long,long,long,long,long,long,long,long,long,long,long,long,long,long,short,short,short,short,short,short,short,short,short,short,short,short
4337,2022-06-08 02:00:00,OANDA:GBPUSD,1.25927,1.25977,1.25743,1.2575,7669.0,Interval.in_2_hour,13658400.0,short,short,short,short,short,short,short,short,short,short,short,short,short,short,short,short,short,short,short,short,neutral,neutral,long,short,neutral,neutral,neutral,short,short,long,long,long,long,long,long,long,long,long,long,long,long,long,long,long,long,long,short,short,short,short,short,short,short,short,short,short,short
4338,2022-06-08 00:00:00,OANDA:GBPUSD,1.2591,1.25938,1.2585,1.25927,1666.0,Interval.in_2_hour,13651200.0,short,short,short,short,short,short,short,short,short,short,short,short,short,short,short,short,short,short,short,short,neutral,neutral,long,short,long,neutral,neutral,long,long,long,long,long,long,long,long,long,long,long,long,long,long,long,long,long,long,short,short,short,short,short,short,short,short,short,short,short,short
4339,2022-06-07 22:00:00,OANDA:GBPUSD,1.25874,1.25996,1.25872,1.2591,5591.0,Interval.in_2_hour,13644000.0,short,short,short,short,short,short,short,short,short,short,short,short,short,short,short,short,short,short,short,short,neutral,neutral,long,short,neutral,neutral,neutral,long,long,long,long,long,long,long,long,long,long,long,long,long,long,long,long,long,long,long,short,short,short,short,short,short,short,short,short,short,short
4340,2022-06-07 20:00:00,OANDA:GBPUSD,1.25932,1.25963,1.25724,1.25874,8483.0,Interval.in_2_hour,13636800.0,short,short,short,short,short,short,short,short,short,short,short,short,short,short,short,short,short,short,short,short,long,long,long,short,neutral,neutral,neutral,long,long,long,long,long,long,long,long,long,long,long,long,long,long,long,long,long,long,long,long,short,short,short,short,short,short,short,short,short,short
4341,2022-06-07 18:00:00,OANDA:GBPUSD,1.25802,1.25996,1.2573,1.25932,11879.0,Interval.in_2_hour,13629600.0,short,short,short,short,short,short,short,short,short,short,short,short,short,short,short,short,short,short,short,short,neutral,neutral,long,short,long,neutral,neutral,long,long,long,long,long,long,long,long,long,long,long,long,long,long,long,long,long,long,short,short,short,short,short,short,short,short,short,short,short,short
4342,2022-06-07 16:00:00,OANDA:GBPUSD,1.2487,1.2584,1.2482,1.25802,28983.0,Interval.in_2_hour,13622400.0,short,short,short,short,short,short,short,short,short,short,short,short,short,short,short,short,short,short,short,short,short,neutral,long,short,neutral,neutral,neutral,long,long,long,long,long,long,long,short,short,short,short,short,short,long,long,long,long,long,long,long,long,long,short,short,short,short,short,short,short,short
4343,2022-06-07 14:00:00,OANDA:GBPUSD,1.24962,1.25165,1.24862,1.2487,17252.0,Interval.in_2_hour,13615200.0,long,long,long,long,long,long,long,long,long,long,long,long,long,long,long,long,long,long,short,long,neutral,neutral,long,short,neutral,neutral,neutral,long,short,short,short,short,short,short,short,short,short,short,short,short,short,long,long,short,short,long,long,long,long,long,long,long,long,long,long,long,long
4344,2022-06-07 12:00:00,OANDA:GBPUSD,1.24943,1.25194,1.24904,1.24962,15603.0,Interval.in_2_hour,13608000.0,long,long,long,long,long,long,long,long,long,long,long,long,long,long,long,long,short,short,short,long,long,long,long,short,long,neutral,neutral,short,short,short,short,short,short,short,short,short,short,short,short,long,long,long,long,long,short,short,long,long,long,long,long,long,long,long,long,long,long
4345,2022-06-07 10:00:00,OANDA:GBPUSD,1.24674,1.25345,1.24664,1.24943,25062.0,Interval.in_2_hour,13600800.0,long,long,long,long,long,long,long,long,long,long,long,long,long,long,long,long,long,long,short,long,short,neutral,long,short,neutral,neutral,neutral,short,short,short,short,short,short,short,short,short,short,short,short,short,short,short,short,short,short,long,short,long,long,long,long,long,long,long,long,long,long
4346,2022-06-07 08:00:00,OANDA:GBPUSD,1.24917,1.24936,1.24303,1.24674,21416.0,Interval.in_2_hour,13593600.0,long,long,long,long,long,long,long,long,long,long,long,long,long,long,long,long,long,long,short,long,neutral,neutral,long,short,short,short,short,short,short,short,short,short,short,short,short,short,short,short,short,short,short,short,short,short,short,long,long,long,long,long,long,long,long,long,long,long,long
4347,2022-06-07 06:00:00,OANDA:GBPUSD,1.25016,1.25228,1.24887,1.24917,12668.0,Interval.in_2_hour,13586400.0,long,long,long,long,long,long,long,long,long,long,long,long,long,long,long,long,long,long,short,long,short,short,long,short,short,short,neutral,short,short,short,short,short,short,short,short,short,long,long,long,long,long,short,short,short,short,short,long,long,short,long,long,long,long,long,long,long,long
4348,2022-06-07 04:00:00,OANDA:GBPUSD,1.25164,1.25166,1.24927,1.25016,12962.0,Interval.in_2_hour,13579200.0,long,long,long,long,long,long,long,long,long,long,long,long,long,long,long,long,long,long,short,long,neutral,neutral,long,short,short,neutral,neutral,short,short,short,short,short,short,short,short,long,long,long,long,long,long,short,short,short,short,short,short,short,short,short,long,long,long,long,long,long,long
4349,2022-06-07 02:00:00,OANDA:GBPUSD,1.25295,1.25298,1.25132,1.25164,11568.0,Interval.in_2_hour,13572000.0,long,long,long,long,long,long,long,long,long,long,long,long,long,long,short,long,long,long,short,long,long,long,long,short,neutral,neutral,neutral,short,short,short,short,short,short,long,long,long,long,long,long,long,long,short,short,short,short,short,short,short,short,short,short,long,long,long,long,long,long
4350,2022-06-07 00:00:00,OANDA:GBPUSD,1.2529,1.25326,1.25275,1.25295,1527.0,Interval.in_2_hour,13564800.0,long,long,long,long,short,long,long,long,long,long,long,long,long,long,short,short,short,long,short,long,neutral,neutral,long,short,neutral,neutral,neutral,short,short,short,short,short,long,long,long,long,long,long,long,long,short,short,short,short,short,short,short,short,short,short,short,short,long,long,long,long,long
4351,2022-06-06 22:00:00,OANDA:GBPUSD,1.25342,1.25422,1.25265,1.2529,7244.0,Interval.in_2_hour,13557600.0,long,long,long,long,long,short,long,long,long,long,long,long,long,long,long,long,short,short,short,long,neutral,neutral,long,short,short,short,short,short,short,short,short,long,long,long,long,long,long,long,long,long,short,short,short,short,short,long,short,short,short,short,short,short,short,long,long,long,long
4352,2022-06-06 20:00:00,OANDA:GBPUSD,1.254,1.25485,1.25316,1.25342,9985.0,Interval.in_2_hour,13550400.0,long,long,long,long,long,long,short,long,long,long,long,long,long,long,long,long,short,short,short,long,neutral,neutral,long,short,short,short,neutral,short,short,short,long,long,long,long,long,long,long,long,long,short,short,short,short,short,short,short,short,short,short,short,short,short,short,short,long,long,long
4353,2022-06-06 18:00:00,OANDA:GBPUSD,1.25564,1.25586,1.25253,1.254,17921.0,Interval.in_2_hour,13543200.0,long,long,long,long,long,long,long,short,short,short,long,long,short,short,short,short,short,short,short,long,neutral,neutral,long,short,short,neutral,neutral,short,short,long,long,long,long,long,long,long,long,long,short,short,short,short,short,short,short,short,short,short,short,short,short,short,short,short,short,long,long
4354,2022-06-06 16:00:00,OANDA:GBPUSD,1.25566,1.25612,1.25316,1.25564,19733.0,Interval.in_2_hour,13536000.0,long,long,long,long,long,long,long,long,short,short,short,short,short,short,short,short,short,short,short,long,neutral,neutral,long,short,neutral,neutral,neutral,long,long,long,long,long,long,long,long,long,long,long,short,short,short,short,short,short,short,short,short,short,short,short,short,short,short,short,short,short,long
4355,2022-06-06 14:00:00,OANDA:GBPUSD,1.25549,1.25706,1.25413,1.25566,12269.0,Interval.in_2_hour,13528800.0,long,long,long,long,long,long,long,long,long,short,short,short,short,short,short,short,short,short,short,long,long,long,long,short,neutral,neutral,neutral,long,long,long,long,long,long,long,long,long,long,short,short,short,short,short,short,short,short,short,short,short,short,short,short,short,short,short,short,short,short
4356,2022-06-06 12:00:00,OANDA:GBPUSD,1.25728,1.25733,1.25479,1.25549,12901.0,Interval.in_2_hour,13521600.0,short,long,long,long,long,long,long,long,long,long,short,short,short,short,short,short,short,short,short,long,neutral,neutral,long,short,neutral,neutral,neutral,long,long,long,long,long,long,long,long,long,short,short,short,short,short,short,short,short,short,long,long,short,short,short,short,short,short,short,short,short,short
4357,2022-06-06 10:00:00,OANDA:GBPUSD,1.2536,1.25777,1.25154,1.25728,20230.0,Interval.in_2_hour,13514400.0,short,short,long,long,long,long,long,long,long,short,long,short,short,short,short,short,short,short,short,long,neutral,neutral,long,short,long,long,long,long,long,long,long,long,long,long,long,short,short,short,short,short,short,short,short,short,short,short,short,short,short,short,short,short,short,short,short,short,short
4358,2022-06-06 08:00:00,OANDA:GBPUSD,1.24996,1.25378,1.24908,1.2536,10880.0,Interval.in_2_hour,13507200.0,short,short,short,long,long,long,long,long,long,long,long,long,short,long,long,long,long,long,short,long,neutral,neutral,long,short,long,long,neutral,long,long,long,long,short,short,short,short,short,short,short,short,short,short,short,short,short,short,long,long,long,long,long,short,short,short,short,short,short,short
4359,2022-06-06 06:00:00,OANDA:GBPUSD,1.24906,1.2501,1.249,1.24996,5680.0,Interval.in_2_hour,13500000.0,short,short,short,short,long,long,long,long,long,long,long,long,long,long,long,long,long,long,short,long,neutral,neutral,long,short,long,neutral,neutral,long,long,short,short,short,short,short,short,short,short,short,short,short,short,short,short,short,short,long,long,long,long,long,long,long,long,long,long,long,short
4360,2022-06-06 04:00:00,OANDA:GBPUSD,1.24824,1.2496,1.24768,1.24906,10426.0,Interval.in_2_hour,13492800.0,long,short,long,long,short,long,long,long,long,long,long,long,long,long,long,long,long,long,short,long,short,short,long,short,neutral,neutral,neutral,short,short,short,short,short,short,short,short,short,short,short,short,short,short,short,short,short,short,long,long,long,long,long,long,long,long,long,long,long,long
4361,2022-06-06 02:00:00,OANDA:GBPUSD,1.24982,1.25028,1.24811,1.24824,7329.0,Interval.in_2_hour,13485600.0,long,long,short,long,long,long,long,long,long,long,long,long,long,long,long,long,long,long,short,long,neutral,neutral,long,short,neutral,neutral,neutral,short,short,short,short,short,short,short,short,short,short,short,short,short,short,short,short,short,short,long,long,long,long,long,long,long,long,long,long,long,long
4362,2022-06-06 00:00:00,OANDA:GBPUSD,1.24884,1.24989,1.24877,1.24982,2290.0,Interval.in_2_hour,13478400.0,long,long,short,short,short,short,short,long,long,long,long,long,long,long,long,long,long,long,short,long,neutral,neutral,long,short,neutral,neutral,neutral,short,short,short,short,short,short,short,short,short,short,short,short,short,short,short,short,short,short,short,short,long,long,long,long,long,long,long,long,long,long
4363,2022-06-03 22:00:00,OANDA:GBPUSD,1.25008,1.25016,1.24852,1.24884,4438.0,Interval.in_2_hour,13298400.0,long,long,long,long,short,long,long,short,long,long,long,long,long,long,long,long,long,long,short,long,neutral,neutral,long,short,short,short,short,short,short,short,short,short,short,short,short,short,short,short,short,short,short,short,short,short,long,long,short,long,long,long,long,long,long,long,long,long,long
4364,2022-06-03 20:00:00,OANDA:GBPUSD,1.25148,1.25156,1.24936,1.25008,7509.0,Interval.in_2_hour,13291200.0,long,long,long,long,short,short,short,short,short,long,long,long,long,long,long,long,long,long,short,long,neutral,neutral,long,short,short,short,short,short,short,short,short,short,short,short,short,short,short,short,short,short,short,short,long,long,long,short,short,short,short,short,long,long,long,long,long,long,long
4365,2022-06-03 18:00:00,OANDA:GBPUSD,1.2524,1.25244,1.24919,1.25148,13102.0,Interval.in_2_hour,13284000.0,long,long,long,long,short,short,short,short,short,short,long,long,long,long,long,long,long,long,short,long,long,long,long,short,short,short,short,short,short,short,short,short,short,short,short,short,short,short,short,short,short,long,long,long,long,short,short,short,short,short,short,long,long,long,long,long,long
4366,2022-06-03 16:00:00,OANDA:GBPUSD,1.25352,1.25738,1.25186,1.2524,24785.0,Interval.in_2_hour,13276800.0,long,long,long,long,short,short,short,short,short,short,short,long,long,long,long,long,long,long,long,long,neutral,neutral,long,short,short,short,neutral,short,short,short,short,short,short,short,short,short,short,short,short,long,long,long,long,long,long,short,short,short,short,short,short,short,long,long,long,long,long
4367,2022-06-03 14:00:00,OANDA:GBPUSD,1.25676,1.25706,1.25208,1.25352,22755.0,Interval.in_2_hour,13269600.0,long,long,short,short,short,short,short,short,short,short,short,short,long,long,long,long,long,long,long,long,neutral,neutral,long,short,short,neutral,neutral,short,short,short,short,short,short,short,short,long,short,long,long,long,long,long,long,long,long,short,short,short,short,short,short,short,short,long,long,long,long
4368,2022-06-03 12:00:00,OANDA:GBPUSD,1.25746,1.2577,1.25599,1.25676,8170.0,Interval.in_2_hour,13262400.0,short,short,short,short,short,short,short,short,short,short,short,short,short,long,long,long,long,long,long,long,neutral,neutral,long,short,neutral,neutral,neutral,short,short,short,short,short,short,long,long,long,long,long,long,long,long,long,long,long,long,short,short,short,short,short,short,short,short,short,short,long,short
4369,2022-06-03 10:00:00,OANDA:GBPUSD,1.25684,1.25838,1.25592,1.25746,10801.0,Interval.in_2_hour,13255200.0,short,short,short,short,short,short,short,short,short,short,short,short,short,short,long,long,long,long,long,long,neutral,neutral,long,short,neutral,neutral,neutral,short,short,short,short,short,long,long,long,long,long,long,long,long,long,long,long,long,long,short,short,short,short,short,short,short,short,short,short,short,short
4370,2022-06-03 08:00:00,OANDA:GBPUSD,1.25703,1.25772,1.25663,1.25684,7995.0,Interval.in_2_hour,13248000.0,long,short,short,short,short,short,short,short,short,short,short,short,short,short,short,long,long,long,long,long,neutral,neutral,long,short,short,short,neutral,short,short,short,short,long,long,long,long,long,long,long,long,long,long,long,long,long,long,long,short,short,short,short,short,short,short,short,short,short,short
4371,2022-06-03 06:00:00,OANDA:GBPUSD,1.2575,1.25788,1.25687,1.25703,6735.0,Interval.in_2_hour,13240800.0,short,long,short,short,short,short,short,short,short,short,short,short,short,short,short,short,long,long,long,long,neutral,neutral,long,short,short,neutral,neutral,short,long,short,long,long,long,long,long,long,long,long,long,long,long,long,long,long,short,short,long,short,short,short,short,short,short,short,short,short,short
4372,2022-06-03 04:00:00,OANDA:GBPUSD,1.25787,1.25849,1.25706,1.2575,7689.0,Interval.in_2_hour,13233600.0,short,short,short,short,short,short,short,short,short,short,short,short,short,short,short,short,short,long,long,long,neutral,neutral,long,short,neutral,neutral,neutral,long,long,long,long,long,long,long,long,long,long,long,long,long,long,long,long,short,short,short,short,short,short,short,short,short,short,short,short,short,short
4373,2022-06-03 02:00:00,OANDA:GBPUSD,1.2576,1.259,1.25714,1.25787,5822.0,Interval.in_2_hour,13226400.0,short,short,short,short,short,short,short,short,short,short,short,short,short,short,short,short,short,short,long,long,neutral,neutral,long,short,neutral,neutral,neutral,long,long,long,long,long,long,long,long,long,long,long,long,long,long,long,short,short,short,short,short,short,short,short,short,short,short,short,short,short,short
4374,2022-06-03 00:00:00,OANDA:GBPUSD,1.25783,1.2579,1.2574,1.2576,2134.0,Interval.in_2_hour,13219200.0,short,short,short,short,short,short,short,short,short,short,short,short,short,short,short,short,short,short,short,long,neutral,neutral,long,short,neutral,neutral,neutral,long,long,long,long,long,long,long,long,long,long,long,long,long,long,short,short,short,short,long,short,short,short,short,short,short,short,short,short,short,short
4375,2022-06-02 22:00:00,OANDA:GBPUSD,1.25669,1.25786,1.25644,1.25783,6353.0,Interval.in_2_hour,13212000.0,short,short,short,short,short,short,short,short,short,short,short,short,short,short,short,short,short,short,short,long,long,long,long,short,neutral,neutral,neutral,long,long,long,long,long,long,long,long,long,long,long,long,long,short,short,short,short,short,short,long,short,short,short,short,short,short,short,short,short,short
4376,2022-06-02 20:00:00,OANDA:GBPUSD,1.25814,1.25868,1.25664,1.25669,10568.0,Interval.in_2_hour,13204800.0,short,short,short,short,short,short,long,short,short,short,short,short,short,short,short,short,short,short,short,short,neutral,neutral,long,short,neutral,neutral,neutral,long,long,long,long,long,long,long,long,long,long,long,long,short,short,short,short,short,short,long,long,long,long,long,long,long,long,short,short,short,short
4377,2022-06-02 18:00:00,OANDA:GBPUSD,1.25442,1.25819,1.25384,1.25814,15185.0,Interval.in_2_hour,13197600.0,short,short,short,short,short,short,short,short,short,short,short,short,short,short,short,short,short,short,short,short,neutral,neutral,long,short,neutral,neutral,neutral,long,long,long,long,long,long,long,long,long,long,long,short,short,short,short,short,short,short,short,short,short,short,short,short,short,short,short,short,short,short
4378,2022-06-02 16:00:00,OANDA:GBPUSD,1.2555,1.25626,1.25248,1.25442,27935.0,Interval.in_2_hour,13190400.0,short,short,short,short,short,short,short,short,long,long,long,long,short,short,short,short,short,short,short,long,long,long,long,short,neutral,neutral,neutral,long,long,long,long,long,long,long,long,long,long,short,short,short,short,short,short,short,short,long,long,long,long,long,long,long,long,long,long,short,short
4379,2022-06-02 14:00:00,OANDA:GBPUSD,1.25498,1.25716,1.25373,1.2555,15971.0,Interval.in_2_hour,13183200.0,short,short,short,short,short,short,short,short,short,long,short,long,long,short,short,short,short,short,short,long,neutral,neutral,long,short,long,long,long,long,long,long,long,long,long,long,long,long,short,short,short,short,short,short,short,short,short,short,long,long,long,long,long,long,long,long,long,long,short
4380,2022-06-02 12:00:00,OANDA:GBPUSD,1.25376,1.25522,1.25353,1.25498,9442.0,Interval.in_2_hour,13176000.0,short,short,short,short,short,short,short,short,short,short,long,long,long,long,short,short,short,short,short,long,neutral,neutral,long,short,long,long,long,long,long,long,long,long,long,long,long,short,short,short,short,short,short,short,short,short,short,long,short,long,long,long,long,long,long,long,long,long,long
4381,2022-06-02 10:00:00,OANDA:GBPUSD,1.25183,1.25448,1.25175,1.25376,14504.0,Interval.in_2_hour,13168800.0,long,short,short,short,short,short,short,short,short,short,short,long,long,long,long,long,short,short,short,long,neutral,neutral,long,short,long,long,neutral,long,long,long,long,long,long,short,short,short,short,short,short,short,short,short,short,short,short,long,long,long,long,long,long,long,long,long,long,long,long
4382,2022-06-02 08:00:00,OANDA:GBPUSD,1.24856,1.2519,1.24694,1.25183,9165.0,Interval.in_2_hour,13161600.0,long,long,long,long,short,short,short,short,short,short,short,long,long,long,long,long,long,long,short,long,neutral,neutral,long,short,long,neutral,neutral,long,long,long,long,long,short,short,short,short,short,short,short,short,short,short,short,short,short,long,long,long,long,long,long,long,long,long,long,long,long
4383,2022-06-02 06:00:00,OANDA:GBPUSD,1.24741,1.24872,1.2474,1.24856,5466.0,Interval.in_2_hour,13154400.0,long,long,long,long,long,long,long,long,long,short,long,long,long,long,long,long,long,long,long,long,short,short,long,short,neutral,neutral,neutral,short,short,short,short,short,short,short,short,short,short,short,short,short,short,short,short,short,short,long,long,long,long,long,long,long,long,long,long,long,long
4384,2022-06-02 04:00:00,OANDA:GBPUSD,1.2486,1.24878,1.24712,1.24741,9145.0,Interval.in_2_hour,13147200.0,long,long,long,long,long,long,long,long,long,long,long,long,long,long,long,long,long,long,long,long,neutral,neutral,long,short,neutral,neutral,neutral,short,short,short,short,short,short,short,short,short,short,short,short,short,short,short,short,short,short,long,long,long,long,long,long,long,long,long,long,long,long
4385,2022-06-02 02:00:00,OANDA:GBPUSD,1.24852,1.24916,1.24746,1.2486,5799.0,Interval.in_2_hour,13140000.0,long,long,long,long,long,long,long,long,long,long,long,short,long,long,long,long,long,long,long,long,neutral,neutral,long,short,long,neutral,neutral,long,long,short,short,short,short,short,short,short,short,short,short,short,short,short,short,short,short,short,short,long,long,long,long,long,long,long,long,long,long
4386,2022-06-02 00:00:00,OANDA:GBPUSD,1.24846,1.24881,1.2483,1.24852,2068.0,Interval.in_2_hour,13132800.0,long,long,long,long,long,long,long,long,long,long,long,long,short,long,long,long,long,long,long,long,neutral,neutral,long,short,neutral,neutral,neutral,long,short,short,short,short,short,short,short,short,short,short,short,short,short,short,short,short,short,long,short,long,long,long,long,long,long,long,long,long,long
4387,2022-06-01 22:00:00,OANDA:GBPUSD,1.24932,1.24982,1.24772,1.24846,10210.0,Interval.in_2_hour,13125600.0,long,long,long,long,long,long,long,long,long,long,long,long,long,short,long,long,long,long,long,long,neutral,neutral,long,short,neutral,neutral,neutral,short,short,short,short,short,short,short,short,short,short,short,short,short,short,short,short,short,short,long,long,short,long,long,long,long,long,long,long,long,long
4388,2022-06-01 20:00:00,OANDA:GBPUSD,1.24702,1.25024,1.24694,1.24932,14918.0,Interval.in_2_hour,13118400.0,long,long,long,long,long,long,long,long,long,long,long,long,short,long,short,short,long,long,long,long,short,short,long,short,neutral,neutral,neutral,short,short,short,short,short,short,short,short,short,short,short,short,short,short,short,short,short,short,short,short,short,short,short,long,long,long,long,long,long,long
4389,2022-06-01 18:00:00,OANDA:GBPUSD,1.24966,1.24976,1.24586,1.24702,21253.0,Interval.in_2_hour,13111200.0,long,long,long,long,long,long,long,long,long,long,long,long,long,long,long,long,long,long,long,long,neutral,neutral,long,short,short,neutral,neutral,short,short,short,short,short,short,short,short,short,short,short,short,short,short,short,short,short,short,long,long,long,long,long,long,long,long,long,long,long,long
4390,2022-06-01 16:00:00,OANDA:GBPUSD,1.25876,1.25949,1.24844,1.24966,35680.0,Interval.in_2_hour,13104000.0,long,long,long,long,long,long,long,long,long,long,long,long,long,long,short,long,short,short,long,long,neutral,neutral,long,short,neutral,neutral,neutral,short,short,short,short,short,short,short,short,short,short,short,short,short,short,short,short,short,short,short,short,short,short,short,short,short,long,long,long,long,long
4391,2022-06-01 14:00:00,OANDA:GBPUSD,1.25862,1.25998,1.25594,1.25876,16450.0,Interval.in_2_hour,13096800.0,short,short,short,short,short,short,short,short,short,short,short,short,short,short,short,short,short,short,long,long,neutral,neutral,long,short,long,neutral,neutral,short,short,short,short,short,short,short,short,long,long,short,short,short,short,short,short,short,short,short,short,short,short,short,short,short,short,short,short,short,short
4392,2022-06-01 12:00:00,OANDA:GBPUSD,1.25785,1.26052,1.2572,1.25862,11065.0,Interval.in_2_hour,13089600.0,short,short,short,short,short,short,short,short,short,short,short,short,short,short,short,short,short,short,long,long,neutral,neutral,long,short,neutral,neutral,neutral,short,short,short,short,short,short,short,long,long,short,short,short,short,short,short,short,short,short,long,short,short,short,short,short,short,short,short,short,short,short
4393,2022-06-01 10:00:00,OANDA:GBPUSD,1.25974,1.2612,1.25765,1.25785,19933.0,Interval.in_2_hour,13082400.0,short,short,short,long,short,short,short,long,short,short,short,short,short,short,short,short,short,short,long,long,short,neutral,long,short,neutral,neutral,neutral,short,short,short,short,short,short,long,long,short,short,short,short,short,short,short,short,short,short,long,long,short,short,short,short,short,short,short,short,short,short
4394,2022-06-01 08:00:00,OANDA:GBPUSD,1.25828,1.25998,1.25752,1.25974,13727.0,Interval.in_2_hour,13075200.0,short,short,short,short,short,short,short,short,short,short,short,short,short,short,short,short,short,short,long,long,neutral,neutral,long,short,neutral,neutral,neutral,short,short,short,short,short,long,long,short,short,short,short,short,short,short,short,short,short,short,short,short,short,short,short,short,short,short,short,short,short,short
4395,2022-06-01 06:00:00,OANDA:GBPUSD,1.25975,1.26004,1.25755,1.25828,8323.0,Interval.in_2_hour,13068000.0,short,short,short,short,short,short,short,short,short,short,short,short,short,short,short,short,short,short,long,long,neutral,neutral,long,short,short,short,neutral,short,short,short,short,long,long,short,short,short,short,short,short,short,short,short,short,short,short,long,short,long,long,short,short,short,short,short,short,short,short
4396,2022-06-01 04:00:00,OANDA:GBPUSD,1.26096,1.26096,1.25906,1.25975,11420.0,Interval.in_2_hour,13060800.0,short,short,short,short,short,short,short,short,short,short,short,short,short,short,short,short,short,short,long,long,neutral,neutral,long,short,short,neutral,neutral,short,short,short,long,long,long,short,short,short,short,short,short,short,short,short,short,short,short,short,short,short,short,short,short,short,short,short,short,short,short
4397,2022-06-01 02:00:00,OANDA:GBPUSD,1.26105,1.26168,1.26054,1.26096,6029.0,Interval.in_2_hour,13053600.0,short,short,short,short,short,short,short,short,short,short,short,short,short,short,short,short,short,short,long,long,neutral,neutral,long,short,neutral,neutral,neutral,short,short,long,long,long,long,long,short,short,short,short,short,short,short,short,short,short,short,short,short,short,short,short,short,short,short,short,short,short,short
4398,2022-06-01 00:00:00,OANDA:GBPUSD,1.26019,1.26105,1.25997,1.26105,1358.0,Interval.in_2_hour,13046400.0,short,short,short,short,short,short,short,short,short,short,short,short,short,short,short,short,short,short,long,long,neutral,neutral,long,short,neutral,neutral,neutral,short,long,long,long,long,long,short,short,short,short,short,short,short,short,short,short,short,short,short,short,short,short,short,short,short,short,short,short,short,short
4399,2022-05-31 22:00:00,OANDA:GBPUSD,1.26056,1.2612,1.25986,1.26019,7517.0,Interval.in_2_hour,13039200.0,short,short,short,short,short,short,short,short,short,short,short,short,short,short,short,short,short,short,long,long,neutral,neutral,long,short,short,neutral,neutral,long,long,long,short,short,short,short,short,short,short,short,short,short,short,short,short,short,short,long,long,short,short,short,short,short,short,short,short,short,short
4400,2022-05-31 20:00:00,OANDA:GBPUSD,1.26198,1.2624,1.26035,1.26056,12714.0,Interval.in_2_hour,13032000.0,short,short,short,short,short,short,short,short,short,short,short,short,short,short,short,short,short,short,long,long,neutral,neutral,long,short,neutral,neutral,neutral,long,long,long,long,short,short,short,short,short,short,short,short,short,short,short,short,short,short,short,long,long,short,short,short,short,short,short,short,short,short
4401,2022-05-31 18:00:00,OANDA:GBPUSD,1.26003,1.26304,1.25956,1.26198,23114.0,Interval.in_2_hour,13024800.0,short,short,short,short,short,short,short,short,short,short,short,short,short,short,short,short,short,short,long,long,neutral,neutral,long,short,long,neutral,neutral,long,long,long,short,short,short,short,short,short,short,short,short,short,short,short,short,short,short,short,short,short,short,short,short,short,short,short,short,short,short
4402,2022-05-31 16:00:00,OANDA:GBPUSD,1.25624,1.2613,1.25624,1.26003,37348.0,Interval.in_2_hour,13017600.0,short,short,short,short,short,short,short,short,short,short,short,short,short,short,short,short,short,short,long,long,neutral,neutral,long,short,neutral,neutral,neutral,short,short,short,short,short,short,short,short,short,short,short,short,short,short,short,short,short,short,long,long,long,long,long,short,short,short,short,short,short,short
4403,2022-05-31 14:00:00,OANDA:GBPUSD,1.25919,1.25967,1.25604,1.25624,20780.0,Interval.in_2_hour,13010400.0,short,short,short,short,short,short,short,short,short,short,short,short,short,long,long,long,long,long,long,long,short,short,long,short,short,neutral,neutral,short,short,short,short,short,short,short,short,short,short,short,short,short,short,short,short,short,short,long,long,long,long,long,long,long,long,long,long,long,long
4404,2022-05-31 12:00:00,OANDA:GBPUSD,1.26124,1.26188,1.25819,1.25919,19549.0,Interval.in_2_hour,13003200.0,short,short,short,short,short,short,short,short,short,short,short,short,short,short,short,short,short,short,long,long,neutral,neutral,long,short,neutral,neutral,neutral,short,short,short,short,short,short,short,short,short,short,short,short,short,short,short,short,short,short,short,long,long,long,long,long,long,long,short,long,short,short
4405,2022-05-31 10:00:00,OANDA:GBPUSD,1.25968,1.26314,1.25964,1.26124,16262.0,Interval.in_2_hour,12996000.0,short,short,short,short,short,short,short,short,short,short,short,short,short,short,short,short,short,short,long,long,short,short,long,short,neutral,neutral,neutral,short,short,short,short,short,short,short,short,short,short,short,short,short,short,short,short,short,short,short,short,short,long,short,short,short,short,short,short,short,short
4406,2022-05-31 08:00:00,OANDA:GBPUSD,1.26126,1.26221,1.25911,1.25968,13254.0,Interval.in_2_hour,12988800.0,short,short,short,short,short,short,short,short,short,short,short,short,short,short,short,short,short,short,long,long,neutral,neutral,long,short,short,neutral,neutral,short,short,short,short,short,short,short,short,short,short,short,short,short,short,short,short,short,short,long,short,short,long,long,long,long,long,long,long,short,long
4407,2022-05-31 06:00:00,OANDA:GBPUSD,1.26184,1.26214,1.26036,1.26126,9671.0,Interval.in_2_hour,12981600.0,short,short,short,short,short,short,short,short,short,short,short,short,short,short,short,short,short,short,long,long,neutral,neutral,long,short,neutral,neutral,neutral,short,short,short,short,short,short,short,short,short,short,short,short,short,short,short,long,short,long,short,short,short,short,short,long,short,short,short,short,short,short
4408,2022-05-31 04:00:00,OANDA:GBPUSD,1.26124,1.26296,1.25984,1.26184,17183.0,Interval.in_2_hour,12974400.0,short,short,short,short,short,short,short,short,short,short,short,short,short,short,short,short,short,short,long,long,neutral,neutral,long,short,neutral,neutral,neutral,short,short,short,short,short,short,short,short,short,short,short,short,short,short,long,short,long,long,short,short,short,short,short,short,long,short,short,short,short,short
4409,2022-05-31 02:00:00,OANDA:GBPUSD,1.26489,1.26496,1.26102,1.26124,12953.0,Interval.in_2_hour,12967200.0,short,short,short,short,short,short,short,short,short,short,short,short,short,short,short,short,short,short,long,long,neutral,neutral,long,short,short,short,neutral,short,short,short,short,short,short,short,short,short,long,long,long,long,long,long,long,long,long,long,long,short,long,short,short,short,long,short,short,short,short
4410,2022-05-31 00:00:00,OANDA:GBPUSD,1.26552,1.26558,1.26482,1.26489,4762.0,Interval.in_2_hour,12960000.0,short,short,short,short,short,short,short,short,short,short,short,short,short,short,short,short,short,short,long,long,long,neutral,long,short,short,neutral,neutral,long,long,long,long,long,long,long,long,long,long,long,long,long,long,long,long,long,long,short,short,short,short,short,short,short,short,short,short,short,short
4411,2022-05-30 22:00:00,OANDA:GBPUSD,1.26576,1.26584,1.26532,1.26552,3834.0,Interval.in_2_hour,12952800.0,short,short,short,short,short,short,short,short,short,short,short,short,short,short,short,short,short,short,long,long,neutral,neutral,long,short,neutral,neutral,neutral,long,long,long,long,long,long,long,long,long,long,long,long,long,long,long,long,long,long,short,short,short,short,short,short,short,short,short,short,short,short
4412,2022-05-30 20:00:00,OANDA:GBPUSD,1.26546,1.2659,1.2653,1.26576,6248.0,Interval.in_2_hour,12945600.0,short,short,short,short,short,short,short,short,short,short,short,short,short,short,short,short,short,short,long,long,neutral,neutral,long,short,long,long,neutral,long,long,long,long,long,long,long,long,long,long,long,long,long,long,long,long,long,long,short,short,short,short,short,short,short,short,short,short,short,short
4413,2022-05-30 18:00:00,OANDA:GBPUSD,1.26484,1.266,1.26374,1.26546,10157.0,Interval.in_2_hour,12938400.0,short,short,short,short,short,short,short,short,short,short,short,short,short,short,short,short,short,short,long,long,neutral,neutral,long,short,long,neutral,neutral,long,long,long,long,long,long,long,long,long,long,long,long,long,long,long,short,long,long,long,long,short,short,short,short,short,short,short,short,short,short
4414,2022-05-30 16:00:00,OANDA:GBPUSD,1.26318,1.26502,1.26313,1.26484,12852.0,Interval.in_2_hour,12931200.0,short,short,short,short,short,short,short,short,short,short,short,short,short,short,short,short,short,short,long,long,neutral,neutral,long,short,neutral,neutral,neutral,long,short,short,long,long,long,long,long,long,long,long,long,long,long,short,long,long,long,long,long,long,long,short,short,short,short,short,short,short,short
4415,2022-05-30 14:00:00,OANDA:GBPUSD,1.26426,1.26528,1.2625,1.26318,13427.0,Interval.in_2_hour,12924000.0,short,short,short,short,short,short,short,short,short,short,short,short,short,short,short,short,short,short,long,long,neutral,neutral,long,short,neutral,neutral,neutral,short,short,long,long,long,long,long,long,long,long,long,long,long,short,short,long,long,long,long,long,long,long,long,short,short,short,short,short,short,short
4416,2022-05-30 12:00:00,OANDA:GBPUSD,1.26296,1.26554,1.26296,1.26426,11423.0,Interval.in_2_hour,12916800.0,short,short,short,short,short,short,short,short,short,short,short,short,short,short,short,short,short,short,long,long,neutral,neutral,long,short,neutral,neutral,neutral,short,short,long,long,long,long,long,long,long,long,long,short,short,short,long,long,long,long,short,long,long,long,long,long,short,short,short,short,short,short
4417,2022-05-30 10:00:00,OANDA:GBPUSD,1.26398,1.2648,1.26166,1.26296,17534.0,Interval.in_2_hour,12909600.0,short,short,short,short,short,short,short,short,short,short,short,short,short,short,short,short,short,short,long,long,neutral,neutral,long,short,short,neutral,neutral,short,long,long,long,long,long,long,long,long,long,short,short,short,long,long,long,long,long,long,long,long,long,long,long,long,short,short,short,short,short
4418,2022-05-30 08:00:00,OANDA:GBPUSD,1.26466,1.26512,1.26341,1.26398,12903.0,Interval.in_2_hour,12902400.0,short,short,short,short,short,short,short,short,short,short,short,short,short,short,short,short,short,short,long,long,long,long,long,short,neutral,neutral,neutral,long,long,long,long,long,long,long,long,long,long,short,long,long,long,long,long,long,long,short,long,short,long,long,long,long,long,short,short,short,short
4419,2022-05-30 06:00:00,OANDA:GBPUSD,1.26457,1.26517,1.26366,1.26466,7658.0,Interval.in_2_hour,12895200.0,short,short,short,short,short,short,short,short,short,short,short,short,short,short,short,short,short,short,long,long,neutral,neutral,long,short,long,neutral,neutral,long,long,long,long,long,long,long,long,long,short,long,long,long,long,long,long,long,long,short,short,short,short,long,long,long,long,long,short,short,short
4420,2022-05-30 04:00:00,OANDA:GBPUSD,1.26282,1.2658,1.26214,1.26457,10398.0,Interval.in_2_hour,12888000.0,short,short,short,short,short,short,short,short,short,short,short,short,short,short,short,short,short,short,long,short,neutral,neutral,long,short,neutral,neutral,neutral,long,long,long,long,long,long,long,long,short,short,long,long,long,long,long,long,long,long,long,short,short,short,short,long,long,long,long,long,short,short
4421,2022-05-30 02:00:00,OANDA:GBPUSD,1.26296,1.26314,1.26231,1.26282,7116.0,Interval.in_2_hour,12880800.0,short,short,short,short,short,short,short,short,short,short,short,short,short,short,short,short,short,short,long,short,neutral,neutral,long,short,short,neutral,neutral,long,long,long,long,long,long,short,short,short,long,long,long,long,long,long,long,long,long,long,long,long,long,long,long,long,long,long,long,long,short
4422,2022-05-30 00:00:00,OANDA:GBPUSD,1.26316,1.26363,1.26198,1.26296,1479.0,Interval.in_2_hour,12873600.0,short,short,short,short,short,short,short,short,short,short,short,short,short,short,short,short,short,short,long,short,neutral,neutral,long,short,neutral,neutral,neutral,long,long,long,long,long,short,short,short,long,long,long,long,long,long,long,long,long,long,short,long,long,long,long,long,long,long,long,long,long,long
4423,2022-05-27 22:00:00,OANDA:GBPUSD,1.26258,1.26336,1.26222,1.26316,6177.0,Interval.in_2_hour,12693600.0,long,short,short,short,short,short,short,short,short,short,short,short,short,short,short,short,short,short,long,short,neutral,neutral,long,short,long,neutral,neutral,long,long,long,long,short,short,short,long,long,long,long,long,long,long,long,long,long,long,short,short,long,long,long,short,long,long,long,long,long,long
4424,2022-05-27 20:00:00,OANDA:GBPUSD,1.2607,1.26264,1.26027,1.26258,7969.0,Interval.in_2_hour,12686400.0,long,long,short,short,short,short,short,short,short,short,short,short,short,short,short,short,short,short,long,short,neutral,neutral,long,short,neutral,neutral,neutral,long,long,short,short,short,short,long,long,long,long,long,long,long,long,long,long,long,long,long,long,long,long,long,long,long,long,long,long,long,long
4425,2022-05-27 18:00:00,OANDA:GBPUSD,1.26145,1.26173,1.25972,1.2607,14931.0,Interval.in_2_hour,12679200.0,long,long,long,long,long,long,short,long,short,short,short,long,short,short,long,long,short,short,long,short,neutral,neutral,long,short,short,neutral,neutral,long,short,short,short,short,short,long,long,long,long,long,long,long,long,long,long,long,long,long,long,long,long,long,long,long,long,long,long,long,long
4426,2022-05-27 16:00:00,OANDA:GBPUSD,1.26248,1.26542,1.26144,1.26145,23971.0,Interval.in_2_hour,12672000.0,long,long,long,long,short,long,short,short,short,short,short,short,long,short,short,short,short,short,long,short,long,long,long,short,neutral,neutral,neutral,long,short,short,short,long,long,long,long,long,long,long,long,long,long,long,long,long,long,short,long,long,long,long,long,long,long,long,long,long,long
4427,2022-05-27 14:00:00,OANDA:GBPUSD,1.25926,1.26442,1.25902,1.26248,20149.0,Interval.in_2_hour,12664800.0,long,long,long,long,long,short,short,short,short,short,short,short,short,short,short,short,short,short,long,short,short,short,long,short,neutral,neutral,neutral,short,short,short,short,long,long,long,long,long,long,long,long,long,long,long,long,long,long,short,short,long,long,long,long,long,long,long,long,long,long
4428,2022-05-27 12:00:00,OANDA:GBPUSD,1.2618,1.26204,1.25858,1.25926,13985.0,Interval.in_2_hour,12657600.0,long,long,long,long,long,long,long,long,long,long,long,short,short,long,long,long,long,long,long,short,neutral,neutral,long,short,short,short,short,short,short,short,short,long,long,long,long,long,long,long,long,long,long,long,long,long,long,long,long,long,long,long,long,long,long,long,long,long,long
4429,2022-05-27 10:00:00,OANDA:GBPUSD,1.26195,1.26366,1.26079,1.2618,20286.0,Interval.in_2_hour,12650400.0,long,long,long,long,long,long,long,short,long,short,short,short,short,short,short,long,short,short,long,short,neutral,neutral,long,short,short,short,neutral,short,long,long,long,long,long,long,long,long,long,long,long,long,long,long,long,long,long,short,long,short,short,long,long,long,long,long,long,long,long
4430,2022-05-27 08:00:00,OANDA:GBPUSD,1.26528,1.26528,1.26132,1.26195,11686.0,Interval.in_2_hour,12643200.0,long,long,long,long,long,long,long,long,short,short,short,short,short,short,short,short,long,short,long,short,long,long,long,short,short,neutral,neutral,long,long,long,long,long,long,long,long,long,long,long,long,long,long,long,long,long,long,short,short,long,short,short,long,long,long,long,long,long,long
4431,2022-05-27 06:00:00,OANDA:GBPUSD,1.26546,1.26594,1.26464,1.26528,7787.0,Interval.in_2_hour,12636000.0,short,short,short,short,short,long,long,long,short,short,short,short,short,short,short,short,short,short,long,short,neutral,neutral,long,short,neutral,neutral,neutral,long,long,long,long,long,long,long,long,long,long,long,long,long,long,long,long,long,long,short,short,short,short,short,short,short,short,short,short,short,short
4432,2022-05-27 04:00:00,OANDA:GBPUSD,1.2622,1.2667,1.26156,1.26546,15498.0,Interval.in_2_hour,12628800.0,short,short,short,short,short,short,long,long,long,short,short,short,short,short,short,short,short,short,long,short,neutral,neutral,long,short,long,neutral,neutral,long,long,long,long,long,long,long,long,long,long,long,long,long,long,long,long,long,long,short,short,short,short,short,short,short,short,short,short,short,short
4433,2022-05-27 02:00:00,OANDA:GBPUSD,1.2605,1.26262,1.2605,1.2622,6303.0,Interval.in_2_hour,12621600.0,long,long,long,long,long,long,long,long,long,long,long,short,short,short,short,short,short,short,long,long,neutral,neutral,long,short,neutral,neutral,neutral,long,long,long,long,long,long,long,long,long,long,long,long,long,long,long,long,long,long,long,long,short,short,short,long,short,short,long,long,long,long
4434,2022-05-27 00:00:00,OANDA:GBPUSD,1.26084,1.26084,1.2586,1.2605,5291.0,Interval.in_2_hour,12614400.0,long,long,long,long,long,long,long,long,long,long,long,long,long,long,long,short,long,short,long,long,long,neutral,long,short,neutral,neutral,neutral,long,long,long,long,long,long,long,long,long,long,long,long,long,long,long,long,long,long,long,long,long,long,long,short,long,long,long,long,long,long
4435,2022-05-26 22:00:00,OANDA:GBPUSD,1.25948,1.26088,1.25896,1.26084,7170.0,Interval.in_2_hour,12607200.0,long,long,long,long,long,long,long,long,long,long,long,long,long,long,long,long,short,long,long,long,neutral,neutral,long,short,long,long,long,long,long,long,long,long,long,long,long,long,long,long,long,long,long,long,long,long,long,short,long,long,long,long,long,short,long,long,short,long,long
4436,2022-05-26 20:00:00,OANDA:GBPUSD,1.2575,1.25988,1.25684,1.25948,9396.0,Interval.in_2_hour,12600000.0,long,long,long,long,long,long,long,long,long,long,long,long,long,long,long,long,long,long,long,long,neutral,neutral,long,short,long,long,neutral,short,short,long,long,long,short,short,short,long,long,long,long,long,long,long,long,long,long,long,long,long,long,long,long,long,short,long,long,long,long
4437,2022-05-26 18:00:00,OANDA:GBPUSD,1.25733,1.25877,1.25704,1.2575,15628.0,Interval.in_2_hour,12592800.0,long,long,long,long,long,long,long,long,long,long,long,long,long,long,long,long,long,long,long,short,neutral,neutral,long,short,long,neutral,neutral,short,long,long,short,short,short,short,short,long,long,long,long,long,long,long,long,long,long,long,long,long,long,long,long,long,long,long,long,long,long
4438,2022-05-26 16:00:00,OANDA:GBPUSD,1.25639,1.2587,1.2553,1.25733,26017.0,Interval.in_2_hour,12585600.0,long,long,long,long,long,long,long,long,long,long,long,long,long,long,long,long,long,long,long,short,neutral,neutral,long,short,neutral,neutral,neutral,long,long,short,short,short,short,short,long,long,long,long,long,long,long,long,long,long,long,long,long,long,long,long,long,long,long,long,long,long,long
4439,2022-05-26 14:00:00,OANDA:GBPUSD,1.26168,1.26198,1.25594,1.25639,22417.0,Interval.in_2_hour,12578400.0,long,long,long,long,long,long,long,long,long,long,long,long,long,long,long,long,long,long,long,short,neutral,neutral,long,short,neutral,neutral,neutral,long,long,short,short,long,long,long,long,long,long,long,long,long,long,long,long,long,long,long,long,long,long,long,long,long,long,long,long,long,long
4440,2022-05-26 12:00:00,OANDA:GBPUSD,1.25641,1.26209,1.25582,1.26168,17696.0,Interval.in_2_hour,12571200.0,long,short,short,long,long,long,long,long,long,long,long,long,long,long,long,long,long,long,long,short,neutral,neutral,long,short,long,neutral,neutral,long,short,short,long,long,long,long,long,long,long,long,long,long,long,long,long,long,long,short,short,short,short,short,short,long,long,long,long,long,short
4441,2022-05-26 10:00:00,OANDA:GBPUSD,1.25634,1.25981,1.2555,1.25641,20075.0,Interval.in_2_hour,12564000.0,long,long,long,long,long,long,long,long,long,long,long,long,long,long,long,long,long,long,long,short,short,neutral,long,short,neutral,neutral,neutral,short,short,short,short,long,long,long,long,long,long,long,long,long,long,long,long,long,long,long,short,long,long,long,long,long,long,long,long,long,long
4442,2022-05-26 08:00:00,OANDA:GBPUSD,1.25686,1.25706,1.25519,1.25634,13525.0,Interval.in_2_hour,12556800.0,long,long,long,long,long,long,long,long,long,long,long,long,long,long,long,long,long,long,long,short,neutral,neutral,long,short,short,short,neutral,short,short,short,long,long,long,long,long,long,long,long,long,long,long,long,long,long,long,long,long,long,long,long,long,long,long,long,long,long,long
4443,2022-05-26 06:00:00,OANDA:GBPUSD,1.25875,1.25894,1.25648,1.25686,9817.0,Interval.in_2_hour,12549600.0,long,long,long,long,long,long,long,long,long,long,long,long,long,long,long,long,long,long,long,short,neutral,neutral,long,short,short,neutral,neutral,short,short,long,long,long,long,long,long,long,long,long,long,long,long,long,long,long,long,short,short,long,short,long,long,long,long,long,long,long,long
4444,2022-05-26 04:00:00,OANDA:GBPUSD,1.26049,1.26092,1.25806,1.25875,12673.0,Interval.in_2_hour,12542400.0,long,long,long,long,long,long,long,long,long,long,long,long,long,long,long,long,long,long,long,short,neutral,neutral,long,short,neutral,neutral,neutral,long,long,long,long,long,long,long,long,long,long,long,long,long,long,long,long,long,long,short,short,short,long,short,short,short,long,long,long,long,long
4445,2022-05-26 02:00:00,OANDA:GBPUSD,1.25892,1.26125,1.25838,1.26049,9163.0,Interval.in_2_hour,12535200.0,long,long,long,long,short,long,long,long,long,long,long,long,long,long,long,long,long,long,long,short,neutral,neutral,long,short,long,neutral,neutral,long,long,long,long,long,long,long,long,long,long,long,long,long,long,long,long,long,long,short,short,short,short,long,short,short,short,short,long,long,long
4446,2022-05-26 00:00:00,OANDA:GBPUSD,1.25828,1.2591,1.25724,1.25892,2236.0,Interval.in_2_hour,12528000.0,long,long,long,long,long,long,long,long,long,long,long,long,long,long,long,long,long,long,long,long,long,long,long,short,neutral,neutral,neutral,long,long,long,long,long,long,long,long,long,long,long,long,long,long,long,long,long,long,long,short,short,short,short,long,short,short,short,long,long,long
4447,2022-05-25 22:00:00,OANDA:GBPUSD,1.25866,1.2591,1.25743,1.25828,11175.0,Interval.in_2_hour,12520800.0,long,long,long,long,long,long,long,long,long,long,long,long,long,long,long,long,long,long,long,short,neutral,neutral,long,short,neutral,neutral,neutral,long,long,long,long,long,long,long,long,long,long,long,long,long,long,long,long,long,long,long,long,long,short,short,short,long,short,short,short,long,long
4448,2022-05-25 20:00:00,OANDA:GBPUSD,1.25324,1.25892,1.25246,1.25866,29862.0,Interval.in_2_hour,12513600.0,long,long,long,long,long,long,long,long,long,long,long,long,long,long,long,long,long,long,long,short,neutral,neutral,long,short,neutral,neutral,neutral,long,long,long,long,long,long,long,long,long,long,long,long,long,long,long,short,short,long,short,long,long,long,short,short,short,long,short,short,short,long
4449,2022-05-25 18:00:00,OANDA:GBPUSD,1.25434,1.25586,1.25306,1.25324,16547.0,Interval.in_2_hour,12506400.0,long,long,long,long,long,long,long,long,long,long,long,long,long,long,long,long,long,long,long,long,neutral,neutral,long,short,neutral,neutral,neutral,long,long,short,long,long,long,short,long,long,long,long,long,long,long,short,short,short,short,long,long,long,long,long,long,long,long,long,long,long,long
4450,2022-05-25 16:00:00,OANDA:GBPUSD,1.2501,1.25489,1.2493,1.25434,27476.0,Interval.in_2_hour,12499200.0,long,long,long,long,long,long,long,long,long,long,long,long,long,long,long,long,long,long,long,long,short,short,long,short,long,neutral,neutral,short,short,short,short,short,short,short,short,short,long,long,long,short,short,short,short,short,short,short,long,long,long,long,long,long,long,long,long,long,long
4451,2022-05-25 14:00:00,OANDA:GBPUSD,1.24876,1.25062,1.24811,1.2501,21128.0,Interval.in_2_hour,12492000.0,long,long,long,long,long,long,long,long,long,long,long,long,long,long,long,long,long,long,long,long,neutral,neutral,long,short,neutral,neutral,neutral,short,short,short,short,short,short,short,short,short,short,short,short,short,short,short,short,short,short,long,long,long,long,long,long,long,long,long,long,long,long
4452,2022-05-25 12:00:00,OANDA:GBPUSD,1.25234,1.25239,1.24847,1.24876,16638.0,Interval.in_2_hour,12484800.0,long,long,long,long,long,long,long,long,long,long,long,long,long,long,long,long,long,long,long,long,neutral,neutral,long,short,short,neutral,neutral,short,short,short,short,short,short,short,short,long,long,short,short,short,short,short,short,short,short,long,long,long,long,long,long,long,long,long,long,long,long
4453,2022-05-25 10:00:00,OANDA:GBPUSD,1.2552,1.25604,1.25203,1.25234,25540.0,Interval.in_2_hour,12477600.0,long,long,long,long,long,long,long,long,long,long,long,long,long,long,long,long,long,long,long,long,neutral,neutral,long,short,neutral,neutral,neutral,long,long,short,long,long,long,long,long,long,long,short,short,short,short,short,short,short,short,short,short,long,long,long,long,long,long,long,long,long,long
4454,2022-05-25 08:00:00,OANDA:GBPUSD,1.25381,1.25546,1.25271,1.2552,12907.0,Interval.in_2_hour,12470400.0,long,long,long,long,long,long,long,long,long,long,long,long,long,long,long,long,long,long,long,long,neutral,neutral,long,short,long,neutral,neutral,long,long,long,long,long,long,long,long,long,short,short,short,short,short,short,short,short,short,short,short,short,short,short,long,long,long,long,long,long,long
4455,2022-05-25 06:00:00,OANDA:GBPUSD,1.25243,1.25428,1.25202,1.25381,6867.0,Interval.in_2_hour,12463200.0,long,long,long,long,long,long,long,long,long,long,long,long,long,long,long,long,long,long,long,long,neutral,neutral,long,short,neutral,neutral,neutral,short,long,long,long,long,long,long,short,short,short,short,short,short,short,short,short,short,short,long,short,short,short,long,short,long,long,long,long,long,long
4456,2022-05-25 04:00:00,OANDA:GBPUSD,1.25282,1.25359,1.25141,1.25243,15788.0,Interval.in_2_hour,12456000.0,long,long,long,long,long,long,long,long,long,long,long,long,long,long,long,long,long,long,long,long,short,short,long,short,short,neutral,neutral,long,long,short,long,long,long,short,short,short,short,short,short,short,short,short,short,short,short,long,long,short,short,short,long,long,long,long,long,long,long
4457,2022-05-25 02:00:00,OANDA:GBPUSD,1.25436,1.25472,1.2522,1.25282,8238.0,Interval.in_2_hour,12448800.0,long,long,long,long,long,long,long,long,long,long,long,long,long,long,long,long,long,long,long,long,neutral,neutral,long,short,neutral,neutral,neutral,long,long,long,long,long,long,short,short,short,short,short,short,short,short,short,short,short,short,short,long,long,short,short,short,long,long,long,long,long,long
4458,2022-05-25 00:00:00,OANDA:GBPUSD,1.25344,1.25494,1.25307,1.25436,3186.0,Interval.in_2_hour,12441600.0,long,long,long,long,long,long,long,long,long,long,long,long,long,long,long,long,long,long,long,long,neutral,neutral,long,short,long,neutral,neutral,long,long,long,long,long,short,short,short,short,short,short,short,short,short,short,short,short,short,short,short,short,long,short,short,short,short,short,long,long,long
4459,2022-05-24 22:00:00,OANDA:GBPUSD,1.2511,1.25377,1.25104,1.25344,9527.0,Interval.in_2_hour,12434400.0,long,long,long,long,long,long,long,long,long,long,long,long,long,long,long,long,long,long,long,long,neutral,neutral,long,short,neutral,neutral,neutral,long,long,long,short,short,short,short,short,short,short,short,short,short,short,short,short,short,short,long,short,short,long,long,short,short,short,long,short,long,long
4460,2022-05-24 20:00:00,OANDA:GBPUSD,1.25353,1.25438,1.25104,1.2511,16916.0,Interval.in_2_hour,12427200.0,long,long,long,long,long,long,long,long,long,long,long,long,long,long,long,long,long,long,long,long,neutral,neutral,long,short,neutral,neutral,neutral,long,long,short,short,short,short,short,short,short,short,short,short,short,short,short,short,short,short,long,long,long,long,long,long,long,short,short,long,long,long
4461,2022-05-24 18:00:00,OANDA:GBPUSD,1.25238,1.25548,1.25108,1.25353,22629.0,Interval.in_2_hour,12420000.0,long,long,long,long,long,long,long,long,long,long,long,long,long,long,long,long,long,long,long,long,neutral,neutral,long,short,long,neutral,neutral,long,short,short,short,short,short,short,short,short,short,short,short,short,short,short,short,short,long,short,short,long,short,short,long,long,short,short,short,long,short
4462,2022-05-24 16:00:00,OANDA:GBPUSD,1.2492,1.25299,1.24838,1.25238,37293.0,Interval.in_2_hour,12412800.0,long,long,long,long,long,long,long,long,long,long,long,long,long,long,long,long,long,long,long,long,short,short,long,short,neutral,neutral,neutral,short,short,short,short,short,short,short,short,short,short,short,short,short,short,short,short,short,long,long,short,long,long,long,long,long,long,short,short,short,long
4463,2022-05-24 14:00:00,OANDA:GBPUSD,1.25108,1.25177,1.24716,1.2492,19678.0,Interval.in_2_hour,12405600.0,long,long,long,long,long,long,long,long,long,long,long,long,long,long,long,long,long,long,long,long,neutral,neutral,long,short,neutral,neutral,neutral,short,short,short,short,short,short,short,short,short,short,short,short,short,short,short,short,long,long,long,long,long,long,long,long,long,long,long,long,short,long
4464,2022-05-24 12:00:00,OANDA:GBPUSD,1.24866,1.25226,1.24782,1.25108,15501.0,Interval.in_2_hour,12398400.0,short,long,long,long,long,long,long,long,long,long,long,long,long,long,long,long,long,long,long,long,neutral,neutral,long,short,neutral,neutral,neutral,short,short,short,short,short,short,short,short,short,short,short,short,short,short,short,short,long,long,short,long,long,long,long,long,long,long,long,long,long,short
4465,2022-05-24 10:00:00,OANDA:GBPUSD,1.25794,1.25991,1.2475,1.24866,34005.0,Interval.in_2_hour,12391200.0,long,long,long,long,long,long,long,long,long,long,long,long,long,long,long,long,long,long,long,long,long,neutral,long,short,neutral,neutral,neutral,short,short,short,short,short,short,short,short,short,short,short,short,short,long,long,long,long,long,long,long,long,long,long,long,long,long,long,long,long,long
4466,2022-05-24 08:00:00,OANDA:GBPUSD,1.25606,1.25888,1.25605,1.25794,12079.0,Interval.in_2_hour,12384000.0,short,short,short,short,short,long,long,long,long,long,short,short,short,long,short,short,short,long,long,short,neutral,neutral,long,short,long,long,neutral,long,short,short,short,long,long,short,short,short,long,long,long,long,long,long,long,long,long,short,short,short,short,short,short,short,short,short,short,short,short
4467,2022-05-24 06:00:00,OANDA:GBPUSD,1.256,1.25667,1.25568,1.25606,6242.0,Interval.in_2_hour,12376800.0,short,short,short,short,short,short,long,long,long,long,long,long,long,long,long,long,long,long,long,short,neutral,neutral,long,short,long,neutral,neutral,short,short,short,short,short,short,short,short,long,long,long,long,long,long,long,long,long,long,long,short,short,short,short,short,short,short,short,short,short,short
4468,2022-05-24 04:00:00,OANDA:GBPUSD,1.2559,1.25696,1.25475,1.256,10737.0,Interval.in_2_hour,12369600.0,short,short,short,short,short,short,short,long,long,long,long,long,long,long,long,long,long,long,long,short,neutral,neutral,long,short,neutral,neutral,neutral,short,short,short,short,short,short,short,long,long,long,long,long,long,long,long,long,long,long,long,long,short,short,short,short,short,short,short,short,short,short
4469,2022-05-24 02:00:00,OANDA:GBPUSD,1.25784,1.25796,1.25568,1.2559,9489.0,Interval.in_2_hour,12362400.0,short,short,short,short,short,short,short,short,long,long,long,long,long,long,long,long,long,long,long,short,neutral,neutral,long,short,short,neutral,neutral,short,short,short,short,short,short,long,long,long,long,long,long,long,long,long,long,long,long,long,long,long,short,short,short,short,short,short,short,short,short
4470,2022-05-24 00:00:00,OANDA:GBPUSD,1.25879,1.2589,1.25768,1.25784,2269.0,Interval.in_2_hour,12355200.0,short,short,short,short,short,short,short,short,short,long,long,long,long,long,short,short,short,long,long,short,neutral,neutral,long,short,neutral,neutral,neutral,long,long,long,long,long,long,long,long,long,long,long,long,long,long,long,long,long,long,short,short,short,long,short,short,short,short,short,short,short,short
4471,2022-05-23 22:00:00,OANDA:GBPUSD,1.25796,1.25888,1.25682,1.25879,8129.0,Interval.in_2_hour,12348000.0,short,short,short,short,short,short,short,short,short,short,short,short,long,long,short,short,short,short,long,short,neutral,neutral,long,short,long,neutral,neutral,long,long,long,long,long,long,long,long,long,long,long,long,long,long,long,long,long,long,short,short,short,short,short,short,short,short,short,short,short,short
4472,2022-05-23 20:00:00,OANDA:GBPUSD,1.25684,1.25818,1.25584,1.25796,10638.0,Interval.in_2_hour,12340800.0,short,short,short,short,short,short,short,short,short,short,short,long,long,long,long,long,short,short,long,short,neutral,neutral,long,short,neutral,neutral,neutral,short,short,long,long,long,long,long,long,long,long,long,long,long,long,long,long,long,long,long,short,short,short,short,short,short,short,short,short,short,short
4473,2022-05-23 18:00:00,OANDA:GBPUSD,1.25704,1.25846,1.25592,1.25684,16804.0,Interval.in_2_hour,12333600.0,short,short,short,short,short,short,short,short,short,short,short,short,long,long,long,long,long,long,long,short,neutral,neutral,long,short,neutral,neutral,neutral,short,short,long,long,long,long,long,long,long,long,long,long,long,long,long,long,long,long,long,long,long,short,short,short,long,short,short,short,short,short
4474,2022-05-23 16:00:00,OANDA:GBPUSD,1.25676,1.25938,1.25562,1.25704,26598.0,Interval.in_2_hour,12326400.0,short,short,short,short,short,short,short,short,short,short,short,short,short,long,long,long,long,long,long,short,neutral,neutral,long,short,neutral,neutral,neutral,short,long,long,long,long,long,long,long,long,long,long,long,long,long,long,long,long,long,short,long,long,long,short,short,short,long,short,short,short,short
4475,2022-05-23 14:00:00,OANDA:GBPUSD,1.25816,1.2601,1.25634,1.25676,16160.0,Interval.in_2_hour,12319200.0,short,short,short,short,short,short,short,short,short,short,short,short,short,short,long,long,long,long,long,short,neutral,neutral,long,short,neutral,neutral,neutral,long,long,long,long,long,long,long,long,long,long,long,long,long,long,long,long,long,long,long,long,long,long,long,short,short,short,long,short,short,short
4476,2022-05-23 12:00:00,OANDA:GBPUSD,1.25717,1.25932,1.25658,1.25816,20277.0,Interval.in_2_hour,12312000.0,short,short,short,short,short,short,short,short,short,short,short,short,short,short,short,long,long,long,long,short,neutral,neutral,long,short,long,long,long,long,long,long,long,long,long,long,long,long,long,long,long,long,long,long,long,long,long,short,short,short,short,long,short,short,short,short,short,short,short
4477,2022-05-23 10:00:00,OANDA:GBPUSD,1.25691,1.25759,1.25474,1.25717,25225.0,Interval.in_2_hour,12304800.0,short,short,short,short,short,short,short,short,short,short,short,short,short,short,short,short,long,long,long,short,neutral,neutral,long,short,long,long,long,long,long,long,long,long,long,long,long,long,long,long,long,long,long,long,long,long,long,long,short,short,short,long,long,long,short,short,short,long,short
4478,2022-05-23 08:00:00,OANDA:GBPUSD,1.2546,1.25732,1.25412,1.25691,14607.0,Interval.in_2_hour,12297600.0,short,short,short,short,short,short,short,short,short,short,short,short,short,short,short,short,short,long,long,short,neutral,neutral,long,short,long,long,long,long,long,long,long,long,long,long,long,long,long,long,long,long,long,long,long,long,long,long,long,short,long,short,long,long,long,short,short,short,long
4479,2022-05-23 06:00:00,OANDA:GBPUSD,1.25434,1.25534,1.25345,1.2546,6072.0,Interval.in_2_hour,12290400.0,long,short,short,short,short,short,short,short,short,short,short,short,long,short,short,short,short,short,long,short,neutral,neutral,long,short,long,long,long,long,long,long,long,long,long,long,long,long,long,long,long,long,long,long,long,long,long,long,long,long,long,long,long,long,long,long,long,long,long
4480,2022-05-23 04:00:00,OANDA:GBPUSD,1.25263,1.25457,1.25222,1.25434,12057.0,Interval.in_2_hour,12283200.0,long,long,short,short,short,short,short,short,short,long,short,short,short,long,short,short,short,long,long,short,neutral,neutral,long,short,long,long,long,long,long,long,long,long,long,long,long,long,long,long,long,long,long,long,long,long,long,long,long,long,long,long,long,long,long,long,long,long,long
4481,2022-05-23 02:00:00,OANDA:GBPUSD,1.2508,1.253,1.24994,1.25263,11728.0,Interval.in_2_hour,12276000.0,long,long,long,short,short,short,short,long,short,long,long,long,short,long,long,short,short,short,long,short,neutral,neutral,long,short,long,long,neutral,long,long,long,long,long,long,long,long,long,long,long,long,long,long,long,long,long,long,long,long,long,long,long,long,long,long,long,long,long,long
4482,2022-05-23 00:00:00,OANDA:GBPUSD,1.24918,1.25099,1.24795,1.2508,2505.0,Interval.in_2_hour,12268800.0,long,long,long,long,short,long,short,long,long,long,long,long,long,long,long,long,long,short,long,short,neutral,neutral,long,short,long,neutral,neutral,long,long,long,long,long,long,long,long,long,long,long,long,long,long,long,long,long,long,long,long,long,long,long,long,long,long,long,long,long,long
4483,2022-05-20 22:00:00,OANDA:GBPUSD,1.2471,1.2497,1.24698,1.24918,10115.0,Interval.in_2_hour,12088800.0,long,long,long,long,long,short,long,long,long,long,long,long,long,long,long,long,long,long,long,short,neutral,neutral,long,short,neutral,neutral,neutral,long,short,short,short,long,long,long,long,long,short,short,short,long,long,long,long,long,long,long,long,long,long,long,long,long,long,long,long,long,long
4484,2022-05-20 20:00:00,OANDA:GBPUSD,1.24721,1.24758,1.24533,1.2471,19019.0,Interval.in_2_hour,12081600.0,long,long,long,long,long,long,long,long,long,long,long,long,long,long,long,long,long,long,long,short,neutral,neutral,long,short,neutral,neutral,neutral,short,short,short,long,long,long,long,long,short,short,short,long,long,long,long,long,long,long,long,long,long,long,long,long,long,long,long,long,long,long
4485,2022-05-20 18:00:00,OANDA:GBPUSD,1.24662,1.24953,1.24526,1.24721,22581.0,Interval.in_2_hour,12074400.0,long,long,long,long,long,long,long,long,long,long,long,long,long,long,long,long,long,long,long,short,long,neutral,long,short,neutral,neutral,neutral,short,short,long,long,long,long,short,short,short,short,long,long,long,long,long,long,long,long,short,long,long,long,long,long,long,long,long,long,long,long
4486,2022-05-20 16:00:00,OANDA:GBPUSD,1.24784,1.25004,1.24614,1.24662,29477.0,Interval.in_2_hour,12067200.0,long,long,long,long,long,long,long,long,long,long,long,long,long,long,long,long,long,long,long,short,neutral,neutral,long,short,short,short,neutral,short,long,long,long,long,long,short,short,short,long,long,long,long,long,long,long,long,long,long,long,long,long,long,long,long,long,long,long,long,long
4487,2022-05-20 14:00:00,OANDA:GBPUSD,1.24861,1.24864,1.24614,1.24784,17289.0,Interval.in_2_hour,12060000.0,long,long,long,long,long,long,long,long,long,long,long,long,long,long,long,long,long,long,long,short,neutral,neutral,long,short,short,neutral,neutral,long,long,long,long,long,short,short,short,long,long,long,long,long,long,long,long,long,long,short,short,short,long,long,long,long,long,long,long,long,long
4488,2022-05-20 12:00:00,OANDA:GBPUSD,1.24868,1.24908,1.24686,1.24861,14395.0,Interval.in_2_hour,12052800.0,long,long,long,long,long,long,long,long,long,long,long,long,long,long,long,long,long,long,long,short,neutral,neutral,long,short,neutral,neutral,neutral,long,long,long,long,long,short,short,long,long,long,long,long,long,long,long,long,long,long,short,short,short,short,long,long,long,long,long,long,long,long
4489,2022-05-20 10:00:00,OANDA:GBPUSD,1.24763,1.2493,1.24594,1.24868,22372.0,Interval.in_2_hour,12045600.0,long,long,long,long,long,long,long,long,long,long,long,short,long,long,long,long,long,long,long,short,neutral,neutral,long,short,long,long,neutral,long,long,long,short,short,short,long,long,long,long,long,long,long,long,long,long,long,long,short,short,short,short,short,long,long,long,long,long,long,long
4490,2022-05-20 08:00:00,OANDA:GBPUSD,1.24544,1.24968,1.2448,1.24763,17401.0,Interval.in_2_hour,12038400.0,long,long,long,long,long,long,long,long,long,long,long,long,long,long,long,long,long,long,long,short,short,neutral,long,short,long,neutral,neutral,short,short,short,short,short,long,long,long,long,long,long,long,long,long,long,long,long,long,long,long,long,short,short,short,long,long,long,long,long,long
4491,2022-05-20 06:00:00,OANDA:GBPUSD,1.24454,1.24582,1.24418,1.24544,9919.0,Interval.in_2_hour,12031200.0,long,long,long,long,long,long,long,long,long,long,long,long,long,long,long,long,long,long,short,short,neutral,neutral,long,short,neutral,neutral,neutral,short,short,short,short,short,long,long,long,long,long,long,long,long,long,long,long,long,long,long,long,long,long,long,long,long,long,long,long,long,long
4492,2022-05-20 04:00:00,OANDA:GBPUSD,1.24637,1.24696,1.2437,1.24454,16234.0,Interval.in_2_hour,12024000.0,long,long,long,long,long,long,long,long,long,long,long,long,long,long,long,long,long,long,short,short,neutral,neutral,long,short,short,short,short,short,short,short,short,long,long,long,long,long,long,long,long,long,long,long,long,long,long,long,long,long,long,long,long,long,long,long,long,long,long
4493,2022-05-20 02:00:00,OANDA:GBPUSD,1.24678,1.24714,1.2451,1.24637,9976.0,Interval.in_2_hour,12016800.0,long,long,long,long,long,long,long,long,long,long,long,long,long,long,long,long,long,long,short,short,neutral,neutral,long,short,short,short,short,short,short,long,long,long,long,long,long,long,long,long,long,long,long,long,long,long,long,short,short,long,long,long,long,long,long,long,long,long,long
4494,2022-05-20 00:00:00,OANDA:GBPUSD,1.24713,1.24844,1.24586,1.24678,5490.0,Interval.in_2_hour,12009600.0,long,long,long,long,long,long,long,long,long,long,long,long,long,long,long,long,long,long,short,short,neutral,neutral,long,short,short,short,neutral,short,long,long,long,long,long,long,long,long,long,long,long,long,long,long,long,long,long,short,short,short,long,long,long,long,short,long,long,long,long
4495,2022-05-19 22:00:00,OANDA:GBPUSD,1.2498,1.25045,1.2471,1.24713,13083.0,Interval.in_2_hour,12002400.0,long,long,long,long,long,long,long,long,long,long,long,long,long,long,long,long,long,long,short,short,long,long,long,short,short,neutral,neutral,long,long,long,long,long,long,long,long,long,long,long,long,long,long,long,long,long,long,short,short,short,short,long,long,long,long,short,long,short,long
4496,2022-05-19 20:00:00,OANDA:GBPUSD,1.24984,1.25122,1.24868,1.2498,24590.0,Interval.in_2_hour,11995200.0,short,long,long,long,long,long,long,long,long,long,long,long,long,long,long,long,long,long,short,short,neutral,neutral,long,short,neutral,neutral,neutral,long,long,long,long,long,long,long,long,long,long,long,long,long,long,long,long,long,long,short,short,short,short,short,short,short,short,short,short,short,short
4497,2022-05-19 18:00:00,OANDA:GBPUSD,1.24926,1.25248,1.2477,1.24984,28273.0,Interval.in_2_hour,11988000.0,short,short,long,long,long,long,long,long,long,long,long,long,long,long,long,long,long,long,short,short,neutral,neutral,long,short,long,long,long,long,long,long,long,long,long,long,long,long,long,long,long,long,long,long,long,long,long,short,short,short,short,short,short,short,short,short,short,short,short
4498,2022-05-19 16:00:00,OANDA:GBPUSD,1.24292,1.25132,1.24264,1.24926,49200.0,Interval.in_2_hour,11980800.0,short,short,short,long,long,long,long,long,long,long,long,long,long,long,long,long,long,long,short,short,short,neutral,long,short,long,long,long,long,long,long,long,long,long,long,long,long,long,long,long,long,long,short,short,short,short,long,long,short,short,short,short,short,short,short,short,short,short
4499,2022-05-19 14:00:00,OANDA:GBPUSD,1.24248,1.24376,1.24066,1.24292,27606.0,Interval.in_2_hour,11973600.0,long,long,long,long,long,long,long,long,long,long,long,long,long,long,long,long,long,long,short,long,neutral,neutral,long,short,long,long,neutral,long,long,long,long,long,long,long,long,long,long,long,long,short,short,short,short,short,short,long,long,long,long,long,long,long,long,long,long,long,long
4500,2022-05-19 12:00:00,OANDA:GBPUSD,1.23918,1.24381,1.23696,1.24248,21374.0,Interval.in_2_hour,11966400.0,long,long,long,long,long,long,long,long,long,long,long,long,long,long,long,long,long,long,,,,,,,,,,,,,,,,,,,,,,,,,,,,long,long,long,long,long,long,long,long,long,long,long,long
4501,2022-05-19 10:00:00,OANDA:GBPUSD,1.23464,1.24077,1.23378,1.23918,28819.0,Interval.in_2_hour,11959200.0,long,long,long,long,long,long,long,long,long,long,long,long,long,long,long,long,long,long,,,,,,,,,,,,,,,,,,,,,,,,,,,,long,long,long,long,long,long,long,long,long,long,long,long
4502,2022-05-19 08:00:00,OANDA:GBPUSD,1.23864,1.23925,1.23424,1.23464,13969.0,Interval.in_2_hour,11952000.0,long,long,long,long,long,long,long,long,long,long,long,long,long,long,long,long,long,long,,,,,,,,,,,,,,,,,,,,,,,,,,,,long,long,long,long,long,long,long,long,long,long,long,long
4503,2022-05-19 06:00:00,OANDA:GBPUSD,1.2369,1.23953,1.2368,1.23864,11032.0,Interval.in_2_hour,11944800.0,long,long,long,long,long,long,long,long,long,long,long,long,long,long,long,long,long,long,,,,,,,,,,,,,,,,,,,,,,,,,,,,short,long,long,long,long,long,long,long,long,long,long,long
4504,2022-05-19 04:00:00,OANDA:GBPUSD,1.23528,1.23711,1.23392,1.2369,13834.0,Interval.in_2_hour,11937600.0,long,long,long,long,long,long,long,long,long,long,long,long,long,long,long,long,long,long,,,,,,,,,,,,,,,,,,,,,,,,,,,,long,short,long,long,long,long,long,long,long,long,long,long
4505,2022-05-19 02:00:00,OANDA:GBPUSD,1.23546,1.23648,1.23394,1.23528,13258.0,Interval.in_2_hour,11930400.0,long,long,long,long,long,long,long,long,long,long,long,long,long,long,long,long,long,long,,,,,,,,,,,,,,,,,,,,,,,,,,,,long,long,short,long,long,long,long,long,long,long,long,long
4506,2022-05-19 00:00:00,OANDA:GBPUSD,1.23406,1.23568,1.23386,1.23546,11221.0,Interval.in_2_hour,11923200.0,long,long,long,long,long,long,long,long,long,long,long,long,long,long,long,long,long,long,,,,,,,,,,,,,,,,,,,,,,,,,,,,short,long,long,short,long,long,long,long,long,long,long,long
4507,2022-05-18 22:00:00,OANDA:GBPUSD,1.23456,1.23532,1.233,1.23406,9442.0,Interval.in_2_hour,11916000.0,long,long,long,long,long,long,long,long,long,long,long,long,long,long,long,long,long,long,,,,,,,,,,,,,,,,,,,,,,,,,,,,long,long,long,long,long,long,long,long,long,long,long,long
4508,2022-05-18 20:00:00,OANDA:GBPUSD,1.23829,1.23839,1.23448,1.23456,15788.0,Interval.in_2_hour,11908800.0,long,long,long,long,long,long,long,long,long,long,long,long,long,long,long,long,long,long,,,,,,,,,,,,,,,,,,,,,,,,,,,,short,long,long,long,long,long,long,long,long,long,long,long
4509,2022-05-18 18:00:00,OANDA:GBPUSD,1.24118,1.24164,1.23733,1.23829,19654.0,Interval.in_2_hour,11901600.0,long,long,long,long,long,long,long,long,long,long,long,long,long,long,long,long,long,long,,,,,,,,,,,,,,,,,,,,,,,,,,,,short,short,short,short,short,long,short,long,long,long,long,long
4510,2022-05-18 16:00:00,OANDA:GBPUSD,1.24194,1.24264,1.23866,1.24118,26566.0,Interval.in_2_hour,11894400.0,long,long,long,long,long,long,long,long,long,long,long,long,long,long,long,long,long,long,,,,,,,,,,,,,,,,,,,,,,,,,,,,short,short,short,short,short,short,short,short,short,long,long,long
4511,2022-05-18 14:00:00,OANDA:GBPUSD,1.23984,1.2436,1.2397,1.24194,16635.0,Interval.in_2_hour,11887200.0,long,long,long,long,long,long,long,long,long,long,long,long,long,long,long,long,long,long,,,,,,,,,,,,,,,,,,,,,,,,,,,,short,short,short,short,short,short,short,short,short,short,long,long
4512,2022-05-18 12:00:00,OANDA:GBPUSD,1.23745,1.24246,1.23742,1.23984,13151.0,Interval.in_2_hour,11880000.0,long,long,long,long,long,long,long,long,long,long,long,long,long,long,long,long,long,long,,,,,,,,,,,,,,,,,,,,,,,,,,,,long,long,short,short,short,short,short,short,short,short,short,long
4513,2022-05-18 10:00:00,OANDA:GBPUSD,1.24418,1.24446,1.2372,1.23745,20646.0,Interval.in_2_hour,11872800.0,long,long,long,long,long,long,long,long,long,long,long,long,long,long,long,long,long,long,,,,,,,,,,,,,,,,,,,,,,,,,,,,long,long,long,long,short,short,short,short,short,long,short,long
4514,2022-05-18 08:00:00,OANDA:GBPUSD,1.24722,1.24969,1.24363,1.24418,15182.0,Interval.in_2_hour,11865600.0,short,short,short,long,long,long,long,long,long,long,long,long,long,long,long,long,long,long,,,,,,,,,,,,,,,,,,,,,,,,,,,,short,short,short,short,short,short,short,short,short,short,short,short
4515,2022-05-18 06:00:00,OANDA:GBPUSD,1.24754,1.24791,1.24632,1.24722,8337.0,Interval.in_2_hour,11858400.0,short,short,short,short,long,long,long,short,short,short,short,short,long,long,long,long,short,short,,,,,,,,,,,,,,,,,,,,,,,,,,,,short,short,short,short,short,short,short,short,short,short,short,short
4516,2022-05-18 04:00:00,OANDA:GBPUSD,1.24888,1.24934,1.24726,1.24754,11834.0,Interval.in_2_hour,11851200.0,short,short,short,short,short,long,long,long,short,short,short,short,short,long,long,long,long,short,,,,,,,,,,,,,,,,,,,,,,,,,,,,short,short,short,short,short,short,short,short,short,short,short,short
4517,2022-05-18 02:00:00,OANDA:GBPUSD,1.24915,1.25013,1.24851,1.24888,9319.0,Interval.in_2_hour,11844000.0,short,short,short,short,short,short,long,long,long,short,short,short,short,short,short,short,short,short,,,,,,,,,,,,,,,,,,,,,,,,,,,,short,short,short,short,short,short,short,short,short,short,short,short
4518,2022-05-18 00:00:00,OANDA:GBPUSD,1.2493,1.2497,1.24866,1.24915,4925.0,Interval.in_2_hour,11836800.0,short,short,short,short,short,short,short,long,long,long,short,short,short,short,short,short,short,short,,,,,,,,,,,,,,,,,,,,,,,,,,,,short,short,short,short,short,short,short,short,short,short,short,short
4519,2022-05-17 22:00:00,OANDA:GBPUSD,1.24808,1.24942,1.24717,1.2493,11452.0,Interval.in_2_hour,11829600.0,short,short,short,short,short,short,short,short,short,long,long,short,short,short,short,short,short,short,,,,,,,,,,,,,,,,,,,,,,,,,,,,short,short,short,short,short,short,short,short,short,short,short,short
4520,2022-05-17 20:00:00,OANDA:GBPUSD,1.24806,1.2494,1.24527,1.24808,33211.0,Interval.in_2_hour,11822400.0,short,short,short,short,short,short,short,short,short,long,long,long,short,short,short,short,short,short,,,,,,,,,,,,,,,,,,,,,,,,,,,,long,long,long,short,short,short,short,short,short,short,short,short
4521,2022-05-17 18:00:00,OANDA:GBPUSD,1.24698,1.2485,1.24587,1.24806,15296.0,Interval.in_2_hour,11815200.0,short,short,short,short,short,short,short,short,short,short,long,long,long,short,short,short,short,short,,,,,,,,,,,,,,,,,,,,,,,,,,,,long,long,long,long,short,short,short,short,short,short,short,short
4522,2022-05-17 16:00:00,OANDA:GBPUSD,1.24883,1.24896,1.24495,1.24698,27979.0,Interval.in_2_hour,11808000.0,short,short,short,short,short,short,short,short,short,short,short,long,long,long,long,short,short,short,,,,,,,,,,,,,,,,,,,,,,,,,,,,long,long,long,long,long,long,long,short,short,short,short,short
4523,2022-05-17 14:00:00,OANDA:GBPUSD,1.24654,1.2499,1.24582,1.24883,28557.0,Interval.in_2_hour,11800800.0,short,short,short,short,short,short,short,short,short,short,short,short,long,long,long,short,short,short,,,,,,,,,,,,,,,,,,,,,,,,,,,,short,short,short,long,long,long,short,short,short,short,short,short
4524,2022-05-17 12:00:00,OANDA:GBPUSD,1.24762,1.24882,1.24424,1.24654,25626.0,Interval.in_2_hour,11793600.0,short,short,short,short,short,short,short,short,short,short,short,short,short,long,long,long,long,long,,,,,,,,,,,,,,,,,,,,,,,,,,,,long,long,long,long,long,long,long,long,long,short,short,short
4525,2022-05-17 10:00:00,OANDA:GBPUSD,1.2385,1.24834,1.23768,1.24762,26718.0,Interval.in_2_hour,11786400.0,short,short,short,short,short,short,short,short,short,short,short,short,short,short,long,long,long,short,,,,,,,,,,,,,,,,,,,,,,,,,,,,short,long,short,long,long,long,long,long,short,short,short,short
4526,2022-05-17 08:00:00,OANDA:GBPUSD,1.2343,1.239,1.23351,1.2385,14392.0,Interval.in_2_hour,11779200.0,short,long,long,long,short,short,short,short,short,short,long,short,long,long,long,long,long,long,,,,,,,,,,,,,,,,,,,,,,,,,,,,long,long,long,long,long,long,long,long,long,long,long,long
4527,2022-05-17 06:00:00,OANDA:GBPUSD,1.23332,1.23471,1.23279,1.2343,6912.0,Interval.in_2_hour,11772000.0,long,long,long,long,long,long,long,short,long,long,long,long,long,long,long,long,long,long,,,,,,,,,,,,,,,,,,,,,,,,,,,,long,long,long,long,long,long,long,long,long,long,long,long
4528,2022-05-17 04:00:00,OANDA:GBPUSD,1.23294,1.23449,1.23206,1.23332,11306.0,Interval.in_2_hour,11764800.0,long,long,long,long,long,long,long,long,long,long,long,long,long,long,long,long,long,long,,,,,,,,,,,,,,,,,,,,,,,,,,,,long,long,long,long,long,long,long,long,long,long,long,long
4529,2022-05-17 02:00:00,OANDA:GBPUSD,1.23238,1.23374,1.23217,1.23294,9651.0,Interval.in_2_hour,11757600.0,long,long,long,long,long,long,long,long,long,long,long,long,long,long,long,long,long,long,,,,,,,,,,,,,,,,,,,,,,,,,,,,long,long,long,long,long,long,long,long,long,long,long,long
4530,2022-05-17 00:00:00,OANDA:GBPUSD,1.23218,1.23281,1.2317,1.23238,2514.0,Interval.in_2_hour,11750400.0,long,long,long,long,long,long,long,long,long,long,long,long,long,long,long,long,long,long,,,,,,,,,,,,,,,,,,,,,,,,,,,,long,long,long,long,long,long,long,long,long,long,long,long
4531,2022-05-16 22:00:00,OANDA:GBPUSD,1.23188,1.23296,1.23144,1.23218,9051.0,Interval.in_2_hour,11743200.0,long,long,long,long,long,long,long,long,long,long,long,long,long,long,long,long,long,long,,,,,,,,,,,,,,,,,,,,,,,,,,,,long,long,long,long,long,long,long,long,long,long,long,long
4532,2022-05-16 20:00:00,OANDA:GBPUSD,1.22758,1.23204,1.22738,1.23188,12878.0,Interval.in_2_hour,11736000.0,long,long,long,long,long,long,long,long,long,long,long,long,long,long,long,long,long,long,,,,,,,,,,,,,,,,,,,,,,,,,,,,long,long,long,long,long,long,long,long,long,long,long,long
4533,2022-05-16 18:00:00,OANDA:GBPUSD,1.22518,1.22815,1.22363,1.22758,17485.0,Interval.in_2_hour,11728800.0,long,long,long,long,long,long,long,long,long,long,long,long,long,long,long,long,long,long,,,,,,,,,,,,,,,,,,,,,,,,,,,,long,long,long,long,long,long,long,long,long,long,long,long
4534,2022-05-16 16:00:00,OANDA:GBPUSD,1.22541,1.22744,1.22381,1.22518,27137.0,Interval.in_2_hour,11721600.0,long,long,long,long,long,long,long,long,long,long,long,long,long,long,long,long,long,long,,,,,,,,,,,,,,,,,,,,,,,,,,,,long,long,long,long,long,long,long,long,long,long,long,long
4535,2022-05-16 14:00:00,OANDA:GBPUSD,1.22658,1.22706,1.22445,1.22541,15514.0,Interval.in_2_hour,11714400.0,long,long,long,long,long,long,long,long,long,long,long,long,long,long,long,long,long,long,,,,,,,,,,,,,,,,,,,,,,,,,,,,short,long,long,long,long,long,long,long,long,long,long,long
4536,2022-05-16 12:00:00,OANDA:GBPUSD,1.2236,1.22704,1.22192,1.22658,15766.0,Interval.in_2_hour,11707200.0,long,long,long,long,long,long,long,long,long,long,long,long,long,long,long,long,long,long,,,,,,,,,,,,,,,,,,,,,,,,,,,,short,short,long,long,long,long,long,long,long,long,long,long
4537,2022-05-16 10:00:00,OANDA:GBPUSD,1.2226,1.22532,1.2217,1.2236,24058.0,Interval.in_2_hour,11700000.0,long,long,long,long,long,long,long,long,long,long,long,long,long,long,long,long,long,long,,,,,,,,,,,,,,,,,,,,,,,,,,,,long,long,long,long,long,long,long,long,long,long,long,long
4538,2022-05-16 08:00:00,OANDA:GBPUSD,1.22408,1.22538,1.22193,1.2226,13562.0,Interval.in_2_hour,11692800.0,long,long,long,long,long,long,long,long,long,long,long,long,long,long,long,long,long,long,,,,,,,,,,,,,,,,,,,,,,,,,,,,long,long,long,long,long,long,long,long,long,long,long,long
4539,2022-05-16 06:00:00,OANDA:GBPUSD,1.22504,1.22512,1.22331,1.22408,9752.0,Interval.in_2_hour,11685600.0,long,long,long,long,long,long,long,long,long,long,long,long,long,long,long,long,long,long,,,,,,,,,,,,,,,,,,,,,,,,,,,,short,short,long,long,long,long,long,long,long,long,long,long
4540,2022-05-16 04:00:00,OANDA:GBPUSD,1.22696,1.22969,1.22418,1.22504,20673.0,Interval.in_2_hour,11678400.0,long,long,long,long,long,long,long,long,long,long,long,long,long,long,long,long,long,long,,,,,,,,,,,,,,,,,,,,,,,,,,,,short,short,short,long,long,long,long,long,long,long,long,long
4541,2022-05-16 02:00:00,OANDA:GBPUSD,1.22535,1.22712,1.22472,1.22696,13187.0,Interval.in_2_hour,11671200.0,long,long,long,long,long,long,long,long,long,long,long,long,long,long,long,long,long,long,,,,,,,,,,,,,,,,,,,,,,,,,,,,short,short,short,short,short,short,short,long,long,long,long,long
4542,2022-05-16 00:00:00,OANDA:GBPUSD,1.22596,1.22676,1.2241,1.22535,4560.0,Interval.in_2_hour,11664000.0,long,long,long,long,long,long,long,long,long,long,long,long,long,long,long,long,long,long,,,,,,,,,,,,,,,,,,,,,,,,,,,,long,short,short,short,short,long,long,short,long,long,long,long
4543,2022-05-13 22:00:00,OANDA:GBPUSD,1.22418,1.22628,1.22328,1.22596,7823.0,Interval.in_2_hour,11484000.0,long,long,long,long,long,long,long,long,long,long,long,long,long,long,long,long,long,long,,,,,,,,,,,,,,,,,,,,,,,,,,,,short,long,short,short,short,short,long,short,short,long,long,long
4544,2022-05-13 20:00:00,OANDA:GBPUSD,1.22362,1.22488,1.22202,1.22418,12267.0,Interval.in_2_hour,11476800.0,long,long,long,long,long,long,long,long,long,long,long,long,long,long,long,long,long,long,,,,,,,,,,,,,,,,,,,,,,,,,,,,long,long,long,long,short,short,short,long,long,long,long,long
4545,2022-05-13 18:00:00,OANDA:GBPUSD,1.22198,1.2249,1.22178,1.22362,16762.0,Interval.in_2_hour,11469600.0,long,long,long,long,long,long,long,long,long,long,long,long,long,long,long,long,long,long,,,,,,,,,,,,,,,,,,,,,,,,,,,,long,long,long,long,long,long,short,short,long,long,long,long
4546,2022-05-13 16:00:00,OANDA:GBPUSD,1.21994,1.22204,1.21554,1.22198,35832.0,Interval.in_2_hour,11462400.0,long,long,long,long,long,long,long,long,long,long,long,long,long,long,long,long,long,long,,,,,,,,,,,,,,,,,,,,,,,,,,,,long,long,long,long,long,long,long,long,long,long,long,long
4547,2022-05-13 14:00:00,OANDA:GBPUSD,1.21994,1.22168,1.21832,1.21994,15024.0,Interval.in_2_hour,11455200.0,long,long,long,long,long,long,long,long,long,long,long,long,long,long,long,long,long,long,,,,,,,,,,,,,,,,,,,,,,,,,,,,long,long,long,long,long,long,long,long,long,long,long,long
4548,2022-05-13 12:00:00,OANDA:GBPUSD,1.22056,1.22104,1.21746,1.21994,15203.0,Interval.in_2_hour,11448000.0,long,long,long,long,long,long,long,long,long,long,long,long,long,long,long,long,long,long,,,,,,,,,,,,,,,,,,,,,,,,,,,,long,long,long,long,long,long,long,long,long,long,long,long
4549,2022-05-13 10:00:00,OANDA:GBPUSD,1.22168,1.2232,1.21994,1.22056,25478.0,Interval.in_2_hour,11440800.0,long,long,long,long,long,long,long,long,long,long,long,long,long,long,long,long,long,long,,,,,,,,,,,,,,,,,,,,,,,,,,,,short,short,long,long,long,long,long,long,long,long,long,long
4550,2022-05-13 08:00:00,OANDA:GBPUSD,1.2223,1.22264,1.22056,1.22168,16011.0,Interval.in_2_hour,11433600.0,long,long,long,long,long,long,long,long,long,long,long,long,long,long,long,long,long,long,,,,,,,,,,,,,,,,,,,,,,,,,,,,short,short,short,long,long,long,long,long,long,long,long,long
4551,2022-05-13 06:00:00,OANDA:GBPUSD,1.2217,1.22274,1.22114,1.2223,10208.0,Interval.in_2_hour,11426400.0,long,long,long,long,long,long,long,long,long,long,long,long,long,long,long,long,long,long,,,,,,,,,,,,,,,,,,,,,,,,,,,,short,short,short,short,short,long,long,long,long,long,long,long
4552,2022-05-13 04:00:00,OANDA:GBPUSD,1.22077,1.22183,1.21931,1.2217,14620.0,Interval.in_2_hour,11419200.0,long,long,long,long,long,long,long,long,long,long,long,long,long,long,long,long,long,long,,,,,,,,,,,,,,,,,,,,,,,,,,,,long,short,short,short,short,long,long,long,long,long,long,long
4553,2022-05-13 02:00:00,OANDA:GBPUSD,1.2198,1.22144,1.2198,1.22077,10149.0,Interval.in_2_hour,11412000.0,long,long,long,long,long,long,long,long,long,long,long,long,long,long,long,long,long,long,,,,,,,,,,,,,,,,,,,,,,,,,,,,long,long,long,short,short,short,long,long,long,long,long,long
4554,2022-05-13 00:00:00,OANDA:GBPUSD,1.21986,1.22029,1.21954,1.2198,2761.0,Interval.in_2_hour,11404800.0,long,long,long,long,long,long,long,long,long,long,long,long,long,long,long,long,long,long,,,,,,,,,,,,,,,,,,,,,,,,,,,,long,long,long,long,long,long,long,long,long,long,long,long
4555,2022-05-12 22:00:00,OANDA:GBPUSD,1.2175,1.21998,1.21746,1.21986,13459.0,Interval.in_2_hour,11397600.0,long,long,long,long,long,long,long,long,long,long,long,long,long,long,long,long,long,long,,,,,,,,,,,,,,,,,,,,,,,,,,,,short,long,long,long,long,long,long,long,long,long,long,long
4556,2022-05-12 20:00:00,OANDA:GBPUSD,1.21914,1.21997,1.21732,1.2175,23652.0,Interval.in_2_hour,11390400.0,long,long,long,long,long,long,long,long,long,long,long,long,long,long,long,long,long,long,,,,,,,,,,,,,,,,,,,,,,,,,,,,long,long,long,long,long,long,long,long,long,long,long,long
4557,2022-05-12 18:00:00,OANDA:GBPUSD,1.22277,1.22437,1.21876,1.21914,31062.0,Interval.in_2_hour,11383200.0,long,long,long,long,long,long,long,long,long,long,long,long,long,long,long,long,long,long,,,,,,,,,,,,,,,,,,,,,,,,,,,,short,long,long,long,long,long,long,long,long,long,long,long
4558,2022-05-12 16:00:00,OANDA:GBPUSD,1.22278,1.2241,1.21928,1.22277,40564.0,Interval.in_2_hour,11376000.0,long,long,long,long,long,long,long,short,long,long,long,long,long,long,long,long,long,long,,,,,,,,,,,,,,,,,,,,,,,,,,,,short,short,short,short,short,short,short,short,short,short,short,short
4559,2022-05-12 14:00:00,OANDA:GBPUSD,1.22066,1.22481,1.21852,1.22278,28740.0,Interval.in_2_hour,11368800.0,short,long,long,long,long,long,long,long,short,long,long,long,long,long,long,long,long,long,,,,,,,,,,,,,,,,,,,,,,,,,,,,short,short,short,short,short,short,short,short,short,short,short,short
4560,2022-05-12 12:00:00,OANDA:GBPUSD,1.21798,1.22196,1.21653,1.22066,22042.0,Interval.in_2_hour,11361600.0,short,long,long,long,long,long,long,long,long,long,long,long,long,long,long,long,long,long,,,,,,,,,,,,,,,,,,,,,,,,,,,,long,long,short,short,short,short,long,long,long,long,short,short
4561,2022-05-12 10:00:00,OANDA:GBPUSD,1.22038,1.22211,1.21796,1.21798,41629.0,Interval.in_2_hour,11354400.0,long,long,long,long,long,long,long,long,long,long,long,long,long,long,long,long,long,long,,,,,,,,,,,,,,,,,,,,,,,,,,,,long,long,long,long,short,long,long,long,long,long,long,long
4562,2022-05-12 08:00:00,OANDA:GBPUSD,1.22082,1.22214,1.2185,1.22038,22092.0,Interval.in_2_hour,11347200.0,long,short,short,long,long,long,long,long,long,long,long,long,long,long,long,long,long,long,,,,,,,,,,,,,,,,,,,,,,,,,,,,short,long,long,long,short,short,short,short,long,long,long,long
4563,2022-05-12 06:00:00,OANDA:GBPUSD,1.22182,1.22334,1.2207,1.22082,9846.0,Interval.in_2_hour,11340000.0,long,short,short,short,long,long,long,long,long,long,long,long,long,long,long,long,long,long,,,,,,,,,,,,,,,,,,,,,,,,,,,,short,short,short,long,long,short,short,short,short,short,long,long
4564,2022-05-12 04:00:00,OANDA:GBPUSD,1.22446,1.22467,1.22106,1.22182,16269.0,Interval.in_2_hour,11332800.0,long,short,short,short,short,long,long,long,long,long,long,long,long,long,long,long,long,long,,,,,,,,,,,,,,,,,,,,,,,,,,,,short,short,short,short,long,long,short,short,short,short,short,short
4565,2022-05-12 02:00:00,OANDA:GBPUSD,1.22475,1.225,1.22254,1.22446,11956.0,Interval.in_2_hour,11325600.0,short,short,short,short,short,short,short,short,short,long,long,long,long,short,short,short,long,long,,,,,,,,,,,,,,,,,,,,,,,,,,,,short,short,short,short,short,short,short,short,short,short,short,short
4566,2022-05-12 00:00:00,OANDA:GBPUSD,1.22464,1.22536,1.22445,1.22475,9930.0,Interval.in_2_hour,11318400.0,short,short,short,short,short,short,short,short,short,short,long,long,long,long,short,short,short,long,,,,,,,,,,,,,,,,,,,,,,,,,,,,short,short,short,short,short,short,short,short,short,short,short,short
4567,2022-05-11 22:00:00,OANDA:GBPUSD,1.22696,1.22701,1.22376,1.22464,13587.0,Interval.in_2_hour,11311200.0,short,short,short,short,short,short,short,short,short,short,short,long,long,long,long,short,short,short,,,,,,,,,,,,,,,,,,,,,,,,,,,,long,short,short,short,short,short,short,short,short,short,short,short
4568,2022-05-11 20:00:00,OANDA:GBPUSD,1.22898,1.22931,1.22638,1.22696,28632.0,Interval.in_2_hour,11304000.0,short,short,short,short,short,short,short,short,short,short,short,short,short,short,long,short,short,short,,,,,,,,,,,,,,,,,,,,,,,,,,,,short,short,short,short,short,short,short,short,short,short,short,short
4569,2022-05-11 18:00:00,OANDA:GBPUSD,1.23402,1.23439,1.22888,1.22898,30607.0,Interval.in_2_hour,11296800.0,short,short,short,short,short,short,short,short,short,short,short,short,short,short,short,short,short,short,,,,,,,,,,,,,,,,,,,,,,,,,,,,short,short,short,short,short,short,short,short,short,short,short,short
4570,2022-05-11 16:00:00,OANDA:GBPUSD,1.22878,1.24006,1.22828,1.23402,60868.0,Interval.in_2_hour,11289600.0,short,short,short,short,short,short,short,short,short,short,short,short,short,short,short,short,short,short,,,,,,,,,,,,,,,,,,,,,,,,,,,,short,short,short,short,short,short,short,short,short,short,short,short
4571,2022-05-11 14:00:00,OANDA:GBPUSD,1.23398,1.23651,1.22774,1.22878,42441.0,Interval.in_2_hour,11282400.0,short,short,short,short,short,short,short,short,short,short,short,short,short,short,short,short,short,short,,,,,,,,,,,,,,,,,,,,,,,,,,,,long,long,short,short,short,short,short,short,short,short,short,short
4572,2022-05-11 12:00:00,OANDA:GBPUSD,1.2373,1.23901,1.23393,1.23398,16397.0,Interval.in_2_hour,11275200.0,short,short,short,short,short,short,short,short,short,short,short,short,short,short,short,short,short,short,,,,,,,,,,,,,,,,,,,,,,,,,,,,short,long,short,short,short,short,short,short,short,short,short,short
4573,2022-05-11 10:00:00,OANDA:GBPUSD,1.23378,1.23734,1.23232,1.2373,20293.0,Interval.in_2_hour,11268000.0,short,short,short,short,short,short,short,short,short,short,short,short,short,short,short,short,short,short,,,,,,,,,,,,,,,,,,,,,,,,,,,,short,short,short,short,short,short,short,short,short,short,short,short
4574,2022-05-11 08:00:00,OANDA:GBPUSD,1.23361,1.23473,1.23268,1.23378,11814.0,Interval.in_2_hour,11260800.0,short,short,short,short,short,short,short,short,short,short,short,short,short,short,short,short,short,short,,,,,,,,,,,,,,,,,,,,,,,,,,,,long,long,short,long,short,short,short,short,short,short,short,short
4575,2022-05-11 06:00:00,OANDA:GBPUSD,1.23372,1.23406,1.23254,1.23361,6818.0,Interval.in_2_hour,11253600.0,short,short,short,short,short,short,short,short,short,short,short,short,short,short,short,short,short,short,,,,,,,,,,,,,,,,,,,,,,,,,,,,long,long,long,short,long,short,short,short,short,short,short,short
4576,2022-05-11 04:00:00,OANDA:GBPUSD,1.23172,1.23384,1.23124,1.23372,10717.0,Interval.in_2_hour,11246400.0,short,short,short,short,short,short,short,short,short,short,short,short,short,short,short,short,short,short,,,,,,,,,,,,,,,,,,,,,,,,,,,,short,long,long,long,short,long,short,short,short,short,short,short
4577,2022-05-11 02:00:00,OANDA:GBPUSD,1.23142,1.2327,1.23048,1.23172,8420.0,Interval.in_2_hour,11239200.0,short,short,short,short,short,short,short,short,short,short,short,short,short,short,short,short,short,short,,,,,,,,,,,,,,,,,,,,,,,,,,,,long,long,long,long,long,short,long,short,short,short,short,short
4578,2022-05-11 00:00:00,OANDA:GBPUSD,1.23168,1.23212,1.2312,1.23142,2785.0,Interval.in_2_hour,11232000.0,short,short,short,short,short,short,short,short,short,short,short,short,short,short,short,short,short,short,,,,,,,,,,,,,,,,,,,,,,,,,,,,long,long,long,long,long,long,short,long,short,short,short,short
4579,2022-05-10 22:00:00,OANDA:GBPUSD,1.23127,1.23228,1.2303,1.23168,12461.0,Interval.in_2_hour,11224800.0,short,short,short,short,short,short,short,short,short,short,short,short,short,short,short,short,short,short,,,,,,,,,,,,,,,,,,,,,,,,,,,,short,long,long,long,long,long,long,short,long,short,short,short
4580,2022-05-10 20:00:00,OANDA:GBPUSD,1.23098,1.23308,1.23031,1.23127,26697.0,Interval.in_2_hour,11217600.0,short,short,short,short,short,short,short,short,short,short,short,short,short,short,short,short,short,short,,,,,,,,,,,,,,,,,,,,,,,,,,,,long,long,long,long,long,long,long,long,short,long,short,short
4581,2022-05-10 18:00:00,OANDA:GBPUSD,1.23128,1.23294,1.22914,1.23098,37280.0,Interval.in_2_hour,11210400.0,short,short,short,short,short,short,short,short,short,short,short,short,short,short,short,short,short,short,,,,,,,,,,,,,,,,,,,,,,,,,,,,long,long,long,long,long,long,long,long,long,short,long,short
4582,2022-05-10 16:00:00,OANDA:GBPUSD,1.23186,1.23414,1.23077,1.23128,36982.0,Interval.in_2_hour,11203200.0,short,short,short,short,short,short,short,short,short,short,short,short,short,short,short,short,short,short,,,,,,,,,,,,,,,,,,,,,,,,,,,,short,short,long,long,long,long,long,long,long,long,short,long
4583,2022-05-10 14:00:00,OANDA:GBPUSD,1.23496,1.23566,1.2318,1.23186,19215.0,Interval.in_2_hour,11196000.0,long,short,short,short,short,short,short,short,short,short,short,short,short,short,short,short,short,short,,,,,,,,,,,,,,,,,,,,,,,,,,,,short,short,short,short,short,short,long,long,long,long,long,short
4584,2022-05-10 12:00:00,OANDA:GBPUSD,1.23378,1.2359,1.23045,1.23496,19580.0,Interval.in_2_hour,11188800.0,short,short,short,short,short,short,short,short,short,short,short,short,short,short,short,short,short,short,,,,,,,,,,,,,,,,,,,,,,,,,,,,short,short,short,short,short,short,short,short,short,short,long,short
4585,2022-05-10 10:00:00,OANDA:GBPUSD,1.23461,1.23486,1.23167,1.23378,26065.0,Interval.in_2_hour,11181600.0,long,short,long,short,short,short,short,short,short,short,short,short,short,short,short,short,short,short,,,,,,,,,,,,,,,,,,,,,,,,,,,,long,short,short,short,short,short,short,short,short,short,long,long
4586,2022-05-10 08:00:00,OANDA:GBPUSD,1.23659,1.23758,1.23453,1.23461,16895.0,Interval.in_2_hour,11174400.0,long,short,short,short,short,short,short,short,short,short,short,short,short,short,short,short,short,short,,,,,,,,,,,,,,,,,,,,,,,,,,,,short,long,short,short,short,short,short,short,short,short,short,short
4587,2022-05-10 06:00:00,OANDA:GBPUSD,1.23653,1.23692,1.23501,1.23659,10282.0,Interval.in_2_hour,11167200.0,short,long,short,short,short,short,short,short,short,short,short,short,short,short,short,short,short,short,,,,,,,,,,,,,,,,,,,,,,,,,,,,short,short,short,short,short,short,short,short,short,short,short,short
4588,2022-05-10 04:00:00,OANDA:GBPUSD,1.23306,1.23726,1.23237,1.23653,20957.0,Interval.in_2_hour,11160000.0,short,short,long,short,short,short,short,short,short,short,short,short,short,short,short,short,short,short,,,,,,,,,,,,,,,,,,,,,,,,,,,,long,short,short,short,short,short,short,short,short,short,short,short
4589,2022-05-10 02:00:00,OANDA:GBPUSD,1.23296,1.23424,1.23177,1.23306,14015.0,Interval.in_2_hour,11152800.0,long,long,long,long,long,short,long,short,short,short,short,short,short,short,short,short,short,short,,,,,,,,,,,,,,,,,,,,,,,,,,,,long,long,long,long,long,short,short,short,short,short,short,short
4590,2022-05-10 00:00:00,OANDA:GBPUSD,1.23291,1.2333,1.2324,1.23296,3390.0,Interval.in_2_hour,11145600.0,short,long,long,long,long,long,short,long,short,short,short,short,short,short,short,short,short,short,,,,,,,,,,,,,,,,,,,,,,,,,,,,long,long,long,long,long,long,short,short,short,short,short,short
4591,2022-05-09 22:00:00,OANDA:GBPUSD,1.2343,1.23544,1.23274,1.23291,13575.0,Interval.in_2_hour,11138400.0,short,short,long,long,long,long,long,short,long,short,short,short,short,short,short,short,short,short,,,,,,,,,,,,,,,,,,,,,,,,,,,,long,long,long,long,long,long,long,short,short,short,short,short
4592,2022-05-09 20:00:00,OANDA:GBPUSD,1.2348,1.23554,1.23261,1.2343,20899.0,Interval.in_2_hour,11131200.0,short,short,short,short,short,short,long,short,short,short,short,short,short,short,short,short,short,short,,,,,,,,,,,,,,,,,,,,,,,,,,,,short,short,short,long,long,long,short,long,short,short,short,short
4593,2022-05-09 18:00:00,OANDA:GBPUSD,1.2306,1.23807,1.23048,1.2348,26429.0,Interval.in_2_hour,11124000.0,short,short,short,short,short,short,short,long,short,short,short,short,short,short,short,short,short,short,,,,,,,,,,,,,,,,,,,,,,,,,,,,short,short,short,short,long,long,short,short,long,short,short,short
4594,2022-05-09 16:00:00,OANDA:GBPUSD,1.23898,1.23906,1.23008,1.2306,32346.0,Interval.in_2_hour,11116800.0,long,long,long,long,long,long,long,long,long,long,short,long,short,short,short,short,short,short,,,,,,,,,,,,,,,,,,,,,,,,,,,,long,long,long,long,long,long,long,long,long,long,long,long
4595,2022-05-09 14:00:00,OANDA:GBPUSD,1.23419,1.24062,1.23283,1.23898,27424.0,Interval.in_2_hour,11109600.0,short,short,short,short,short,short,short,short,short,short,short,short,short,short,short,short,short,short,,,,,,,,,,,,,,,,,,,,,,,,,,,,short,short,short,short,short,short,short,short,short,short,short,short
4596,2022-05-09 12:00:00,OANDA:GBPUSD,1.22705,1.23484,1.22687,1.23419,19816.0,Interval.in_2_hour,11102400.0,short,short,short,short,short,short,short,short,short,short,long,short,short,short,short,short,short,short,,,,,,,,,,,,,,,,,,,,,,,,,,,,long,short,long,long,short,short,short,long,long,long,short,long
4597,2022-05-09 10:00:00,OANDA:GBPUSD,1.22648,1.23078,1.22621,1.22705,22299.0,Interval.in_2_hour,11095200.0,long,long,long,long,long,long,long,long,long,long,long,long,long,long,long,long,short,short,,,,,,,,,,,,,,,,,,,,,,,,,,,,long,long,long,long,long,long,long,long,long,long,long,long
4598,2022-05-09 08:00:00,OANDA:GBPUSD,1.22834,1.22888,1.2261,1.22648,13780.0,Interval.in_2_hour,11088000.0,long,long,long,long,long,long,long,long,long,long,long,long,long,long,long,long,long,long,,,,,,,,,,,,,,,,,,,,,,,,,,,,long,long,long,long,long,long,long,long,long,long,long,long
4599,2022-05-09 06:00:00,OANDA:GBPUSD,1.2291,1.23006,1.22812,1.22834,8998.0,Interval.in_2_hour,11080800.0,long,long,long,long,long,long,long,long,long,long,long,long,long,long,long,long,long,long,,,,,,,,,,,,,,,,,,,,,,,,,,,,short,short,long,long,long,long,long,long,long,long,long,long
4600,2022-05-09 04:00:00,OANDA:GBPUSD,1.23038,1.23126,1.22862,1.2291,12289.0,Interval.in_2_hour,11073600.0,long,long,long,long,long,long,long,long,long,long,long,long,long,long,long,long,short,long,,,,,,,,,,,,,,,,,,,,,,,,,,,,short,short,short,long,long,long,long,long,long,long,long,long
4601,2022-05-09 02:00:00,OANDA:GBPUSD,1.23377,1.23391,1.23022,1.23038,10136.0,Interval.in_2_hour,11066400.0,long,long,long,long,long,long,long,long,long,long,long,long,long,long,long,long,long,short,,,,,,,,,,,,,,,,,,,,,,,,,,,,short,short,short,short,long,long,long,long,long,long,long,long
4602,2022-05-09 00:00:00,OANDA:GBPUSD,1.23352,1.2348,1.23301,1.23377,5202.0,Interval.in_2_hour,11059200.0,short,long,long,long,long,long,short,short,short,short,short,short,short,short,short,long,long,long,,,,,,,,,,,,,,,,,,,,,,,,,,,,short,short,short,short,short,long,long,short,long,long,short,short
4603,2022-05-06 22:00:00,OANDA:GBPUSD,1.23315,1.23496,1.2323,1.23352,13324.0,Interval.in_2_hour,10879200.0,short,short,long,long,long,long,long,short,short,short,short,short,short,short,long,long,long,long,,,,,,,,,,,,,,,,,,,,,,,,,,,,long,short,short,short,short,short,long,long,short,long,long,short
4604,2022-05-06 20:00:00,OANDA:GBPUSD,1.23573,1.23623,1.23306,1.23315,19360.0,Interval.in_2_hour,10872000.0,short,short,short,long,long,long,long,long,short,short,short,short,short,short,short,long,long,long,,,,,,,,,,,,,,,,,,,,,,,,,,,,long,long,short,short,short,short,short,long,long,short,long,long
4605,2022-05-06 18:00:00,OANDA:GBPUSD,1.23512,1.23702,1.23411,1.23573,30983.0,Interval.in_2_hour,10864800.0,short,short,short,short,long,long,short,short,short,short,short,short,short,short,short,short,short,short,,,,,,,,,,,,,,,,,,,,,,,,,,,,short,short,short,short,short,short,short,short,short,long,short,short
4606,2022-05-06 16:00:00,OANDA:GBPUSD,1.23226,1.23593,1.2301,1.23512,55878.0,Interval.in_2_hour,10857600.0,short,short,short,short,short,long,long,short,short,short,short,short,short,short,short,short,short,short,,,,,,,,,,,,,,,,,,,,,,,,,,,,long,short,short,short,short,short,short,short,short,short,long,short
4607,2022-05-06 14:00:00,OANDA:GBPUSD,1.23745,1.23798,1.2318,1.23226,31209.0,Interval.in_2_hour,10850400.0,short,long,long,long,long,long,long,long,long,long,long,short,short,short,short,short,short,short,,,,,,,,,,,,,,,,,,,,,,,,,,,,long,long,long,long,long,short,short,short,short,short,long,long
4608,2022-05-06 12:00:00,OANDA:GBPUSD,1.23402,1.23758,1.23262,1.23745,22043.0,Interval.in_2_hour,10843200.0,long,short,short,short,short,short,short,short,short,short,short,short,short,short,short,short,short,short,,,,,,,,,,,,,,,,,,,,,,,,,,,,short,short,short,short,short,short,short,short,short,short,short,short
4609,2022-05-06 10:00:00,OANDA:GBPUSD,1.22784,1.23576,1.22784,1.23402,45529.0,Interval.in_2_hour,10836000.0,long,long,short,long,long,short,short,short,long,long,long,short,long,short,short,short,short,short,,,,,,,,,,,,,,,,,,,,,,,,,,,,long,short,long,long,short,short,short,short,short,short,short,short
4610,2022-05-06 08:00:00,OANDA:GBPUSD,1.23682,1.23683,1.2276,1.22784,14524.0,Interval.in_2_hour,10828800.0,short,long,long,long,long,long,long,long,long,long,long,long,long,long,long,long,long,long,,,,,,,,,,,,,,,,,,,,,,,,,,,,long,long,long,long,long,long,long,long,long,long,long,short
4611,2022-05-06 06:00:00,OANDA:GBPUSD,1.23589,1.23744,1.23559,1.23682,6194.0,Interval.in_2_hour,10821600.0,short,short,short,long,short,short,short,short,short,short,short,short,short,short,short,short,short,short,,,,,,,,,,,,,,,,,,,,,,,,,,,,short,short,long,short,short,short,short,short,short,short,short,short
4612,2022-05-06 04:00:00,OANDA:GBPUSD,1.23661,1.2371,1.2333,1.23589,19646.0,Interval.in_2_hour,10814400.0,short,short,short,short,long,short,short,short,short,short,short,long,long,short,short,short,short,short,,,,,,,,,,,,,,,,,,,,,,,,,,,,long,short,short,long,short,short,short,short,short,short,short,short
4613,2022-05-06 02:00:00,OANDA:GBPUSD,1.23738,1.23806,1.23591,1.23661,11861.0,Interval.in_2_hour,10807200.0,short,short,short,short,short,long,short,short,short,short,short,short,short,short,short,short,short,short,,,,,,,,,,,,,,,,,,,,,,,,,,,,short,long,short,short,long,short,short,short,short,short,short,short
4614,2022-05-06 00:00:00,OANDA:GBPUSD,1.2356,1.23739,1.2356,1.23738,3453.0,Interval.in_2_hour,10800000.0,short,short,short,short,short,short,long,short,short,short,short,short,short,short,short,short,short,short,,,,,,,,,,,,,,,,,,,,,,,,,,,,short,short,short,short,short,long,short,short,short,short,short,short
4615,2022-05-05 22:00:00,OANDA:GBPUSD,1.23496,1.23696,1.23495,1.2356,15138.0,Interval.in_2_hour,10792800.0,short,short,short,short,short,short,short,long,short,short,short,short,short,short,long,long,short,short,,,,,,,,,,,,,,,,,,,,,,,,,,,,long,long,long,long,short,short,long,short,short,long,short,short
4616,2022-05-05 20:00:00,OANDA:GBPUSD,1.2338,1.23628,1.2325,1.23496,23189.0,Interval.in_2_hour,10785600.0,short,short,short,short,short,short,short,short,long,short,short,short,short,short,short,long,long,short,,,,,,,,,,,,,,,,,,,,,,,,,,,,long,long,long,long,long,short,short,long,short,long,long,short
4617,2022-05-05 18:00:00,OANDA:GBPUSD,1.23745,1.23745,1.23262,1.2338,24302.0,Interval.in_2_hour,10778400.0,short,short,short,short,short,short,short,short,long,long,short,long,long,short,short,short,long,long,,,,,,,,,,,,,,,,,,,,,,,,,,,,long,long,long,long,long,long,short,long,long,short,long,long
4618,2022-05-05 16:00:00,OANDA:GBPUSD,1.2389,1.24126,1.23612,1.23745,35966.0,Interval.in_2_hour,10771200.0,short,short,short,short,short,short,short,short,short,short,long,short,short,short,short,short,short,short,,,,,,,,,,,,,,,,,,,,,,,,,,,,short,short,short,short,short,short,short,short,short,long,short,short
4619,2022-05-05 14:00:00,OANDA:GBPUSD,1.25475,1.25802,1.23615,1.2389,55028.0,Interval.in_2_hour,10764000.0,short,short,short,short,short,short,short,short,short,short,short,long,short,short,short,short,short,short,,,,,,,,,,,,,,,,,,,,,,,,,,,,short,short,short,short,short,short,short,short,short,short,short,short
4620,2022-05-05 12:00:00,OANDA:GBPUSD,1.25464,1.25782,1.25415,1.25475,14776.0,Interval.in_2_hour,10756800.0,short,short,short,short,short,short,short,short,short,short,short,short,short,short,short,short,short,short,,,,,,,,,,,,,,,,,,,,,,,,,,,,short,short,short,short,short,short,short,short,short,short,short,short
4621,2022-05-05 10:00:00,OANDA:GBPUSD,1.25354,1.25468,1.25174,1.25464,21180.0,Interval.in_2_hour,10749600.0,short,short,short,short,short,short,short,short,short,short,short,short,short,short,short,short,short,short,,,,,,,,,,,,,,,,,,,,,,,,,,,,long,short,short,short,short,short,short,short,short,short,short,short
4622,2022-05-05 08:00:00,OANDA:GBPUSD,1.25472,1.25682,1.25346,1.25354,15694.0,Interval.in_2_hour,10742400.0,short,short,short,short,short,short,short,short,short,short,short,short,short,short,short,short,short,short,,,,,,,,,,,,,,,,,,,,,,,,,,,,long,long,short,short,short,short,short,short,short,short,short,short
4623,2022-05-05 06:00:00,OANDA:GBPUSD,1.26052,1.26062,1.2542,1.25472,10282.0,Interval.in_2_hour,10735200.0,short,short,short,short,short,short,short,short,short,short,short,short,short,short,short,short,short,short,,,,,,,,,,,,,,,,,,,,,,,,,,,,short,short,long,short,short,short,short,short,short,short,short,short
4624,2022-05-05 04:00:00,OANDA:GBPUSD,1.26094,1.26334,1.2605,1.26052,14348.0,Interval.in_2_hour,10728000.0,short,short,short,short,short,short,short,short,short,short,short,short,short,short,short,short,short,short,,,,,,,,,,,,,,,,,,,,,,,,,,,,short,short,short,short,short,short,short,short,short,short,short,short
4625,2022-05-05 02:00:00,OANDA:GBPUSD,1.26075,1.26272,1.2601,1.26094,12397.0,Interval.in_2_hour,10720800.0,short,short,short,short,short,short,short,short,short,short,short,short,short,short,short,short,short,short,,,,,,,,,,,,,,,,,,,,,,,,,,,,short,short,short,short,short,short,short,short,short,short,short,short
4626,2022-05-05 00:00:00,OANDA:GBPUSD,1.26358,1.26362,1.26061,1.26075,3530.0,Interval.in_2_hour,10713600.0,short,short,short,short,short,short,short,short,short,short,short,short,short,short,short,short,short,short,,,,,,,,,,,,,,,,,,,,,,,,,,,,long,short,short,short,short,short,short,short,short,short,short,short
4627,2022-05-04 22:00:00,OANDA:GBPUSD,1.25803,1.26384,1.25456,1.26358,47984.0,Interval.in_2_hour,10706400.0,short,short,short,short,short,short,short,short,short,short,short,short,short,short,short,short,short,short,,,,,,,,,,,,,,,,,,,,,,,,,,,,short,short,short,short,short,short,short,short,short,short,short,short
4628,2022-05-04 20:00:00,OANDA:GBPUSD,1.24944,1.25886,1.24518,1.25803,57834.0,Interval.in_2_hour,10699200.0,short,short,short,short,short,short,short,short,short,short,short,short,short,short,short,short,short,short,,,,,,,,,,,,,,,,,,,,,,,,,,,,long,long,long,long,short,short,short,short,short,short,short,short
4629,2022-05-04 18:00:00,OANDA:GBPUSD,1.25,1.2508,1.24793,1.24944,17632.0,Interval.in_2_hour,10692000.0,short,short,short,short,short,short,short,short,short,short,short,short,short,short,short,short,short,short,,,,,,,,,,,,,,,,,,,,,,,,,,,,long,long,long,long,long,long,long,long,long,short,short,short
4630,2022-05-04 16:00:00,OANDA:GBPUSD,1.25302,1.25377,1.24676,1.25,24763.0,Interval.in_2_hour,10684800.0,short,short,short,short,short,short,short,short,short,short,short,short,short,short,short,short,short,short,,,,,,,,,,,,,,,,,,,,,,,,,,,,short,long,long,long,long,long,long,long,long,long,short,short
4631,2022-05-04 14:00:00,OANDA:GBPUSD,1.25197,1.25366,1.25044,1.25302,15214.0,Interval.in_2_hour,10677600.0,short,short,short,short,short,short,short,short,short,short,short,short,short,short,short,short,short,short,,,,,,,,,,,,,,,,,,,,,,,,,,,,short,short,long,long,long,long,long,long,long,long,long,short
4632,2022-05-04 12:00:00,OANDA:GBPUSD,1.25153,1.25206,1.25022,1.25197,11487.0,Interval.in_2_hour,10670400.0,short,short,short,short,short,short,short,short,short,short,short,short,short,short,short,short,short,short,,,,,,,,,,,,,,,,,,,,,,,,,,,,long,short,short,long,long,long,long,long,long,long,long,long
4633,2022-05-04 10:00:00,OANDA:GBPUSD,1.24882,1.25244,1.24874,1.25153,16907.0,Interval.in_2_hour,10663200.0,long,short,short,short,short,short,short,short,short,short,short,short,short,short,short,short,short,short,,,,,,,,,,,,,,,,,,,,,,,,,,,,long,long,short,short,long,long,long,long,long,long,long,long
4634,2022-05-04 08:00:00,OANDA:GBPUSD,1.24824,1.2491,1.24668,1.24882,9726.0,Interval.in_2_hour,10656000.0,long,long,short,short,short,short,short,short,short,short,short,short,short,short,short,short,short,short,,,,,,,,,,,,,,,,,,,,,,,,,,,,long,long,long,long,long,long,long,long,long,long,long,long
4635,2022-05-04 06:00:00,OANDA:GBPUSD,1.24906,1.24952,1.24822,1.24824,4665.0,Interval.in_2_hour,10648800.0,long,long,long,short,short,short,short,short,short,short,short,short,short,short,short,short,short,short,,,,,,,,,,,,,,,,,,,,,,,,,,,,long,long,long,long,long,long,long,long,long,long,long,long
4636,2022-05-04 04:00:00,OANDA:GBPUSD,1.24969,1.25006,1.24864,1.24906,6625.0,Interval.in_2_hour,10641600.0,long,long,long,long,short,short,short,short,short,short,short,short,short,short,short,short,short,short,,,,,,,,,,,,,,,,,,,,,,,,,,,,short,short,long,long,long,long,long,long,long,long,long,long
4637,2022-05-04 02:00:00,OANDA:GBPUSD,1.2499,1.2506,1.24905,1.24969,5212.0,Interval.in_2_hour,10634400.0,long,long,long,long,long,short,short,short,short,short,short,short,short,short,short,short,short,short,,,,,,,,,,,,,,,,,,,,,,,,,,,,short,short,short,long,long,long,long,short,long,long,long,long
4638,2022-05-04 00:00:00,OANDA:GBPUSD,1.24954,1.25051,1.24893,1.2499,2735.0,Interval.in_2_hour,10627200.0,long,long,long,long,long,long,short,short,short,short,short,short,short,short,short,short,short,short,,,,,,,,,,,,,,,,,,,,,,,,,,,,short,short,short,short,long,long,long,long,short,long,long,long
4639,2022-05-03 22:00:00,OANDA:GBPUSD,1.24908,1.24977,1.24847,1.24954,11949.0,Interval.in_2_hour,10620000.0,long,long,long,long,long,long,long,short,short,short,short,short,short,short,short,short,short,short,,,,,,,,,,,,,,,,,,,,,,,,,,,,long,long,short,short,short,long,long,long,long,short,long,long
4640,2022-05-03 20:00:00,OANDA:GBPUSD,1.24882,1.25148,1.24706,1.24908,14664.0,Interval.in_2_hour,10612800.0,long,long,long,long,long,long,long,long,short,short,short,short,short,short,short,short,short,short,,,,,,,,,,,,,,,,,,,,,,,,,,,,long,long,long,short,short,short,long,long,long,long,long,long
4641,2022-05-03 18:00:00,OANDA:GBPUSD,1.25118,1.25268,1.24868,1.24882,17525.0,Interval.in_2_hour,10605600.0,long,long,long,long,long,long,long,long,long,short,short,short,short,short,short,short,short,short,,,,,,,,,,,,,,,,,,,,,,,,,,,,long,long,long,long,long,short,long,long,long,long,long,long
4642,2022-05-03 16:00:00,OANDA:GBPUSD,1.25574,1.25666,1.25074,1.25118,26853.0,Interval.in_2_hour,10598400.0,short,long,long,long,long,long,long,long,long,long,short,short,short,short,short,short,short,short,,,,,,,,,,,,,,,,,,,,,,,,,,,,short,short,short,short,short,short,short,short,long,long,long,short
4643,2022-05-03 14:00:00,OANDA:GBPUSD,1.24948,1.25674,1.24929,1.25574,20755.0,Interval.in_2_hour,10591200.0,short,short,long,long,long,long,long,short,short,short,short,short,short,short,short,short,short,short,,,,,,,,,,,,,,,,,,,,,,,,,,,,short,short,short,short,short,short,short,short,short,short,short,short
4644,2022-05-03 12:00:00,OANDA:GBPUSD,1.2541,1.2541,1.24928,1.24948,16655.0,Interval.in_2_hour,10584000.0,long,long,short,long,long,long,long,long,long,long,long,long,short,short,short,short,short,short,,,,,,,,,,,,,,,,,,,,,,,,,,,,long,long,short,short,long,long,long,short,short,short,long,long
4645,2022-05-03 10:00:00,OANDA:GBPUSD,1.25128,1.25556,1.25062,1.2541,24257.0,Interval.in_2_hour,10576800.0,short,short,short,short,long,long,long,long,long,long,short,long,long,short,short,short,short,short,,,,,,,,,,,,,,,,,,,,,,,,,,,,short,long,short,short,short,short,short,short,short,short,short,short
4646,2022-05-03 08:00:00,OANDA:GBPUSD,1.2513,1.25298,1.25052,1.25128,17022.0,Interval.in_2_hour,10569600.0,long,long,long,short,short,long,long,long,long,long,long,long,long,long,short,short,short,short,,,,,,,,,,,,,,,,,,,,,,,,,,,,long,short,long,short,short,short,short,short,short,short,short,short
4647,2022-05-03 06:00:00,OANDA:GBPUSD,1.25218,1.25417,1.25118,1.2513,8575.0,Interval.in_2_hour,10562400.0,short,long,long,long,short,short,long,long,long,long,long,long,long,long,long,short,short,short,,,,,,,,,,,,,,,,,,,,,,,,,,,,short,long,short,long,short,short,short,short,short,short,short,short
4648,2022-05-03 04:00:00,OANDA:GBPUSD,1.252,1.25281,1.25094,1.25218,9145.0,Interval.in_2_hour,10555200.0,short,short,short,short,long,short,short,long,long,long,long,long,long,long,long,long,short,short,,,,,,,,,,,,,,,,,,,,,,,,,,,,short,short,long,short,long,short,short,short,short,short,short,short
4649,2022-05-03 02:00:00,OANDA:GBPUSD,1.24967,1.25214,1.24921,1.252,7579.0,Interval.in_2_hour,10548000.0,short,short,short,short,short,long,short,short,long,long,long,long,long,long,long,long,long,short,,,,,,,,,,,,,,,,,,,,,,,,,,,,long,short,short,long,short,long,short,short,short,short,short,short
4650,2022-05-03 00:00:00,OANDA:GBPUSD,1.24917,1.25004,1.24888,1.24967,2035.0,Interval.in_2_hour,10540800.0,long,short,short,short,long,long,long,long,short,long,long,long,long,long,long,long,long,long,,,,,,,,,,,,,,,,,,,,,,,,,,,,long,long,long,long,long,short,long,long,short,short,short,long
4651,2022-05-02 22:00:00,OANDA:GBPUSD,1.24733,1.2495,1.24732,1.24917,11029.0,Interval.in_2_hour,10533600.0,long,long,short,short,short,long,long,long,long,long,long,long,long,long,long,long,long,long,,,,,,,,,,,,,,,,,,,,,,,,,,,,long,long,long,long,long,long,long,long,long,short,short,long
4652,2022-05-02 20:00:00,OANDA:GBPUSD,1.24977,1.25007,1.2473,1.24733,13523.0,Interval.in_2_hour,10526400.0,long,long,long,long,long,long,long,long,long,long,long,long,long,long,long,long,long,long,,,,,,,,,,,,,,,,,,,,,,,,,,,,long,long,long,long,long,long,long,long,long,long,long,long
4653,2022-05-02 18:00:00,OANDA:GBPUSD,1.25193,1.25244,1.24938,1.24977,18972.0,Interval.in_2_hour,10519200.0,short,short,long,short,short,short,short,long,long,long,long,short,long,long,long,long,long,long,,,,,,,,,,,,,,,,,,,,,,,,,,,,short,short,short,long,long,long,long,long,short,long,long,short
4654,2022-05-02 16:00:00,OANDA:GBPUSD,1.25372,1.25498,1.25058,1.25193,29576.0,Interval.in_2_hour,10512000.0,short,short,short,short,short,short,short,short,short,long,long,short,short,long,long,long,long,long,,,,,,,,,,,,,,,,,,,,,,,,,,,,short,short,short,short,long,long,short,short,long,short,long,short
4655,2022-05-02 14:00:00,OANDA:GBPUSD,1.25692,1.25714,1.2535,1.25372,15570.0,Interval.in_2_hour,10504800.0,short,short,short,short,short,short,short,short,short,short,short,short,short,short,long,long,long,long,,,,,,,,,,,,,,,,,,,,,,,,,,,,short,short,short,short,short,short,short,short,short,long,short,long
4656,2022-05-02 12:00:00,OANDA:GBPUSD,1.25729,1.25807,1.25641,1.25692,13088.0,Interval.in_2_hour,10497600.0,short,short,short,short,short,short,short,short,short,short,short,short,short,short,short,long,long,long,,,,,,,,,,,,,,,,,,,,,,,,,,,,short,short,short,short,short,short,short,short,short,short,short,short
4657,2022-05-02 10:00:00,OANDA:GBPUSD,1.25608,1.25878,1.25582,1.25729,21453.0,Interval.in_2_hour,10490400.0,short,short,short,short,short,short,short,short,short,short,short,short,short,short,short,short,long,long,,,,,,,,,,,,,,,,,,,,,,,,,,,,short,short,short,short,short,short,short,short,short,short,short,short
4658,2022-05-02 08:00:00,OANDA:GBPUSD,1.25518,1.2565,1.25398,1.25608,13270.0,Interval.in_2_hour,10483200.0,short,short,short,short,short,short,short,short,short,short,short,short,short,short,short,short,short,long,,,,,,,,,,,,,,,,,,,,,,,,,,,,long,long,short,short,short,short,short,short,short,short,short,short
4659,2022-05-02 06:00:00,OANDA:GBPUSD,1.25583,1.25646,1.25465,1.25518,8666.0,Interval.in_2_hour,10476000.0,short,short,short,long,short,short,short,short,short,short,short,short,short,short,short,short,short,short,,,,,,,,,,,,,,,,,,,,,,,,,,,,long,long,long,short,short,short,short,short,short,short,short,short
4660,2022-05-02 04:00:00,OANDA:GBPUSD,1.25692,1.2577,1.25514,1.25583,12224.0,Interval.in_2_hour,10468800.0,short,short,short,short,short,short,short,short,short,short,short,short,short,short,short,short,short,short,,,,,,,,,,,,,,,,,,,,,,,,,,,,short,long,long,long,short,short,short,short,short,short,short,short
4661,2022-05-02 02:00:00,OANDA:GBPUSD,1.25798,1.25976,1.25673,1.25692,15763.0,Interval.in_2_hour,10461600.0,short,short,short,short,short,short,short,short,short,short,short,short,short,short,short,short,short,short,,,,,,,,,,,,,,,,,,,,,,,,,,,,short,short,short,long,long,short,short,short,short,short,short,short
4662,2022-05-02 00:00:00,OANDA:GBPUSD,1.25759,1.25891,1.25742,1.25798,3534.0,Interval.in_2_hour,10454400.0,short,short,short,short,short,short,short,short,short,short,short,short,short,short,short,short,short,short,,,,,,,,,,,,,,,,,,,,,,,,,,,,short,short,short,short,short,short,short,short,short,short,short,short
4663,2022-04-29 22:00:00,OANDA:GBPUSD,1.25988,1.25988,1.25694,1.25759,13169.0,Interval.in_2_hour,10274400.0,short,short,short,short,short,short,short,short,short,short,short,short,short,short,short,short,short,short,,,,,,,,,,,,,,,,,,,,,,,,,,,,long,short,short,short,short,short,short,short,short,short,short,short
4664,2022-04-29 20:00:00,OANDA:GBPUSD,1.2578,1.26146,1.25774,1.25988,15105.0,Interval.in_2_hour,10267200.0,short,short,short,short,short,short,short,short,short,short,short,short,short,short,short,short,short,short,,,,,,,,,,,,,,,,,,,,,,,,,,,,short,short,short,short,short,short,short,short,short,short,short,short
4665,2022-04-29 18:00:00,OANDA:GBPUSD,1.25552,1.25787,1.25493,1.2578,24709.0,Interval.in_2_hour,10260000.0,short,short,short,short,short,short,short,short,short,short,short,short,short,short,short,short,short,short,,,,,,,,,,,,,,,,,,,,,,,,,,,,long,short,long,short,short,short,short,short,short,short,short,short
4666,2022-04-29 16:00:00,OANDA:GBPUSD,1.2546,1.25708,1.253,1.25552,34569.0,Interval.in_2_hour,10252800.0,short,short,short,short,short,short,short,short,short,short,long,short,short,short,short,short,short,short,,,,,,,,,,,,,,,,,,,,,,,,,,,,long,long,long,long,long,long,short,long,long,long,short,short
4667,2022-04-29 14:00:00,OANDA:GBPUSD,1.25686,1.25858,1.25326,1.2546,25258.0,Interval.in_2_hour,10245600.0,short,short,short,short,short,short,short,short,short,short,short,long,short,short,short,short,short,short,,,,,,,,,,,,,,,,,,,,,,,,,,,,long,long,long,long,long,long,long,long,long,long,long,short
4668,2022-04-29 12:00:00,OANDA:GBPUSD,1.2553,1.25802,1.25506,1.25686,16221.0,Interval.in_2_hour,10238400.0,short,short,short,short,short,short,short,short,short,short,short,short,short,short,short,short,short,short,,,,,,,,,,,,,,,,,,,,,,,,,,,,short,short,long,long,long,long,long,short,short,short,long,long
4669,2022-04-29 10:00:00,OANDA:GBPUSD,1.2536,1.25752,1.2524,1.2553,22700.0,Interval.in_2_hour,10231200.0,long,short,short,short,short,short,short,short,short,short,short,short,short,long,short,short,short,short,,,,,,,,,,,,,,,,,,,,,,,,,,,,long,short,long,long,long,long,long,long,long,short,long,long
4670,2022-04-29 08:00:00,OANDA:GBPUSD,1.24944,1.25366,1.24942,1.2536,17715.0,Interval.in_2_hour,10224000.0,long,long,long,short,short,short,short,short,short,short,short,short,long,short,long,short,short,short,,,,,,,,,,,,,,,,,,,,,,,,,,,,long,long,long,long,long,long,long,long,long,long,long,long
4671,2022-04-29 06:00:00,OANDA:GBPUSD,1.2473,1.24968,1.24726,1.24944,9337.0,Interval.in_2_hour,10216800.0,long,long,long,long,long,long,short,short,long,long,long,long,long,long,long,long,long,short,,,,,,,,,,,,,,,,,,,,,,,,,,,,long,long,long,long,long,long,long,long,long,long,long,long
4672,2022-04-29 04:00:00,OANDA:GBPUSD,1.24852,1.24972,1.24658,1.2473,11308.0,Interval.in_2_hour,10209600.0,long,long,long,long,long,long,long,long,long,long,long,long,long,long,long,long,long,long,,,,,,,,,,,,,,,,,,,,,,,,,,,,long,long,long,long,long,long,long,long,long,long,long,long
4673,2022-04-29 02:00:00,OANDA:GBPUSD,1.24603,1.24876,1.24584,1.24852,6524.0,Interval.in_2_hour,10202400.0,long,long,long,long,long,long,long,long,short,long,long,long,long,long,long,long,long,long,,,,,,,,,,,,,,,,,,,,,,,,,,,,short,long,long,long,long,long,long,long,long,long,long,long
4674,2022-04-29 00:00:00,OANDA:GBPUSD,1.246,1.24618,1.24511,1.24603,2332.0,Interval.in_2_hour,10195200.0,long,long,long,long,long,long,long,long,long,long,long,long,long,long,long,long,long,long,,,,,,,,,,,,,,,,,,,,,,,,,,,,long,long,long,long,long,long,long,long,long,long,long,long
4675,2022-04-28 22:00:00,OANDA:GBPUSD,1.24614,1.2471,1.2459,1.246,7682.0,Interval.in_2_hour,10188000.0,long,long,long,long,long,long,long,long,long,long,long,long,long,long,long,long,long,long,,,,,,,,,,,,,,,,,,,,,,,,,,,,long,long,long,long,long,long,long,long,long,long,long,long
4676,2022-04-28 20:00:00,OANDA:GBPUSD,1.24642,1.24738,1.24472,1.24614,12884.0,Interval.in_2_hour,10180800.0,long,long,long,long,long,long,long,long,long,long,long,long,long,long,long,long,long,long,,,,,,,,,,,,,,,,,,,,,,,,,,,,short,short,long,long,long,long,long,long,long,long,long,long
4677,2022-04-28 18:00:00,OANDA:GBPUSD,1.2439,1.24701,1.24358,1.24642,22540.0,Interval.in_2_hour,10173600.0,long,long,long,long,long,long,long,long,long,long,long,long,long,long,long,long,long,long,,,,,,,,,,,,,,,,,,,,,,,,,,,,short,short,short,long,long,long,long,long,long,long,long,long
4678,2022-04-28 16:00:00,OANDA:GBPUSD,1.24308,1.24621,1.24112,1.2439,37096.0,Interval.in_2_hour,10166400.0,long,long,long,long,long,long,long,long,long,long,long,long,long,long,long,long,long,long,,,,,,,,,,,,,,,,,,,,,,,,,,,,long,long,long,long,long,long,long,long,long,long,long,long
4679,2022-04-28 14:00:00,OANDA:GBPUSD,1.2465,1.24758,1.24214,1.24308,30381.0,Interval.in_2_hour,10159200.0,long,long,long,long,long,long,long,long,long,long,long,long,long,long,long,long,long,long,,,,,,,,,,,,,,,,,,,,,,,,,,,,long,long,long,long,long,long,long,long,long,long,long,long
4680,2022-04-28 12:00:00,OANDA:GBPUSD,1.25362,1.254,1.24637,1.2465,20385.0,Interval.in_2_hour,10152000.0,long,long,long,long,long,long,long,long,long,long,long,long,long,long,long,long,long,long,,,,,,,,,,,,,,,,,,,,,,,,,,,,short,short,short,short,short,short,long,long,long,long,long,long
4681,2022-04-28 10:00:00,OANDA:GBPUSD,1.25402,1.25701,1.25286,1.25362,26852.0,Interval.in_2_hour,10144800.0,long,long,long,long,long,long,long,long,long,long,long,long,long,long,short,short,short,short,,,,,,,,,,,,,,,,,,,,,,,,,,,,short,short,short,short,short,short,short,short,short,short,short,long
4682,2022-04-28 08:00:00,OANDA:GBPUSD,1.2516,1.25413,1.24913,1.25402,23899.0,Interval.in_2_hour,10137600.0,long,long,long,long,long,long,long,long,long,long,long,long,long,long,short,short,short,short,,,,,,,,,,,,,,,,,,,,,,,,,,,,short,short,short,short,short,short,short,short,short,short,short,short
4683,2022-04-28 06:00:00,OANDA:GBPUSD,1.25401,1.25435,1.25088,1.2516,16363.0,Interval.in_2_hour,10130400.0,long,long,long,long,long,long,long,long,long,long,long,long,long,long,long,long,long,short,,,,,,,,,,,,,,,,,,,,,,,,,,,,long,long,short,short,short,short,short,short,short,short,short,short
4684,2022-04-28 04:00:00,OANDA:GBPUSD,1.25325,1.2546,1.25268,1.25401,11496.0,Interval.in_2_hour,10123200.0,short,short,long,long,long,long,long,long,long,long,long,long,long,long,long,long,short,short,,,,,,,,,,,,,,,,,,,,,,,,,,,,short,long,short,short,short,short,short,short,short,short,short,short
4685,2022-04-28 02:00:00,OANDA:GBPUSD,1.25364,1.25428,1.25267,1.25325,9495.0,Interval.in_2_hour,10116000.0,short,short,long,long,long,long,long,long,long,long,long,long,long,long,long,long,long,long,,,,,,,,,,,,,,,,,,,,,,,,,,,,long,short,long,long,short,short,short,short,short,short,short,short
4686,2022-04-28 00:00:00,OANDA:GBPUSD,1.25458,1.25519,1.25339,1.25364,3436.0,Interval.in_2_hour,10108800.0,short,short,short,short,long,long,long,long,long,long,long,long,long,long,long,long,long,long,,,,,,,,,,,,,,,,,,,,,,,,,,,,short,long,short,long,short,short,short,short,short,short,short,short
4687,2022-04-27 22:00:00,OANDA:GBPUSD,1.25414,1.25478,1.25354,1.25458,9471.0,Interval.in_2_hour,10101600.0,short,short,short,short,short,long,long,long,long,long,long,long,long,long,long,long,long,long,,,,,,,,,,,,,,,,,,,,,,,,,,,,short,short,short,short,short,short,short,short,short,short,short,short
4688,2022-04-27 20:00:00,OANDA:GBPUSD,1.25676,1.25691,1.25361,1.25414,14951.0,Interval.in_2_hour,10094400.0,short,short,short,short,short,short,long,long,long,long,long,long,long,long,long,long,long,long,,,,,,,,,,,,,,,,,,,,,,,,,,,,long,short,short,short,short,short,short,short,short,short,short,short
4689,2022-04-27 18:00:00,OANDA:GBPUSD,1.25032,1.25738,1.25027,1.25676,21161.0,Interval.in_2_hour,10087200.0,short,short,short,short,short,short,short,short,long,short,short,long,long,long,long,long,short,short,,,,,,,,,,,,,,,,,,,,,,,,,,,,short,short,short,short,short,short,short,short,short,short,short,short
4690,2022-04-27 16:00:00,OANDA:GBPUSD,1.25418,1.25789,1.25026,1.25032,33264.0,Interval.in_2_hour,10080000.0,short,short,short,short,short,short,short,long,long,long,long,long,long,long,long,long,long,long,,,,,,,,,,,,,,,,,,,,,,,,,,,,long,long,long,long,long,long,long,long,long,short,short,short
4691,2022-04-27 14:00:00,OANDA:GBPUSD,1.25891,1.25926,1.2527,1.25418,22990.0,Interval.in_2_hour,10072800.0,short,short,short,short,short,short,short,short,short,long,long,long,long,long,long,long,long,long,,,,,,,,,,,,,,,,,,,,,,,,,,,,short,long,short,long,short,short,short,short,short,short,short,short
4692,2022-04-27 12:00:00,OANDA:GBPUSD,1.25382,1.2602,1.2538,1.25891,19059.0,Interval.in_2_hour,10065600.0,short,short,short,short,short,short,short,short,short,short,short,short,short,short,short,long,short,short,,,,,,,,,,,,,,,,,,,,,,,,,,,,short,short,short,short,short,short,short,short,short,short,short,short
4693,2022-04-27 10:00:00,OANDA:GBPUSD,1.25739,1.25803,1.2536,1.25382,24829.0,Interval.in_2_hour,10058400.0,short,short,short,short,short,short,short,short,short,short,short,long,long,long,long,long,long,long,,,,,,,,,,,,,,,,,,,,,,,,,,,,long,long,short,long,long,long,short,short,long,short,long,short
4694,2022-04-27 08:00:00,OANDA:GBPUSD,1.25848,1.25976,1.25662,1.25739,16220.0,Interval.in_2_hour,10051200.0,short,short,short,short,short,short,short,short,short,short,short,short,short,short,short,short,long,long,,,,,,,,,,,,,,,,,,,,,,,,,,,,short,long,short,short,short,short,short,short,short,short,short,short
4695,2022-04-27 06:00:00,OANDA:GBPUSD,1.25804,1.25855,1.25744,1.25848,8000.0,Interval.in_2_hour,10044000.0,short,short,short,short,short,short,short,short,short,short,short,short,short,short,short,short,short,short,,,,,,,,,,,,,,,,,,,,,,,,,,,,short,short,long,short,short,short,short,short,short,short,short,short
4696,2022-04-27 04:00:00,OANDA:GBPUSD,1.25816,1.25918,1.25746,1.25804,13702.0,Interval.in_2_hour,10036800.0,short,short,short,short,short,short,short,short,short,short,short,short,short,short,short,short,short,short,,,,,,,,,,,,,,,,,,,,,,,,,,,,long,short,short,long,short,short,short,short,short,short,short,short
4697,2022-04-27 02:00:00,OANDA:GBPUSD,1.25774,1.25876,1.25694,1.25816,7794.0,Interval.in_2_hour,10029600.0,short,short,short,short,short,short,short,short,short,short,short,short,short,short,short,short,short,short,,,,,,,,,,,,,,,,,,,,,,,,,,,,short,long,short,short,long,short,short,short,short,short,short,short
4698,2022-04-27 00:00:00,OANDA:GBPUSD,1.25749,1.25826,1.256,1.25774,5790.0,Interval.in_2_hour,10022400.0,short,short,short,short,short,short,short,short,short,short,short,short,short,short,short,short,short,short,,,,,,,,,,,,,,,,,,,,,,,,,,,,long,long,long,short,short,long,short,short,short,short,short,short
4699,2022-04-26 22:00:00,OANDA:GBPUSD,1.25871,1.25899,1.25714,1.25749,9208.0,Interval.in_2_hour,10015200.0,short,short,short,short,short,short,short,short,short,short,short,short,short,short,short,short,short,short,,,,,,,,,,,,,,,,,,,,,,,,,,,,long,long,long,long,short,short,long,short,short,short,short,short
4700,2022-04-26 20:00:00,OANDA:GBPUSD,1.26114,1.26146,1.25842,1.25871,14378.0,Interval.in_2_hour,10008000.0,short,short,short,short,short,short,short,short,short,short,short,short,short,short,short,short,short,short,,,,,,,,,,,,,,,,,,,,,,,,,,,,short,short,short,short,short,short,short,long,short,short,short,short
4701,2022-04-26 18:00:00,OANDA:GBPUSD,1.26189,1.26374,1.26004,1.26114,22156.0,Interval.in_2_hour,10000800.0,short,short,short,short,short,short,short,short,short,short,short,short,short,short,short,short,short,short,,,,,,,,,,,,,,,,,,,,,,,,,,,,short,short,short,short,short,short,short,short,short,short,short,short
4702,2022-04-26 16:00:00,OANDA:GBPUSD,1.26802,1.2698,1.26188,1.26189,31050.0,Interval.in_2_hour,9993600.0,short,short,short,short,short,short,short,short,short,short,short,short,short,short,short,short,short,short,,,,,,,,,,,,,,,,,,,,,,,,,,,,short,short,short,short,short,short,short,short,short,short,short,short
4703,2022-04-26 14:00:00,OANDA:GBPUSD,1.27142,1.27167,1.26698,1.26802,19717.0,Interval.in_2_hour,9986400.0,short,short,short,short,short,short,short,short,short,short,short,short,short,short,short,short,short,short,,,,,,,,,,,,,,,,,,,,,,,,,,,,short,short,short,short,short,short,short,short,short,short,short,short
4704,2022-04-26 12:00:00,OANDA:GBPUSD,1.27213,1.2727,1.27056,1.27142,15437.0,Interval.in_2_hour,9979200.0,short,short,short,short,short,short,short,short,short,short,short,short,short,short,short,short,short,short,,,,,,,,,,,,,,,,,,,,,,,,,,,,short,short,short,short,short,short,short,short,short,short,short,short
4705,2022-04-26 10:00:00,OANDA:GBPUSD,1.27392,1.27432,1.27109,1.27213,23088.0,Interval.in_2_hour,9972000.0,short,short,short,short,short,short,short,short,short,short,short,short,short,short,short,short,short,short,,,,,,,,,,,,,,,,,,,,,,,,,,,,short,short,short,short,short,short,short,short,short,short,short,short
4706,2022-04-26 08:00:00,OANDA:GBPUSD,1.27612,1.27618,1.27326,1.27392,15939.0,Interval.in_2_hour,9964800.0,short,short,short,short,short,short,short,short,short,short,short,short,short,short,short,short,short,short,,,,,,,,,,,,,,,,,,,,,,,,,,,,short,short,short,short,short,short,short,short,short,short,short,short
4707,2022-04-26 06:00:00,OANDA:GBPUSD,1.2763,1.27726,1.27599,1.27612,10949.0,Interval.in_2_hour,9957600.0,short,short,short,short,short,short,short,short,short,short,short,short,short,short,short,short,short,short,,,,,,,,,,,,,,,,,,,,,,,,,,,,short,short,short,short,short,short,short,short,short,short,short,short
4708,2022-04-26 04:00:00,OANDA:GBPUSD,1.27466,1.27631,1.27361,1.2763,15243.0,Interval.in_2_hour,9950400.0,short,short,short,short,short,short,short,short,short,short,short,short,short,short,short,short,short,short,,,,,,,,,,,,,,,,,,,,,,,,,,,,short,short,short,short,short,short,short,short,short,short,short,short
4709,2022-04-26 02:00:00,OANDA:GBPUSD,1.27408,1.2748,1.27308,1.27466,9753.0,Interval.in_2_hour,9943200.0,short,short,short,short,short,short,short,short,short,short,short,short,short,short,short,short,short,short,,,,,,,,,,,,,,,,,,,,,,,,,,,,long,long,short,short,short,short,short,short,short,short,short,short
4710,2022-04-26 00:00:00,OANDA:GBPUSD,1.27412,1.27448,1.27215,1.27408,10979.0,Interval.in_2_hour,9936000.0,short,short,short,short,short,short,short,short,short,short,short,short,short,short,short,short,short,short,,,,,,,,,,,,,,,,,,,,,,,,,,,,long,long,long,short,short,short,short,short,short,short,short,short
4711,2022-04-25 22:00:00,OANDA:GBPUSD,1.27328,1.27452,1.27287,1.27412,10734.0,Interval.in_2_hour,9928800.0,short,short,short,short,short,short,short,short,short,short,short,short,short,short,short,short,short,short,,,,,,,,,,,,,,,,,,,,,,,,,,,,short,long,long,long,short,short,short,short,short,short,short,short
4712,2022-04-25 20:00:00,OANDA:GBPUSD,1.27297,1.2744,1.27218,1.27328,18339.0,Interval.in_2_hour,9921600.0,short,short,short,short,short,short,short,short,short,short,short,short,short,short,short,short,short,short,,,,,,,,,,,,,,,,,,,,,,,,,,,,long,long,long,long,long,long,short,short,short,short,short,short
4713,2022-04-25 18:00:00,OANDA:GBPUSD,1.27131,1.27348,1.26972,1.27297,25118.0,Interval.in_2_hour,9914400.0,short,short,short,short,short,short,short,short,short,short,short,short,short,short,short,short,short,short,,,,,,,,,,,,,,,,,,,,,,,,,,,,long,long,long,long,long,long,long,short,short,short,short,short
4714,2022-04-25 16:00:00,OANDA:GBPUSD,1.27372,1.27382,1.27119,1.27131,33626.0,Interval.in_2_hour,9907200.0,short,short,short,short,short,short,short,short,short,short,short,short,short,short,short,short,short,short,,,,,,,,,,,,,,,,,,,,,,,,,,,,long,long,long,long,long,long,long,long,long,long,short,short
4715,2022-04-25 14:00:00,OANDA:GBPUSD,1.27092,1.27552,1.27054,1.27372,31388.0,Interval.in_2_hour,9900000.0,short,short,short,short,short,short,short,short,short,short,short,short,short,short,short,short,short,short,,,,,,,,,,,,,,,,,,,,,,,,,,,,short,short,short,long,long,long,long,long,long,short,short,short
4716,2022-04-25 12:00:00,OANDA:GBPUSD,1.2747,1.27492,1.27086,1.27092,20567.0,Interval.in_2_hour,9892800.0,short,short,short,short,short,short,short,short,short,short,short,short,short,short,short,short,short,short,,,,,,,,,,,,,,,,,,,,,,,,,,,,long,long,long,long,long,long,long,long,long,long,long,long
4717,2022-04-25 10:00:00,OANDA:GBPUSD,1.27308,1.27661,1.27293,1.2747,31211.0,Interval.in_2_hour,9885600.0,short,short,short,short,short,short,short,short,short,short,short,short,short,short,short,short,short,short,,,,,,,,,,,,,,,,,,,,,,,,,,,,short,short,short,short,short,short,short,short,long,long,short,short
4718,2022-04-25 08:00:00,OANDA:GBPUSD,1.27998,1.28078,1.27288,1.27308,23851.0,Interval.in_2_hour,9878400.0,short,short,short,short,short,short,short,short,short,short,short,short,short,short,short,short,short,short,,,,,,,,,,,,,,,,,,,,,,,,,,,,long,short,long,short,short,long,long,long,long,long,long,long
4719,2022-04-25 06:00:00,OANDA:GBPUSD,1.28025,1.28112,1.27964,1.27998,9914.0,Interval.in_2_hour,9871200.0,short,short,short,short,short,short,short,short,short,short,short,short,short,short,short,short,short,short,,,,,,,,,,,,,,,,,,,,,,,,,,,,short,short,short,short,short,short,short,short,short,short,short,short
4720,2022-04-25 04:00:00,OANDA:GBPUSD,1.28217,1.28256,1.27922,1.28025,17746.0,Interval.in_2_hour,9864000.0,short,short,short,short,short,short,short,short,short,short,short,short,short,short,short,short,short,short,,,,,,,,,,,,,,,,,,,,,,,,,,,,short,short,short,short,short,short,short,short,short,short,short,short
4721,2022-04-25 02:00:00,OANDA:GBPUSD,1.28298,1.28328,1.28169,1.28217,10508.0,Interval.in_2_hour,9856800.0,short,short,short,short,short,short,short,short,short,short,short,short,short,short,short,short,short,short,,,,,,,,,,,,,,,,,,,,,,,,,,,,short,short,short,short,short,short,short,short,short,short,short,short
4722,2022-04-25 00:00:00,OANDA:GBPUSD,1.28384,1.28444,1.28261,1.28298,5940.0,Interval.in_2_hour,9849600.0,short,short,short,short,short,short,short,short,short,short,short,short,short,short,short,short,short,short,,,,,,,,,,,,,,,,,,,,,,,,,,,,short,short,short,short,short,short,short,short,short,short,short,short
4723,2022-04-22 22:00:00,OANDA:GBPUSD,1.28243,1.28426,1.28243,1.28384,10755.0,Interval.in_2_hour,9669600.0,short,short,short,short,short,short,short,short,short,short,short,short,short,short,short,short,short,short,,,,,,,,,,,,,,,,,,,,,,,,,,,,short,short,short,short,short,short,short,short,short,short,short,short
4724,2022-04-22 20:00:00,OANDA:GBPUSD,1.28366,1.28452,1.28231,1.28243,13551.0,Interval.in_2_hour,9662400.0,short,short,short,short,short,short,short,short,short,short,short,short,short,short,short,short,short,short,,,,,,,,,,,,,,,,,,,,,,,,,,,,long,long,short,short,short,short,short,short,short,short,short,short
4725,2022-04-22 18:00:00,OANDA:GBPUSD,1.28427,1.28567,1.28288,1.28366,20636.0,Interval.in_2_hour,9655200.0,short,short,short,short,short,short,short,short,short,short,short,short,short,short,short,short,short,short,,,,,,,,,,,,,,,,,,,,,,,,,,,,short,long,short,short,short,short,short,short,short,short,short,short
4726,2022-04-22 16:00:00,OANDA:GBPUSD,1.28806,1.28947,1.28388,1.28427,29490.0,Interval.in_2_hour,9648000.0,short,short,short,short,short,short,short,short,short,short,short,short,short,short,short,short,short,short,,,,,,,,,,,,,,,,,,,,,,,,,,,,short,short,short,short,short,short,short,short,short,short,short,short
4727,2022-04-22 14:00:00,OANDA:GBPUSD,1.29089,1.29162,1.28749,1.28806,17766.0,Interval.in_2_hour,9640800.0,short,short,short,short,short,short,short,short,short,short,short,short,short,short,short,short,short,short,,,,,,,,,,,,,,,,,,,,,,,,,,,,short,short,short,short,short,short,short,short,short,short,short,short
4728,2022-04-22 12:00:00,OANDA:GBPUSD,1.2887,1.29093,1.28622,1.29089,17830.0,Interval.in_2_hour,9633600.0,short,short,short,short,short,short,short,short,short,short,short,short,short,short,short,short,short,short,,,,,,,,,,,,,,,,,,,,,,,,,,,,short,short,short,short,short,short,short,short,short,short,short,short
4729,2022-04-22 10:00:00,OANDA:GBPUSD,1.29654,1.29685,1.28826,1.2887,27155.0,Interval.in_2_hour,9626400.0,short,short,short,short,short,short,short,short,short,short,short,short,short,short,short,short,short,short,,,,,,,,,,,,,,,,,,,,,,,,,,,,long,short,short,short,short,short,short,short,short,short,short,short
4730,2022-04-22 08:00:00,OANDA:GBPUSD,1.30263,1.30332,1.296,1.29654,18329.0,Interval.in_2_hour,9619200.0,short,short,short,short,short,short,short,short,short,short,short,short,short,short,short,short,short,short,,,,,,,,,,,,,,,,,,,,,,,,,,,,short,short,short,short,short,short,short,short,short,short,short,short
4731,2022-04-22 06:00:00,OANDA:GBPUSD,1.30222,1.30308,1.30108,1.30263,12356.0,Interval.in_2_hour,9612000.0,short,short,short,short,short,short,short,short,short,short,short,short,short,short,short,short,short,short,,,,,,,,,,,,,,,,,,,,,,,,,,,,short,short,short,short,short,short,short,short,short,short,short,short
4732,2022-04-22 04:00:00,OANDA:GBPUSD,1.30233,1.30313,1.30198,1.30222,11729.0,Interval.in_2_hour,9604800.0,short,short,short,short,short,short,short,short,short,short,short,short,short,short,short,short,short,short,,,,,,,,,,,,,,,,,,,,,,,,,,,,long,short,short,short,short,short,short,short,short,short,short,short
4733,2022-04-22 02:00:00,OANDA:GBPUSD,1.30329,1.30356,1.30149,1.30233,8903.0,Interval.in_2_hour,9597600.0,short,short,short,short,short,short,short,short,short,short,short,short,short,short,short,short,short,short,,,,,,,,,,,,,,,,,,,,,,,,,,,,short,long,short,short,short,short,short,short,short,short,short,short
4734,2022-04-22 00:00:00,OANDA:GBPUSD,1.3026,1.30342,1.3026,1.30329,5107.0,Interval.in_2_hour,9590400.0,short,short,short,short,short,short,short,short,short,short,short,short,short,short,short,short,short,short,,,,,,,,,,,,,,,,,,,,,,,,,,,,short,short,short,short,short,short,short,short,short,short,short,short
4735,2022-04-21 22:00:00,OANDA:GBPUSD,1.30277,1.30336,1.30228,1.3026,8181.0,Interval.in_2_hour,9583200.0,short,short,short,short,short,short,short,short,short,short,short,short,short,short,short,short,short,short,,,,,,,,,,,,,,,,,,,,,,,,,,,,long,short,short,long,short,short,short,short,short,short,short,short
4736,2022-04-21 20:00:00,OANDA:GBPUSD,1.30354,1.3048,1.30238,1.30277,16794.0,Interval.in_2_hour,9576000.0,short,short,short,short,short,short,short,short,short,short,short,short,short,short,short,short,short,short,,,,,,,,,,,,,,,,,,,,,,,,,,,,short,long,short,short,short,short,short,short,short,short,short,short
4737,2022-04-21 18:00:00,OANDA:GBPUSD,1.30314,1.30536,1.30225,1.30354,18144.0,Interval.in_2_hour,9568800.0,short,short,short,short,short,short,short,short,short,short,short,short,short,short,short,short,short,short,,,,,,,,,,,,,,,,,,,,,,,,,,,,short,short,short,short,short,short,short,short,short,short,short,short
4738,2022-04-21 16:00:00,OANDA:GBPUSD,1.30468,1.30764,1.30262,1.30314,24065.0,Interval.in_2_hour,9561600.0,short,short,short,short,short,short,short,short,short,short,short,short,short,short,short,short,short,short,,,,,,,,,,,,,,,,,,,,,,,,,,,,long,short,short,long,short,short,short,short,short,short,short,short
4739,2022-04-21 14:00:00,OANDA:GBPUSD,1.30656,1.30662,1.30245,1.30468,16578.0,Interval.in_2_hour,9554400.0,short,short,short,short,short,short,short,short,short,short,short,short,short,short,short,short,short,short,,,,,,,,,,,,,,,,,,,,,,,,,,,,short,short,short,short,short,short,short,short,short,short,short,short
4740,2022-04-21 12:00:00,OANDA:GBPUSD,1.306,1.30906,1.30572,1.30656,11756.0,Interval.in_2_hour,9547200.0,short,short,short,short,short,short,short,short,short,short,short,short,short,short,short,short,short,short,,,,,,,,,,,,,,,,,,,,,,,,,,,,short,short,short,short,short,short,short,short,short,short,short,short
4741,2022-04-21 10:00:00,OANDA:GBPUSD,1.30803,1.30826,1.30486,1.306,19905.0,Interval.in_2_hour,9540000.0,short,short,short,short,short,short,short,short,short,short,short,short,short,short,short,short,short,short,,,,,,,,,,,,,,,,,,,,,,,,,,,,long,short,short,short,short,short,short,short,short,short,short,short
4742,2022-04-21 08:00:00,OANDA:GBPUSD,1.30514,1.30816,1.30494,1.30803,17408.0,Interval.in_2_hour,9532800.0,short,short,short,short,short,short,short,short,short,short,short,short,short,short,short,short,short,short,,,,,,,,,,,,,,,,,,,,,,,,,,,,short,short,short,short,short,short,short,short,short,short,short,short
4743,2022-04-21 06:00:00,OANDA:GBPUSD,1.30465,1.30558,1.30423,1.30514,7214.0,Interval.in_2_hour,9525600.0,short,short,short,short,short,short,short,short,short,short,short,short,short,short,short,short,short,short,,,,,,,,,,,,,,,,,,,,,,,,,,,,long,long,long,short,short,short,short,short,short,short,short,short
4744,2022-04-21 04:00:00,OANDA:GBPUSD,1.30528,1.30618,1.30464,1.30465,11632.0,Interval.in_2_hour,9518400.0,short,short,short,short,short,short,short,short,short,short,short,short,short,short,short,short,short,short,,,,,,,,,,,,,,,,,,,,,,,,,,,,long,long,long,long,long,short,short,short,short,short,short,short
4745,2022-04-21 02:00:00,OANDA:GBPUSD,1.30732,1.3074,1.30468,1.30528,9238.0,Interval.in_2_hour,9511200.0,short,short,short,short,short,short,short,short,short,short,short,short,short,short,short,short,short,short,,,,,,,,,,,,,,,,,,,,,,,,,,,,short,short,long,long,long,short,short,short,short,short,short,short
4746,2022-04-21 00:00:00,OANDA:GBPUSD,1.30688,1.30741,1.30556,1.30732,4833.0,Interval.in_2_hour,9504000.0,short,short,short,short,short,short,short,short,short,short,short,short,short,short,short,short,short,short,,,,,,,,,,,,,,,,,,,,,,,,,,,,short,short,short,long,short,short,short,short,short,short,short,short
4747,2022-04-20 22:00:00,OANDA:GBPUSD,1.30566,1.30695,1.30536,1.30688,6555.0,Interval.in_2_hour,9496800.0,short,short,short,short,short,short,short,short,short,short,short,short,short,short,short,short,short,short,,,,,,,,,,,,,,,,,,,,,,,,,,,,long,short,short,short,long,short,short,short,short,short,short,short
4748,2022-04-20 20:00:00,OANDA:GBPUSD,1.30509,1.30708,1.30494,1.30566,12282.0,Interval.in_2_hour,9489600.0,short,short,short,short,short,short,short,short,short,short,short,short,short,short,short,short,short,short,,,,,,,,,,,,,,,,,,,,,,,,,,,,long,long,short,short,short,long,long,long,short,short,short,short
4749,2022-04-20 18:00:00,OANDA:GBPUSD,1.30472,1.3065,1.30367,1.30509,13901.0,Interval.in_2_hour,9482400.0,short,short,short,short,short,short,short,short,short,short,short,short,short,short,short,short,short,short,,,,,,,,,,,,,,,,,,,,,,,,,,,,long,long,long,long,short,long,long,long,long,short,short,short
4750,2022-04-20 16:00:00,OANDA:GBPUSD,1.30554,1.30657,1.30344,1.30472,26003.0,Interval.in_2_hour,9475200.0,short,short,short,short,short,short,short,short,short,short,short,short,short,short,short,short,short,short,,,,,,,,,,,,,,,,,,,,,,,,,,,,long,long,long,long,long,short,long,long,long,long,short,short
4751,2022-04-20 14:00:00,OANDA:GBPUSD,1.30576,1.30618,1.30326,1.30554,17119.0,Interval.in_2_hour,9468000.0,short,short,short,short,short,short,short,short,short,short,short,short,short,short,short,short,short,short,,,,,,,,,,,,,,,,,,,,,,,,,,,,short,short,long,long,long,short,short,short,long,long,long,short
4752,2022-04-20 12:00:00,OANDA:GBPUSD,1.30296,1.30665,1.3023,1.30576,16675.0,Interval.in_2_hour,9460800.0,short,short,short,short,short,short,short,short,short,short,short,short,short,short,short,short,short,short,,,,,,,,,,,,,,,,,,,,,,,,,,,,short,short,short,short,long,long,short,short,short,long,long,long
4753,2022-04-20 10:00:00,OANDA:GBPUSD,1.30236,1.30317,1.29966,1.30296,16853.0,Interval.in_2_hour,9453600.0,long,long,long,long,short,short,long,short,short,short,short,short,short,short,short,short,short,short,,,,,,,,,,,,,,,,,,,,,,,,,,,,long,long,long,long,long,long,long,long,long,long,long,long
4754,2022-04-20 08:00:00,OANDA:GBPUSD,1.30367,1.30384,1.30166,1.30236,11476.0,Interval.in_2_hour,9446400.0,long,long,long,long,long,long,long,long,short,short,long,short,short,short,short,short,short,short,,,,,,,,,,,,,,,,,,,,,,,,,,,,long,long,long,long,long,long,long,long,long,long,long,long
4755,2022-04-20 06:00:00,OANDA:GBPUSD,1.30296,1.30455,1.30294,1.30367,12395.0,Interval.in_2_hour,9439200.0,long,long,long,long,short,short,short,short,short,short,short,short,short,short,short,short,short,short,,,,,,,,,,,,,,,,,,,,,,,,,,,,short,short,long,long,long,long,long,long,long,long,long,long
4756,2022-04-20 04:00:00,OANDA:GBPUSD,1.30192,1.30369,1.30112,1.30296,15458.0,Interval.in_2_hour,9432000.0,long,long,long,long,long,long,long,short,short,long,short,short,short,short,short,short,short,short,,,,,,,,,,,,,,,,,,,,,,,,,,,,long,short,long,long,long,long,long,long,long,long,long,long
4757,2022-04-20 02:00:00,OANDA:GBPUSD,1.30092,1.30206,1.30049,1.30192,6911.0,Interval.in_2_hour,9424800.0,long,long,long,long,long,long,long,long,long,long,long,long,long,long,short,short,short,short,,,,,,,,,,,,,,,,,,,,,,,,,,,,long,long,long,long,long,long,long,long,long,long,long,long
4758,2022-04-20 00:00:00,OANDA:GBPUSD,1.29993,1.30093,1.29929,1.30092,3388.0,Interval.in_2_hour,9417600.0,long,long,long,long,long,long,long,long,long,long,long,long,long,long,long,short,short,short,,,,,,,,,,,,,,,,,,,,,,,,,,,,long,long,long,long,long,long,long,long,long,long,long,long
4759,2022-04-19 22:00:00,OANDA:GBPUSD,1.2999,1.3003,1.2992,1.29993,6542.0,Interval.in_2_hour,9410400.0,long,long,long,long,long,long,long,long,long,long,long,long,long,long,long,long,short,short,,,,,,,,,,,,,,,,,,,,,,,,,,,,long,long,long,long,long,long,long,long,long,long,long,long
4760,2022-04-19 20:00:00,OANDA:GBPUSD,1.30071,1.30151,1.29922,1.2999,11064.0,Interval.in_2_hour,9403200.0,long,long,long,long,long,long,long,long,long,long,long,long,long,long,long,long,long,short,,,,,,,,,,,,,,,,,,,,,,,,,,,,long,long,long,long,long,long,long,long,long,long,long,long
4761,2022-04-19 18:00:00,OANDA:GBPUSD,1.29896,1.30124,1.29875,1.30071,15356.0,Interval.in_2_hour,9396000.0,long,long,long,long,long,long,long,long,long,long,long,long,long,long,long,long,long,long,,,,,,,,,,,,,,,,,,,,,,,,,,,,short,short,long,long,long,long,long,long,long,long,long,long
4762,2022-04-19 16:00:00,OANDA:GBPUSD,1.30011,1.3008,1.29807,1.29896,26503.0,Interval.in_2_hour,9388800.0,long,long,long,long,long,long,long,long,long,long,long,long,long,long,long,long,long,long,,,,,,,,,,,,,,,,,,,,,,,,,,,,long,long,long,long,long,long,long,long,long,long,long,long
4763,2022-04-19 14:00:00,OANDA:GBPUSD,1.30297,1.303,1.29971,1.30011,16371.0,Interval.in_2_hour,9381600.0,long,long,long,long,long,long,long,long,long,long,long,long,long,long,long,long,long,long,,,,,,,,,,,,,,,,,,,,,,,,,,,,short,long,short,short,long,long,long,long,long,long,long,long
4764,2022-04-19 12:00:00,OANDA:GBPUSD,1.30402,1.3041,1.30143,1.30297,15756.0,Interval.in_2_hour,9374400.0,long,long,long,long,long,long,long,long,long,long,long,long,long,long,long,short,short,long,,,,,,,,,,,,,,,,,,,,,,,,,,,,short,short,short,short,short,short,short,short,long,short,short,long
4765,2022-04-19 10:00:00,OANDA:GBPUSD,1.30071,1.30402,1.30014,1.30402,18502.0,Interval.in_2_hour,9367200.0,long,long,long,long,long,long,long,long,long,long,long,long,long,long,short,short,short,short,,,,,,,,,,,,,,,,,,,,,,,,,,,,short,short,short,short,short,short,short,short,short,short,short,short
4766,2022-04-19 08:00:00,OANDA:GBPUSD,1.2999,1.3011,1.29882,1.30071,13324.0,Interval.in_2_hour,9360000.0,long,long,long,long,long,long,long,long,long,long,long,long,long,long,long,long,long,long,,,,,,,,,,,,,,,,,,,,,,,,,,,,long,long,short,short,long,short,short,long,long,long,long,long
4767,2022-04-19 06:00:00,OANDA:GBPUSD,1.29968,1.30097,1.29934,1.2999,9015.0,Interval.in_2_hour,9352800.0,long,long,long,long,long,long,long,long,long,long,long,long,long,long,long,long,long,long,,,,,,,,,,,,,,,,,,,,,,,,,,,,long,long,long,long,short,long,long,long,long,long,long,long
4768,2022-04-19 04:00:00,OANDA:GBPUSD,1.30064,1.3011,1.29895,1.29968,11329.0,Interval.in_2_hour,9345600.0,long,long,long,long,long,long,long,long,long,long,long,long,long,long,long,long,long,long,,,,,,,,,,,,,,,,,,,,,,,,,,,,long,long,long,long,long,short,long,long,long,long,long,long
4769,2022-04-19 02:00:00,OANDA:GBPUSD,1.301,1.3019,1.30014,1.30064,7500.0,Interval.in_2_hour,9338400.0,long,long,long,long,long,long,long,long,long,long,long,long,long,long,long,long,long,long,,,,,,,,,,,,,,,,,,,,,,,,,,,,short,short,long,long,long,short,short,long,short,short,long,long
4770,2022-04-19 00:00:00,OANDA:GBPUSD,1.30121,1.30148,1.30078,1.301,2518.0,Interval.in_2_hour,9331200.0,long,long,long,long,long,long,long,long,long,long,long,long,long,long,long,long,long,long,,,,,,,,,,,,,,,,,,,,,,,,,,,,short,short,short,short,long,long,short,short,short,short,short,short
4771,2022-04-18 22:00:00,OANDA:GBPUSD,1.3009,1.30132,1.3005,1.30121,4828.0,Interval.in_2_hour,9324000.0,short,long,long,long,long,long,long,long,long,long,long,long,long,long,long,long,long,long,,,,,,,,,,,,,,,,,,,,,,,,,,,,short,short,short,short,short,long,long,short,short,short,short,short
4772,2022-04-18 20:00:00,OANDA:GBPUSD,1.30098,1.3019,1.30088,1.3009,8789.0,Interval.in_2_hour,9316800.0,short,long,long,long,long,long,long,long,long,long,long,long,long,long,long,long,long,long,,,,,,,,,,,,,,,,,,,,,,,,,,,,long,long,short,short,short,short,long,long,short,short,short,short
4773,2022-04-18 18:00:00,OANDA:GBPUSD,1.30185,1.3025,1.3005,1.30098,9950.0,Interval.in_2_hour,9309600.0,short,short,short,long,long,long,long,long,long,long,long,long,long,long,long,long,long,long,,,,,,,,,,,,,,,,,,,,,,,,,,,,short,long,long,short,short,short,short,long,long,short,short,short
4774,2022-04-18 16:00:00,OANDA:GBPUSD,1.30366,1.30448,1.30139,1.30185,16822.0,Interval.in_2_hour,9302400.0,short,short,short,short,long,long,long,long,long,long,long,long,long,long,long,long,long,long,,,,,,,,,,,,,,,,,,,,,,,,,,,,short,short,short,short,short,short,short,short,long,long,short,short
4775,2022-04-18 14:00:00,OANDA:GBPUSD,1.30282,1.3045,1.30276,1.30366,10195.0,Interval.in_2_hour,9295200.0,short,short,short,short,short,short,short,long,short,short,long,long,long,long,long,long,long,long,,,,,,,,,,,,,,,,,,,,,,,,,,,,short,short,short,short,short,short,short,short,short,long,short,short
4776,2022-04-18 12:00:00,OANDA:GBPUSD,1.30149,1.30282,1.301,1.30282,7266.0,Interval.in_2_hour,9288000.0,short,short,short,short,short,short,short,long,long,short,long,long,long,long,long,long,long,long,,,,,,,,,,,,,,,,,,,,,,,,,,,,long,short,short,short,short,short,short,short,short,short,long,long
4777,2022-04-18 10:00:00,OANDA:GBPUSD,1.3022,1.30274,1.30064,1.30149,9224.0,Interval.in_2_hour,9280800.0,long,short,short,short,short,short,short,long,long,long,long,long,long,long,long,long,long,long,,,,,,,,,,,,,,,,,,,,,,,,,,,,long,long,long,short,short,short,short,short,short,short,short,long
4778,2022-04-18 08:00:00,OANDA:GBPUSD,1.3022,1.30292,1.30216,1.3022,7186.0,Interval.in_2_hour,9273600.0,long,long,short,short,short,short,short,short,short,long,long,long,long,long,long,long,long,long,,,,,,,,,,,,,,,,,,,,,,,,,,,,short,long,long,short,short,short,short,short,short,short,short,short
4779,2022-04-18 06:00:00,OANDA:GBPUSD,1.30387,1.30392,1.30188,1.3022,7289.0,Interval.in_2_hour,9266400.0,short,long,long,short,short,short,short,short,short,short,long,long,long,long,long,long,long,long,,,,,,,,,,,,,,,,,,,,,,,,,,,,long,short,long,long,short,short,short,short,short,short,short,short
4780,2022-04-18 04:00:00,OANDA:GBPUSD,1.30446,1.30533,1.30364,1.30387,10961.0,Interval.in_2_hour,9259200.0,short,short,long,short,short,short,short,short,short,short,short,short,short,short,short,long,long,long,,,,,,,,,,,,,,,,,,,,,,,,,,,,short,short,short,short,short,short,short,short,short,short,short,short
4781,2022-04-18 02:00:00,OANDA:GBPUSD,1.30642,1.30642,1.30351,1.30446,8919.0,Interval.in_2_hour,9252000.0,short,short,short,short,short,short,short,short,short,short,short,short,short,short,short,short,long,long,,,,,,,,,,,,,,,,,,,,,,,,,,,,short,short,short,short,short,short,short,short,short,short,short,short
4782,2022-04-18 00:00:00,OANDA:GBPUSD,1.30576,1.3065,1.30504,1.30642,2257.0,Interval.in_2_hour,9244800.0,short,short,short,short,short,short,short,short,short,short,short,short,short,short,short,short,short,short,,,,,,,,,,,,,,,,,,,,,,,,,,,,short,short,short,short,short,short,short,short,short,short,short,short
4783,2022-04-15 22:00:00,OANDA:GBPUSD,1.30648,1.30682,1.30556,1.30576,1772.0,Interval.in_2_hour,9064800.0,short,short,short,short,short,short,short,short,short,short,short,short,short,short,short,short,short,short,,,,,,,,,,,,,,,,,,,,,,,,,,,,long,short,short,short,short,short,short,short,short,short,short,short
4784,2022-04-15 20:00:00,OANDA:GBPUSD,1.30632,1.30678,1.30616,1.30648,11247.0,Interval.in_2_hour,9057600.0,short,short,short,short,short,short,short,short,short,short,short,short,short,short,short,short,short,short,,,,,,,,,,,,,,,,,,,,,,,,,,,,short,short,short,short,short,short,short,short,short,short,short,short
4785,2022-04-15 18:00:00,OANDA:GBPUSD,1.30624,1.30636,1.3059,1.30632,6431.0,Interval.in_2_hour,9050400.0,short,short,short,short,short,short,short,short,short,short,short,short,short,short,short,short,short,short,,,,,,,,,,,,,,,,,,,,,,,,,,,,long,short,long,short,short,short,short,short,short,short,short,short
4786,2022-04-15 16:00:00,OANDA:GBPUSD,1.30664,1.30706,1.30594,1.30624,16184.0,Interval.in_2_hour,9043200.0,short,short,short,short,short,short,short,short,short,short,short,short,short,short,short,short,short,short,,,,,,,,,,,,,,,,,,,,,,,,,,,,long,long,short,long,short,short,short,short,short,short,short,short
4787,2022-04-15 14:00:00,OANDA:GBPUSD,1.30654,1.30716,1.30578,1.30664,53109.0,Interval.in_2_hour,9036000.0,short,short,short,short,short,short,short,short,short,short,short,short,short,short,short,short,short,short,,,,,,,,,,,,,,,,,,,,,,,,,,,,short,short,short,short,short,short,short,short,short,short,short,short
4788,2022-04-15 12:00:00,OANDA:GBPUSD,1.30684,1.30718,1.30606,1.30654,59250.0,Interval.in_2_hour,9028800.0,short,short,short,short,short,short,short,short,short,short,short,short,short,short,short,short,short,short,,,,,,,,,,,,,,,,,,,,,,,,,,,,long,short,short,short,short,short,short,short,short,short,short,short
4789,2022-04-15 10:00:00,OANDA:GBPUSD,1.30572,1.30744,1.30548,1.30684,30249.0,Interval.in_2_hour,9021600.0,short,short,short,short,short,short,short,short,short,short,short,short,short,short,short,short,short,short,,,,,,,,,,,,,,,,,,,,,,,,,,,,short,short,short,short,short,short,short,short,short,short,short,short
4790,2022-04-15 08:00:00,OANDA:GBPUSD,1.307,1.30722,1.30512,1.30572,40980.0,Interval.in_2_hour,9014400.0,short,short,short,short,short,short,short,short,short,short,short,short,short,short,short,short,short,short,,,,,,,,,,,,,,,,,,,,,,,,,,,,long,long,long,long,long,long,long,long,short,short,short,short
4791,2022-04-15 06:00:00,OANDA:GBPUSD,1.30682,1.30717,1.3057,1.307,42055.0,Interval.in_2_hour,9007200.0,short,short,short,short,short,short,short,short,short,short,short,short,short,short,short,short,short,short,,,,,,,,,,,,,,,,,,,,,,,,,,,,short,short,short,short,short,short,short,short,short,short,short,short
4792,2022-04-15 04:00:00,OANDA:GBPUSD,1.30566,1.3072,1.30469,1.30682,19381.0,Interval.in_2_hour,9000000.0,short,short,short,short,short,short,short,short,short,short,short,short,short,short,short,short,short,short,,,,,,,,,,,,,,,,,,,,,,,,,,,,long,short,long,short,short,short,short,short,short,short,short,short
4793,2022-04-15 02:00:00,OANDA:GBPUSD,1.30724,1.30759,1.30478,1.30566,23276.0,Interval.in_2_hour,8992800.0,short,short,short,short,short,short,short,short,short,short,short,short,short,short,short,short,short,short,,,,,,,,,,,,,,,,,,,,,,,,,,,,long,long,long,long,long,long,long,long,long,long,long,short
4794,2022-04-15 00:00:00,OANDA:GBPUSD,1.30795,1.30795,1.30623,1.30724,1843.0,Interval.in_2_hour,8985600.0,short,short,short,short,short,short,short,short,short,short,short,short,short,short,short,short,short,short,,,,,,,,,,,,,,,,,,,,,,,,,,,,short,short,short,short,short,short,short,short,short,short,short,short
4795,2022-04-14 22:00:00,OANDA:GBPUSD,1.30768,1.30817,1.30742,1.30795,6261.0,Interval.in_2_hour,8978400.0,short,short,short,short,short,short,short,short,short,short,short,short,short,short,short,short,short,short,,,,,,,,,,,,,,,,,,,,,,,,,,,,short,short,short,short,short,short,short,short,short,short,short,short
4796,2022-04-14 20:00:00,OANDA:GBPUSD,1.30572,1.30826,1.30566,1.30768,9693.0,Interval.in_2_hour,8971200.0,short,short,short,short,short,short,short,short,short,short,short,short,short,short,short,short,short,short,,,,,,,,,,,,,,,,,,,,,,,,,,,,long,short,short,short,short,short,short,short,short,short,short,short
4797,2022-04-14 18:00:00,OANDA:GBPUSD,1.30474,1.30736,1.3044,1.30572,24315.0,Interval.in_2_hour,8964000.0,long,long,long,short,short,short,short,short,short,short,short,short,short,short,short,short,short,short,,,,,,,,,,,,,,,,,,,,,,,,,,,,long,long,long,short,long,long,long,long,long,long,long,long
4798,2022-04-14 16:00:00,OANDA:GBPUSD,1.30964,1.30972,1.30336,1.30474,38187.0,Interval.in_2_hour,8956800.0,long,long,long,long,short,short,short,short,short,short,short,short,short,short,short,short,short,short,,,,,,,,,,,,,,,,,,,,,,,,,,,,long,long,long,long,long,long,long,long,long,long,long,long
4799,2022-04-14 14:00:00,OANDA:GBPUSD,1.31338,1.31464,1.30948,1.30964,27698.0,Interval.in_2_hour,8949600.0,short,short,short,short,short,short,short,short,short,short,short,short,short,short,short,short,short,short,,,,,,,,,,,,,,,,,,,,,,,,,,,,short,short,short,short,short,short,short,short,short,short,short,short
4800,2022-04-14 12:00:00,OANDA:GBPUSD,1.31354,1.31462,1.31221,1.31338,12305.0,Interval.in_2_hour,8942400.0,short,short,short,short,short,short,short,short,short,short,short,short,short,short,short,short,short,short,,,,,,,,,,,,,,,,,,,,,,,,,,,,short,short,short,short,short,short,short,short,short,short,short,short
4801,2022-04-14 10:00:00,OANDA:GBPUSD,1.31425,1.31446,1.31265,1.31354,13590.0,Interval.in_2_hour,8935200.0,short,short,short,short,short,short,short,short,short,short,short,short,short,short,short,short,short,short,,,,,,,,,,,,,,,,,,,,,,,,,,,,short,short,short,short,short,short,short,short,short,short,short,short
4802,2022-04-14 08:00:00,OANDA:GBPUSD,1.31382,1.31475,1.31314,1.31425,9416.0,Interval.in_2_hour,8928000.0,short,short,short,short,short,short,short,short,short,short,short,short,short,short,short,short,short,short,,,,,,,,,,,,,,,,,,,,,,,,,,,,short,short,short,short,short,short,short,short,short,short,short,short
4803,2022-04-14 06:00:00,OANDA:GBPUSD,1.31296,1.31406,1.31296,1.31382,5726.0,Interval.in_2_hour,8920800.0,short,short,short,short,short,short,short,short,short,short,short,short,short,short,short,short,short,short,,,,,,,,,,,,,,,,,,,,,,,,,,,,long,short,short,short,short,short,short,short,short,short,short,short
4804,2022-04-14 04:00:00,OANDA:GBPUSD,1.31158,1.31416,1.31136,1.31296,9798.0,Interval.in_2_hour,8913600.0,short,short,short,short,short,short,short,short,short,short,short,short,short,short,short,short,short,short,,,,,,,,,,,,,,,,,,,,,,,,,,,,long,long,long,long,short,short,short,short,short,short,short,short
4805,2022-04-14 02:00:00,OANDA:GBPUSD,1.31177,1.31308,1.3113,1.31158,7196.0,Interval.in_2_hour,8906400.0,short,short,short,short,short,short,short,short,short,short,short,short,short,short,short,short,short,short,,,,,,,,,,,,,,,,,,,,,,,,,,,,long,long,long,long,long,short,short,short,short,short,short,short
4806,2022-04-14 00:00:00,OANDA:GBPUSD,1.3117,1.3119,1.3104,1.31177,2263.0,Interval.in_2_hour,8899200.0,short,short,short,short,short,short,short,short,short,short,short,short,short,short,short,short,short,short,,,,,,,,,,,,,,,,,,,,,,,,,,,,short,long,long,long,long,long,short,short,short,short,short,short
4807,2022-04-13 22:00:00,OANDA:GBPUSD,1.31096,1.31176,1.31054,1.3117,5489.0,Interval.in_2_hour,8892000.0,short,short,short,short,short,short,short,short,short,short,short,short,short,short,short,short,short,short,,,,,,,,,,,,,,,,,,,,,,,,,,,,long,short,long,long,long,long,long,short,short,short,short,short
4808,2022-04-13 20:00:00,OANDA:GBPUSD,1.30936,1.31136,1.30888,1.31096,11402.0,Interval.in_2_hour,8884800.0,short,short,short,short,short,short,short,short,short,short,short,short,short,short,short,short,short,short,,,,,,,,,,,,,,,,,,,,,,,,,,,,long,long,long,long,long,long,long,long,short,short,short,short
4809,2022-04-13 18:00:00,OANDA:GBPUSD,1.30377,1.31031,1.3036,1.30936,20819.0,Interval.in_2_hour,8877600.0,short,short,short,short,short,short,short,short,short,short,short,short,short,short,short,short,short,short,,,,,,,,,,,,,,,,,,,,,,,,,,,,long,long,long,long,long,long,long,long,long,long,short,short
4810,2022-04-13 16:00:00,OANDA:GBPUSD,1.29946,1.30412,1.29928,1.30377,27271.0,Interval.in_2_hour,8870400.0,long,long,long,long,long,long,long,long,long,long,long,long,long,long,long,long,long,long,,,,,,,,,,,,,,,,,,,,,,,,,,,,long,long,long,long,long,long,long,long,long,long,long,long
4811,2022-04-13 14:00:00,OANDA:GBPUSD,1.30023,1.30247,1.2991,1.29946,21718.0,Interval.in_2_hour,8863200.0,long,long,long,long,long,long,long,long,long,long,long,long,long,long,long,long,long,long,,,,,,,,,,,,,,,,,,,,,,,,,,,,long,long,long,long,long,long,long,long,long,long,long,long
4812,2022-04-13 12:00:00,OANDA:GBPUSD,1.30068,1.30158,1.29937,1.30023,14304.0,Interval.in_2_hour,8856000.0,long,long,long,long,long,long,long,long,long,long,long,long,long,long,long,long,long,long,,,,,,,,,,,,,,,,,,,,,,,,,,,,short,long,long,long,long,long,long,long,long,long,long,long
4813,2022-04-13 10:00:00,OANDA:GBPUSD,1.29824,1.30162,1.29724,1.30068,18729.0,Interval.in_2_hour,8848800.0,long,long,long,long,long,long,long,long,long,long,long,long,long,long,long,long,long,long,,,,,,,,,,,,,,,,,,,,,,,,,,,,short,short,long,long,long,long,long,long,long,long,long,long
4814,2022-04-13 08:00:00,OANDA:GBPUSD,1.3004,1.30266,1.2982,1.29824,17490.0,Interval.in_2_hour,8841600.0,long,long,long,long,long,long,long,long,long,long,long,long,long,long,long,long,long,long,,,,,,,,,,,,,,,,,,,,,,,,,,,,long,long,long,long,long,long,long,long,long,long,long,long
4815,2022-04-13 06:00:00,OANDA:GBPUSD,1.30126,1.30148,1.30002,1.3004,6718.0,Interval.in_2_hour,8834400.0,long,long,long,long,long,long,long,long,long,long,long,long,long,long,long,long,long,long,,,,,,,,,,,,,,,,,,,,,,,,,,,,short,long,short,short,long,long,long,long,long,long,long,long
4816,2022-04-13 04:00:00,OANDA:GBPUSD,1.29926,1.3014,1.29921,1.30126,12083.0,Interval.in_2_hour,8827200.0,long,long,long,long,long,long,long,long,long,long,long,long,long,long,long,long,long,long,,,,,,,,,,,,,,,,,,,,,,,,,,,,short,short,short,short,short,long,long,long,long,long,long,long
4817,2022-04-13 02:00:00,OANDA:GBPUSD,1.30018,1.30062,1.29874,1.29926,6390.0,Interval.in_2_hour,8820000.0,long,long,long,long,long,long,long,long,long,long,long,long,long,long,long,long,long,long,,,,,,,,,,,,,,,,,,,,,,,,,,,,long,long,short,long,long,long,long,long,long,long,long,long
4818,2022-04-13 00:00:00,OANDA:GBPUSD,1.30016,1.30048,1.30004,1.30018,1266.0,Interval.in_2_hour,8812800.0,long,long,long,long,long,long,long,long,long,long,long,long,long,long,long,long,long,long,,,,,,,,,,,,,,,,,,,,,,,,,,,,short,long,long,short,long,long,short,long,long,long,long,long
4819,2022-04-12 22:00:00,OANDA:GBPUSD,1.30043,1.30062,1.29994,1.30016,7612.0,Interval.in_2_hour,8805600.0,long,long,long,long,long,long,long,long,long,long,long,long,long,long,long,long,long,long,,,,,,,,,,,,,,,,,,,,,,,,,,,,long,short,long,long,short,long,long,short,long,long,long,long
4820,2022-04-12 20:00:00,OANDA:GBPUSD,1.30223,1.30254,1.30011,1.30043,15931.0,Interval.in_2_hour,8798400.0,long,long,long,long,long,long,long,long,long,long,long,long,long,long,long,long,long,long,,,,,,,,,,,,,,,,,,,,,,,,,,,,short,short,short,long,short,short,long,short,short,long,long,long
4821,2022-04-12 18:00:00,OANDA:GBPUSD,1.3037,1.30456,1.3016,1.30223,24035.0,Interval.in_2_hour,8791200.0,long,long,long,long,long,long,long,long,long,long,long,long,long,long,long,long,long,long,,,,,,,,,,,,,,,,,,,,,,,,,,,,short,short,short,short,short,short,short,short,short,short,long,long
4822,2022-04-12 16:00:00,OANDA:GBPUSD,1.30491,1.3054,1.30335,1.3037,35501.0,Interval.in_2_hour,8784000.0,long,long,long,long,long,long,long,long,long,long,long,long,long,long,long,long,long,long,,,,,,,,,,,,,,,,,,,,,,,,,,,,short,short,short,short,short,short,short,short,short,short,short,long
4823,2022-04-12 14:00:00,OANDA:GBPUSD,1.30144,1.30502,1.30076,1.30491,25349.0,Interval.in_2_hour,8776800.0,short,long,long,long,long,long,long,long,long,long,long,long,short,long,long,long,long,long,,,,,,,,,,,,,,,,,,,,,,,,,,,,short,short,short,short,short,short,short,short,short,short,short,short
4824,2022-04-12 12:00:00,OANDA:GBPUSD,1.3003,1.3022,1.29939,1.30144,14856.0,Interval.in_2_hour,8769600.0,short,long,long,long,long,long,long,long,long,long,long,long,long,long,long,long,long,long,,,,,,,,,,,,,,,,,,,,,,,,,,,,long,long,long,short,short,short,short,short,short,short,short,short
4825,2022-04-12 10:00:00,OANDA:GBPUSD,1.30132,1.30196,1.3001,1.3003,21381.0,Interval.in_2_hour,8762400.0,short,short,long,long,long,long,long,long,long,long,long,long,long,long,long,long,long,long,,,,,,,,,,,,,,,,,,,,,,,,,,,,long,long,long,long,long,short,short,short,long,long,short,long
4826,2022-04-12 08:00:00,OANDA:GBPUSD,1.30261,1.30349,1.30032,1.30132,14597.0,Interval.in_2_hour,8755200.0,short,short,short,long,long,long,long,long,long,long,long,long,long,long,long,long,long,long,,,,,,,,,,,,,,,,,,,,,,,,,,,,short,long,long,long,long,short,short,short,short,short,short,short
4827,2022-04-12 06:00:00,OANDA:GBPUSD,1.30185,1.30318,1.30182,1.30261,10106.0,Interval.in_2_hour,8748000.0,short,short,short,short,long,long,long,long,long,long,long,long,long,long,long,long,long,long,,,,,,,,,,,,,,,,,,,,,,,,,,,,short,short,short,long,long,short,short,short,short,short,short,short
4828,2022-04-12 04:00:00,OANDA:GBPUSD,1.30202,1.30259,1.30044,1.30185,11810.0,Interval.in_2_hour,8740800.0,short,short,short,short,short,long,long,long,long,long,long,long,long,long,long,long,long,long,,,,,,,,,,,,,,,,,,,,,,,,,,,,long,short,short,short,long,long,long,short,short,short,short,short
4829,2022-04-12 02:00:00,OANDA:GBPUSD,1.30274,1.30381,1.30176,1.30202,8920.0,Interval.in_2_hour,8733600.0,short,short,short,short,short,short,long,long,long,long,long,long,long,long,long,long,long,long,,,,,,,,,,,,,,,,,,,,,,,,,,,,short,long,short,short,short,long,long,long,short,short,short,short
4830,2022-04-12 00:00:00,OANDA:GBPUSD,1.30282,1.30324,1.30274,1.30274,3037.0,Interval.in_2_hour,8726400.0,short,short,short,short,short,short,short,long,long,long,long,long,long,long,long,long,long,long,,,,,,,,,,,,,,,,,,,,,,,,,,,,short,short,short,short,short,short,long,long,short,short,short,short
4831,2022-04-11 22:00:00,OANDA:GBPUSD,1.3033,1.30356,1.30222,1.30282,6310.0,Interval.in_2_hour,8719200.0,short,short,short,short,short,short,short,short,long,long,long,long,long,long,long,long,long,long,,,,,,,,,,,,,,,,,,,,,,,,,,,,short,short,short,short,short,short,short,long,long,short,short,short
4832,2022-04-11 20:00:00,OANDA:GBPUSD,1.30248,1.30387,1.30196,1.3033,11141.0,Interval.in_2_hour,8712000.0,short,short,short,short,short,short,short,short,short,long,long,long,long,long,long,long,long,long,,,,,,,,,,,,,,,,,,,,,,,,,,,,short,short,short,short,short,short,short,short,long,long,short,short
4833,2022-04-11 18:00:00,OANDA:GBPUSD,1.304,1.30468,1.30234,1.30248,15692.0,Interval.in_2_hour,8704800.0,short,short,short,short,short,short,short,short,short,short,long,long,long,long,long,long,long,long,,,,,,,,,,,,,,,,,,,,,,,,,,,,long,long,long,short,short,long,short,short,short,long,long,short
4834,2022-04-11 16:00:00,OANDA:GBPUSD,1.30366,1.30432,1.30185,1.304,28048.0,Interval.in_2_hour,8697600.0,short,short,short,short,short,short,short,short,short,short,short,short,long,long,long,long,long,long,,,,,,,,,,,,,,,,,,,,,,,,,,,,short,short,short,short,short,short,short,short,short,short,long,short
4835,2022-04-11 14:00:00,OANDA:GBPUSD,1.30448,1.30482,1.3019,1.30366,17849.0,Interval.in_2_hour,8690400.0,long,short,short,short,short,short,short,short,short,short,short,short,long,long,long,long,long,long,,,,,,,,,,,,,,,,,,,,,,,,,,,,long,short,short,short,short,short,short,short,short,short,short,long
4836,2022-04-11 12:00:00,OANDA:GBPUSD,1.30289,1.30568,1.3023,1.30448,17249.0,Interval.in_2_hour,8683200.0,long,short,short,short,short,short,short,short,short,short,short,short,short,short,long,long,long,long,,,,,,,,,,,,,,,,,,,,,,,,,,,,short,short,short,short,short,short,short,short,short,short,short,short
4837,2022-04-11 10:00:00,OANDA:GBPUSD,1.29914,1.30356,1.29914,1.30289,23933.0,Interval.in_2_hour,8676000.0,short,long,long,short,short,short,short,short,short,short,short,short,short,short,long,long,long,long,,,,,,,,,,,,,,,,,,,,,,,,,,,,long,long,long,short,long,short,short,short,short,short,short,short
4838,2022-04-11 08:00:00,OANDA:GBPUSD,1.30168,1.30232,1.2989,1.29914,17080.0,Interval.in_2_hour,8668800.0,long,long,long,long,long,long,long,long,long,long,long,short,long,long,long,long,long,long,,,,,,,,,,,,,,,,,,,,,,,,,,,,long,long,long,long,long,long,long,long,long,long,long,long
4839,2022-04-11 06:00:00,OANDA:GBPUSD,1.30126,1.30192,1.30114,1.30168,9405.0,Interval.in_2_hour,8661600.0,short,short,short,long,long,long,short,short,short,short,short,short,short,short,short,short,long,long,,,,,,,,,,,,,,,,,,,,,,,,,,,,short,long,long,long,long,long,long,long,long,long,long,long
4840,2022-04-11 04:00:00,OANDA:GBPUSD,1.30208,1.30322,1.30088,1.30126,15180.0,Interval.in_2_hour,8654400.0,long,long,short,long,long,long,long,short,short,short,short,long,short,short,short,short,short,long,,,,,,,,,,,,,,,,,,,,,,,,,,,,long,short,long,long,long,long,long,long,long,long,long,long
4841,2022-04-11 02:00:00,OANDA:GBPUSD,1.30394,1.30402,1.30206,1.30208,8401.0,Interval.in_2_hour,8647200.0,short,long,short,short,short,long,long,long,short,short,short,short,short,short,short,short,short,short,,,,,,,,,,,,,,,,,,,,,,,,,,,,short,short,short,long,long,long,long,long,long,long,long,short
4842,2022-04-11 00:00:00,OANDA:GBPUSD,1.30358,1.30401,1.30293,1.30394,3229.0,Interval.in_2_hour,8640000.0,short,short,short,short,short,short,long,short,short,short,short,short,short,short,short,short,short,short,,,,,,,,,,,,,,,,,,,,,,,,,,,,short,short,short,short,short,long,short,long,short,short,short,short
4843,2022-04-08 22:00:00,OANDA:GBPUSD,1.3038,1.3039,1.3032,1.30358,6693.0,Interval.in_2_hour,8460000.0,short,short,short,short,short,short,short,long,long,short,short,short,short,short,short,short,short,short,,,,,,,,,,,,,,,,,,,,,,,,,,,,long,short,short,short,short,short,long,long,long,short,short,short
4844,2022-04-08 20:00:00,OANDA:GBPUSD,1.30316,1.30398,1.30215,1.3038,10167.0,Interval.in_2_hour,8452800.0,short,short,short,short,short,short,short,short,long,short,short,short,short,short,short,short,short,short,,,,,,,,,,,,,,,,,,,,,,,,,,,,short,long,short,short,short,short,short,long,short,long,short,short
4845,2022-04-08 18:00:00,OANDA:GBPUSD,1.30067,1.30342,1.30064,1.30316,13459.0,Interval.in_2_hour,8445600.0,long,short,short,short,short,short,short,short,short,long,long,short,short,short,short,short,short,short,,,,,,,,,,,,,,,,,,,,,,,,,,,,long,long,long,short,short,short,short,short,long,long,long,short
4846,2022-04-08 16:00:00,OANDA:GBPUSD,1.3023,1.30276,1.29821,1.30067,23450.0,Interval.in_2_hour,8438400.0,long,long,long,long,long,long,long,long,short,long,long,long,long,short,short,short,short,long,,,,,,,,,,,,,,,,,,,,,,,,,,,,long,long,long,long,long,long,long,short,long,long,long,long
4847,2022-04-08 14:00:00,OANDA:GBPUSD,1.30422,1.30446,1.30128,1.3023,14561.0,Interval.in_2_hour,8431200.0,long,long,long,long,long,short,short,long,short,short,short,long,long,short,short,short,short,short,,,,,,,,,,,,,,,,,,,,,,,,,,,,short,long,long,long,long,short,short,short,short,long,long,long
4848,2022-04-08 12:00:00,OANDA:GBPUSD,1.30438,1.30524,1.30362,1.30422,12543.0,Interval.in_2_hour,8424000.0,short,short,short,short,short,short,short,short,short,short,short,short,long,short,short,short,short,short,,,,,,,,,,,,,,,,,,,,,,,,,,,,short,short,short,short,short,short,short,short,short,short,short,long
4849,2022-04-08 10:00:00,OANDA:GBPUSD,1.30418,1.30548,1.3026,1.30438,15986.0,Interval.in_2_hour,8416800.0,long,short,short,short,short,short,short,short,short,short,short,short,short,long,short,short,short,short,,,,,,,,,,,,,,,,,,,,,,,,,,,,short,short,short,short,short,short,short,short,short,short,short,short
4850,2022-04-08 08:00:00,OANDA:GBPUSD,1.3061,1.3074,1.30412,1.30418,13206.0,Interval.in_2_hour,8409600.0,short,long,short,short,short,short,short,short,short,short,short,short,short,short,long,short,short,short,,,,,,,,,,,,,,,,,,,,,,,,,,,,long,long,short,short,short,short,short,short,short,short,short,short
4851,2022-04-08 06:00:00,OANDA:GBPUSD,1.30684,1.30716,1.3061,1.3061,5043.0,Interval.in_2_hour,8402400.0,short,short,short,short,short,short,short,short,short,short,short,short,short,short,short,short,short,short,,,,,,,,,,,,,,,,,,,,,,,,,,,,short,short,short,short,short,short,short,short,short,short,short,short
4852,2022-04-08 04:00:00,OANDA:GBPUSD,1.307,1.30774,1.30656,1.30684,10348.0,Interval.in_2_hour,8395200.0,short,short,short,short,short,short,short,short,short,short,short,short,short,short,short,short,short,short,,,,,,,,,,,,,,,,,,,,,,,,,,,,short,short,short,short,short,short,short,short,short,short,short,short
4853,2022-04-08 02:00:00,OANDA:GBPUSD,1.30714,1.30753,1.30648,1.307,8796.0,Interval.in_2_hour,8388000.0,short,short,short,short,short,short,short,short,short,short,short,short,short,short,short,short,short,short,,,,,,,,,,,,,,,,,,,,,,,,,,,,short,short,short,short,short,short,short,short,short,short,short,short
4854,2022-04-08 00:00:00,OANDA:GBPUSD,1.30738,1.30868,1.30692,1.30714,1973.0,Interval.in_2_hour,8380800.0,short,short,short,short,short,short,short,short,short,short,short,short,short,short,short,short,short,short,,,,,,,,,,,,,,,,,,,,,,,,,,,,short,short,short,short,short,short,short,short,short,short,short,short
4855,2022-04-07 22:00:00,OANDA:GBPUSD,1.30738,1.30766,1.30647,1.30738,8286.0,Interval.in_2_hour,8373600.0,short,short,short,short,short,short,short,short,short,short,short,short,short,short,short,short,short,short,,,,,,,,,,,,,,,,,,,,,,,,,,,,short,short,short,short,short,short,short,short,short,short,short,short
4856,2022-04-07 20:00:00,OANDA:GBPUSD,1.30542,1.3075,1.30542,1.30738,12591.0,Interval.in_2_hour,8366400.0,short,short,short,short,short,short,short,short,short,short,short,short,short,short,short,short,short,short,,,,,,,,,,,,,,,,,,,,,,,,,,,,long,short,short,short,short,short,short,short,short,short,short,short
4857,2022-04-07 18:00:00,OANDA:GBPUSD,1.30653,1.307,1.30525,1.30542,17144.0,Interval.in_2_hour,8359200.0,short,short,short,short,short,short,short,short,short,short,short,short,short,short,short,short,short,short,,,,,,,,,,,,,,,,,,,,,,,,,,,,long,long,long,long,long,long,short,short,short,short,short,short
4858,2022-04-07 16:00:00,OANDA:GBPUSD,1.307,1.30843,1.30517,1.30653,27269.0,Interval.in_2_hour,8352000.0,short,short,short,short,short,short,short,short,short,short,short,short,short,short,short,short,short,short,,,,,,,,,,,,,,,,,,,,,,,,,,,,short,long,long,long,long,long,short,short,short,short,short,short
4859,2022-04-07 14:00:00,OANDA:GBPUSD,1.30723,1.30956,1.30682,1.307,23498.0,Interval.in_2_hour,8344800.0,short,short,short,short,short,short,short,short,short,short,short,short,short,short,short,short,short,short,,,,,,,,,,,,,,,,,,,,,,,,,,,,short,short,long,long,long,long,short,short,short,short,short,short
4860,2022-04-07 12:00:00,OANDA:GBPUSD,1.30729,1.30892,1.30629,1.30723,15091.0,Interval.in_2_hour,8337600.0,short,short,short,short,short,short,short,short,short,short,short,short,short,short,short,short,short,short,,,,,,,,,,,,,,,,,,,,,,,,,,,,short,short,short,long,long,short,short,short,short,short,short,short
4861,2022-04-07 10:00:00,OANDA:GBPUSD,1.30855,1.31068,1.30714,1.30729,19557.0,Interval.in_2_hour,8330400.0,short,short,short,short,short,short,short,short,short,short,short,short,short,short,short,short,short,short,,,,,,,,,,,,,,,,,,,,,,,,,,,,short,short,short,short,long,long,short,short,short,short,short,short
4862,2022-04-07 08:00:00,OANDA:GBPUSD,1.30818,1.30934,1.30764,1.30855,10487.0,Interval.in_2_hour,8323200.0,short,short,short,short,short,short,short,short,short,short,short,short,short,short,short,short,short,short,,,,,,,,,,,,,,,,,,,,,,,,,,,,short,short,short,short,short,short,short,short,short,short,short,short
4863,2022-04-07 06:00:00,OANDA:GBPUSD,1.30836,1.30839,1.30753,1.30818,5964.0,Interval.in_2_hour,8316000.0,short,short,short,short,short,short,short,short,short,short,short,short,short,short,short,short,short,short,,,,,,,,,,,,,,,,,,,,,,,,,,,,long,short,short,short,short,short,short,short,short,short,short,short
4864,2022-04-07 04:00:00,OANDA:GBPUSD,1.30768,1.30836,1.30688,1.30836,9997.0,Interval.in_2_hour,8308800.0,short,short,short,short,short,short,short,short,short,short,short,short,short,short,short,short,short,short,,,,,,,,,,,,,,,,,,,,,,,,,,,,short,long,short,short,short,short,short,short,short,short,short,short
4865,2022-04-07 02:00:00,OANDA:GBPUSD,1.30675,1.30812,1.30662,1.30768,8204.0,Interval.in_2_hour,8301600.0,short,short,short,short,short,short,short,short,short,short,short,short,short,short,short,short,short,short,,,,,,,,,,,,,,,,,,,,,,,,,,,,long,long,long,short,short,short,short,short,short,short,short,short
4866,2022-04-07 00:00:00,OANDA:GBPUSD,1.30682,1.30725,1.30616,1.30675,1904.0,Interval.in_2_hour,8294400.0,long,long,short,short,short,short,short,short,short,short,short,short,short,short,short,short,short,short,,,,,,,,,,,,,,,,,,,,,,,,,,,,long,long,long,long,long,long,long,short,short,long,long,long
4867,2022-04-06 22:00:00,OANDA:GBPUSD,1.30695,1.30788,1.3063,1.30682,14582.0,Interval.in_2_hour,8287200.0,long,long,long,short,short,short,short,short,short,short,short,short,short,short,short,short,short,short,,,,,,,,,,,,,,,,,,,,,,,,,,,,short,long,long,long,long,long,long,long,short,short,long,long
4868,2022-04-06 20:00:00,OANDA:GBPUSD,1.30764,1.31008,1.30482,1.30695,36957.0,Interval.in_2_hour,8280000.0,long,long,long,short,short,short,short,short,short,short,short,short,short,short,short,short,short,short,,,,,,,,,,,,,,,,,,,,,,,,,,,,short,short,long,long,long,long,long,long,long,short,short,long
4869,2022-04-06 18:00:00,OANDA:GBPUSD,1.30887,1.30939,1.30703,1.30764,18960.0,Interval.in_2_hour,8272800.0,short,short,short,short,short,short,short,short,short,short,short,short,short,short,short,short,short,short,,,,,,,,,,,,,,,,,,,,,,,,,,,,short,short,short,long,long,long,long,short,short,short,short,short
4870,2022-04-06 16:00:00,OANDA:GBPUSD,1.30938,1.30998,1.30682,1.30887,27653.0,Interval.in_2_hour,8265600.0,short,short,short,short,short,short,short,short,short,short,short,short,short,short,short,short,short,short,,,,,,,,,,,,,,,,,,,,,,,,,,,,short,short,short,short,short,short,short,short,short,short,short,short
4871,2022-04-06 14:00:00,OANDA:GBPUSD,1.30839,1.30977,1.30716,1.30938,17974.0,Interval.in_2_hour,8258400.0,short,short,short,short,short,short,short,short,short,short,short,short,short,short,short,short,short,short,,,,,,,,,,,,,,,,,,,,,,,,,,,,short,short,short,short,short,short,short,short,short,short,short,short
4872,2022-04-06 12:00:00,OANDA:GBPUSD,1.30974,1.31084,1.30766,1.30839,20018.0,Interval.in_2_hour,8251200.0,short,short,short,short,short,short,short,short,short,short,short,short,short,short,short,short,short,short,,,,,,,,,,,,,,,,,,,,,,,,,,,,long,long,short,short,short,short,short,short,short,long,short,short
4873,2022-04-06 10:00:00,OANDA:GBPUSD,1.30586,1.30987,1.30551,1.30974,25886.0,Interval.in_2_hour,8244000.0,short,short,short,short,short,short,short,short,short,short,short,short,short,short,short,short,short,short,,,,,,,,,,,,,,,,,,,,,,,,,,,,short,short,short,short,short,short,short,short,short,short,short,short
4874,2022-04-06 08:00:00,OANDA:GBPUSD,1.30687,1.30762,1.30456,1.30586,13112.0,Interval.in_2_hour,8236800.0,long,long,long,long,short,long,long,long,long,long,long,short,short,short,short,short,short,short,,,,,,,,,,,,,,,,,,,,,,,,,,,,long,long,long,long,long,long,long,long,long,long,long,long
4875,2022-04-06 06:00:00,OANDA:GBPUSD,1.30726,1.30755,1.30624,1.30687,7917.0,Interval.in_2_hour,8229600.0,long,long,long,long,short,short,long,long,long,long,short,short,short,short,short,short,short,short,,,,,,,,,,,,,,,,,,,,,,,,,,,,short,long,long,long,long,long,long,short,short,long,long,long
4876,2022-04-06 04:00:00,OANDA:GBPUSD,1.30648,1.30782,1.30568,1.30726,11329.0,Interval.in_2_hour,8222400.0,long,long,long,short,short,short,short,long,long,short,short,short,short,short,short,short,short,short,,,,,,,,,,,,,,,,,,,,,,,,,,,,short,short,long,long,long,long,long,short,short,short,long,long
4877,2022-04-06 02:00:00,OANDA:GBPUSD,1.30794,1.30794,1.30635,1.30648,5656.0,Interval.in_2_hour,8215200.0,long,long,long,long,long,long,long,short,long,long,long,long,long,short,short,short,short,short,,,,,,,,,,,,,,,,,,,,,,,,,,,,long,long,short,long,long,long,long,long,long,long,long,long
4878,2022-04-06 00:00:00,OANDA:GBPUSD,1.30733,1.30899,1.30715,1.30794,1611.0,Interval.in_2_hour,8208000.0,short,long,long,long,short,short,short,short,short,short,short,short,short,short,short,short,short,short,,,,,,,,,,,,,,,,,,,,,,,,,,,,short,short,short,short,long,long,long,long,short,short,short,short
4879,2022-04-05 22:00:00,OANDA:GBPUSD,1.30808,1.3083,1.30668,1.30733,8794.0,Interval.in_2_hour,8200800.0,short,long,long,long,long,short,short,short,short,short,long,long,short,short,short,short,short,short,,,,,,,,,,,,,,,,,,,,,,,,,,,,long,short,short,short,short,long,long,long,long,long,short,short
4880,2022-04-05 20:00:00,OANDA:GBPUSD,1.30846,1.30962,1.3072,1.30808,12275.0,Interval.in_2_hour,8193600.0,short,short,short,long,long,long,short,short,short,short,short,short,short,short,short,short,short,short,,,,,,,,,,,,,,,,,,,,,,,,,,,,short,short,short,short,short,short,long,long,long,long,short,short
4881,2022-04-05 18:00:00,OANDA:GBPUSD,1.31304,1.31311,1.30824,1.30846,21206.0,Interval.in_2_hour,8186400.0,short,short,short,short,short,short,long,short,short,short,short,short,short,short,short,short,short,short,,,,,,,,,,,,,,,,,,,,,,,,,,,,short,short,short,short,short,short,short,long,short,long,long,short
4882,2022-04-05 16:00:00,OANDA:GBPUSD,1.31362,1.3167,1.3112,1.31304,33542.0,Interval.in_2_hour,8179200.0,short,short,short,short,short,short,short,short,short,short,short,short,short,short,short,short,short,short,,,,,,,,,,,,,,,,,,,,,,,,,,,,short,short,short,short,short,short,short,short,short,short,short,short
4883,2022-04-05 14:00:00,OANDA:GBPUSD,1.31261,1.3142,1.31223,1.31362,16842.0,Interval.in_2_hour,8172000.0,short,short,short,short,short,short,short,short,short,short,short,short,short,short,short,short,short,short,,,,,,,,,,,,,,,,,,,,,,,,,,,,short,short,short,short,short,short,short,short,short,short,short,short
4884,2022-04-05 12:00:00,OANDA:GBPUSD,1.31199,1.31424,1.31186,1.31261,16518.0,Interval.in_2_hour,8164800.0,short,short,short,short,short,short,short,short,short,short,short,short,short,short,short,short,short,short,,,,,,,,,,,,,,,,,,,,,,,,,,,,long,long,short,short,short,short,short,short,short,short,short,short
4885,2022-04-05 10:00:00,OANDA:GBPUSD,1.31358,1.3145,1.31155,1.31199,22790.0,Interval.in_2_hour,8157600.0,short,short,short,short,short,short,short,short,short,short,short,short,short,short,short,short,short,short,,,,,,,,,,,,,,,,,,,,,,,,,,,,long,long,long,short,short,short,short,short,short,short,short,short
4886,2022-04-05 08:00:00,OANDA:GBPUSD,1.31204,1.31384,1.31182,1.31358,12552.0,Interval.in_2_hour,8150400.0,short,short,short,short,short,short,short,short,short,short,short,short,short,short,short,short,short,short,,,,,,,,,,,,,,,,,,,,,,,,,,,,short,short,long,short,short,short,short,short,short,short,short,short
4887,2022-04-05 06:00:00,OANDA:GBPUSD,1.31144,1.31241,1.31068,1.31204,9205.0,Interval.in_2_hour,8143200.0,short,short,short,short,short,short,short,short,short,short,short,short,short,short,short,short,short,short,,,,,,,,,,,,,,,,,,,,,,,,,,,,long,short,long,long,long,short,short,short,short,short,short,short
4888,2022-04-05 04:00:00,OANDA:GBPUSD,1.31113,1.3123,1.3109,1.31144,6371.0,Interval.in_2_hour,8136000.0,short,short,short,short,short,short,short,short,short,short,short,short,short,short,short,short,short,short,,,,,,,,,,,,,,,,,,,,,,,,,,,,long,long,long,long,long,long,short,short,short,short,short,short
4889,2022-04-05 02:00:00,OANDA:GBPUSD,1.31139,1.31169,1.31062,1.31113,6863.0,Interval.in_2_hour,8128800.0,short,short,short,short,short,short,short,short,short,short,short,short,short,short,short,short,short,short,,,,,,,,,,,,,,,,,,,,,,,,,,,,long,long,long,long,long,long,long,short,short,short,short,short
4890,2022-04-05 00:00:00,OANDA:GBPUSD,1.31153,1.3119,1.31117,1.31139,1064.0,Interval.in_2_hour,8121600.0,short,short,short,short,short,short,short,short,short,short,short,short,short,short,short,short,short,short,,,,,,,,,,,,,,,,,,,,,,,,,,,,short,long,long,long,long,long,long,long,short,short,short,short
4891,2022-04-04 22:00:00,OANDA:GBPUSD,1.31148,1.31206,1.31122,1.31153,5726.0,Interval.in_2_hour,8114400.0,short,short,short,short,short,short,short,short,short,short,short,short,short,short,short,short,short,short,,,,,,,,,,,,,,,,,,,,,,,,,,,,short,short,short,long,long,long,long,long,long,short,short,short
4892,2022-04-04 20:00:00,OANDA:GBPUSD,1.31038,1.3118,1.30968,1.31148,11869.0,Interval.in_2_hour,8107200.0,short,short,short,short,short,short,short,short,short,short,short,short,short,short,short,short,short,short,,,,,,,,,,,,,,,,,,,,,,,,,,,,long,short,short,short,long,long,long,long,long,long,short,short
4893,2022-04-04 18:00:00,OANDA:GBPUSD,1.31147,1.31241,1.31,1.31038,15106.0,Interval.in_2_hour,8100000.0,short,short,short,short,short,short,short,short,short,short,short,short,short,short,short,short,short,short,,,,,,,,,,,,,,,,,,,,,,,,,,,,long,long,long,long,long,long,long,long,long,long,long,short
4894,2022-04-04 16:00:00,OANDA:GBPUSD,1.31074,1.3129,1.30993,1.31147,24928.0,Interval.in_2_hour,8092800.0,short,short,short,short,short,short,short,short,short,short,short,short,short,short,short,short,short,short,,,,,,,,,,,,,,,,,,,,,,,,,,,,short,long,long,short,short,short,long,long,long,long,long,long
4895,2022-04-04 14:00:00,OANDA:GBPUSD,1.30946,1.31224,1.30936,1.31074,19816.0,Interval.in_2_hour,8085600.0,long,short,short,short,short,short,short,short,short,short,short,short,short,short,short,short,short,short,,,,,,,,,,,,,,,,,,,,,,,,,,,,long,short,long,long,long,long,long,long,long,long,long,long
4896,2022-04-04 12:00:00,OANDA:GBPUSD,1.31151,1.3124,1.30932,1.30946,17310.0,Interval.in_2_hour,8078400.0,long,long,short,short,short,short,short,short,short,short,long,short,short,short,short,short,short,short,,,,,,,,,,,,,,,,,,,,,,,,,,,,long,long,long,long,long,long,long,long,long,long,long,long
4897,2022-04-04 10:00:00,OANDA:GBPUSD,1.31273,1.31373,1.31141,1.31151,21539.0,Interval.in_2_hour,8071200.0,long,long,long,short,short,short,short,short,short,short,short,short,short,short,short,short,short,short,,,,,,,,,,,,,,,,,,,,,,,,,,,,short,short,short,short,short,long,short,short,short,long,long,long
4898,2022-04-04 08:00:00,OANDA:GBPUSD,1.31181,1.31338,1.31173,1.31273,13597.0,Interval.in_2_hour,8064000.0,short,short,long,long,short,short,short,short,short,short,short,short,short,short,short,short,short,short,,,,,,,,,,,,,,,,,,,,,,,,,,,,short,short,short,short,short,short,short,short,short,short,short,long
4899,2022-04-04 06:00:00,OANDA:GBPUSD,1.3114,1.31202,1.31113,1.31181,7107.0,Interval.in_2_hour,8056800.0,long,long,long,long,long,short,short,short,short,short,short,short,short,short,short,short,short,short,,,,,,,,,,,,,,,,,,,,,,,,,,,,long,short,short,short,short,short,short,short,short,short,short,long
4900,2022-04-04 04:00:00,OANDA:GBPUSD,1.31124,1.31176,1.3107,1.3114,9877.0,Interval.in_2_hour,8049600.0,long,long,long,long,long,long,short,short,short,short,short,short,short,short,short,short,short,short,,,,,,,,,,,,,,,,,,,,,,,,,,,,long,long,long,short,short,long,short,long,long,short,short,long
4901,2022-04-04 02:00:00,OANDA:GBPUSD,1.31045,1.31165,1.31009,1.31124,7768.0,Interval.in_2_hour,8042400.0,long,long,long,long,long,long,long,short,short,short,short,short,short,short,short,short,short,short,,,,,,,,,,,,,,,,,,,,,,,,,,,,long,long,long,long,short,short,long,short,long,long,long,short
4902,2022-04-04 00:00:00,OANDA:GBPUSD,1.31146,1.31146,1.30982,1.31045,2738.0,Interval.in_2_hour,8035200.0,long,long,long,long,long,long,long,long,short,short,short,short,short,short,short,short,short,short,,,,,,,,,,,,,,,,,,,,,,,,,,,,long,long,long,long,long,short,long,long,short,long,long,long
4903,2022-04-01 22:00:00,OANDA:GBPUSD,1.31066,1.31175,1.31054,1.31146,9057.0,Interval.in_2_hour,7855200.0,short,short,short,long,long,long,long,long,long,short,short,short,short,short,short,short,short,short,,,,,,,,,,,,,,,,,,,,,,,,,,,,short,short,short,long,long,long,short,short,long,short,long,long
4904,2022-04-01 20:00:00,OANDA:GBPUSD,1.31046,1.31088,1.3092,1.31066,14370.0,Interval.in_2_hour,7848000.0,long,long,long,long,long,long,long,long,long,long,short,short,short,short,short,short,short,short,,,,,,,,,,,,,,,,,,,,,,,,,,,,long,short,long,long,long,long,long,short,long,long,short,long
4905,2022-04-01 18:00:00,OANDA:GBPUSD,1.3108,1.31146,1.30992,1.31046,18946.0,Interval.in_2_hour,7840800.0,long,long,long,long,long,long,long,long,long,long,long,short,short,short,short,short,short,short,,,,,,,,,,,,,,,,,,,,,,,,,,,,long,long,short,long,long,long,long,long,short,long,long,short
4906,2022-04-01 16:00:00,OANDA:GBPUSD,1.31121,1.31182,1.30865,1.3108,27058.0,Interval.in_2_hour,7833600.0,short,long,long,long,long,long,long,long,long,long,long,long,short,short,short,short,short,short,,,,,,,,,,,,,,,,,,,,,,,,,,,,short,short,long,short,long,long,long,long,long,short,short,long
4907,2022-04-01 14:00:00,OANDA:GBPUSD,1.31416,1.3145,1.3108,1.31121,20341.0,Interval.in_2_hour,7826400.0,long,short,long,long,long,short,long,long,long,long,long,long,long,short,short,short,short,short,,,,,,,,,,,,,,,,,,,,,,,,,,,,short,short,short,long,short,long,long,long,long,long,short,short
4908,2022-04-01 12:00:00,OANDA:GBPUSD,1.3129,1.31459,1.31226,1.31416,18070.0,Interval.in_2_hour,7819200.0,short,short,short,short,short,short,short,short,short,short,short,short,short,short,short,short,short,short,,,,,,,,,,,,,,,,,,,,,,,,,,,,short,short,short,short,short,short,short,short,short,short,short,short
4909,2022-04-01 10:00:00,OANDA:GBPUSD,1.31233,1.31308,1.31129,1.3129,24179.0,Interval.in_2_hour,7812000.0,short,short,short,short,short,short,short,short,short,short,long,short,short,long,long,short,short,short,,,,,,,,,,,,,,,,,,,,,,,,,,,,long,short,short,short,short,short,short,short,short,short,short,short
4910,2022-04-01 08:00:00,OANDA:GBPUSD,1.31308,1.31392,1.31199,1.31233,13380.0,Interval.in_2_hour,7804800.0,short,short,short,short,short,short,short,short,short,short,short,long,short,long,long,long,short,short,,,,,,,,,,,,,,,,,,,,,,,,,,,,long,long,short,short,short,short,short,short,short,short,short,long
4911,2022-04-01 06:00:00,OANDA:GBPUSD,1.31244,1.3136,1.31221,1.31308,10560.0,Interval.in_2_hour,7797600.0,short,short,short,short,short,short,short,short,short,short,short,short,long,short,short,long,short,short,,,,,,,,,,,,,,,,,,,,,,,,,,,,short,short,long,short,short,short,short,short,short,short,short,short
4912,2022-04-01 04:00:00,OANDA:GBPUSD,1.31372,1.314,1.31226,1.31244,12559.0,Interval.in_2_hour,7790400.0,short,long,short,short,short,short,short,short,short,short,short,short,short,long,short,long,long,long,,,,,,,,,,,,,,,,,,,,,,,,,,,,long,short,long,long,short,short,short,short,short,short,short,short
4913,2022-04-01 02:00:00,OANDA:GBPUSD,1.31468,1.31489,1.31318,1.31372,10056.0,Interval.in_2_hour,7783200.0,short,short,short,short,short,short,short,short,short,short,short,short,short,short,short,short,short,short,,,,,,,,,,,,,,,,,,,,,,,,,,,,short,short,short,short,long,short,short,short,short,short,short,short
4914,2022-04-01 00:00:00,OANDA:GBPUSD,1.3144,1.3152,1.31369,1.31468,8863.0,Interval.in_2_hour,7776000.0,short,short,short,short,short,short,short,short,short,short,short,short,short,short,short,short,short,short,,,,,,,,,,,,,,,,,,,,,,,,,,,,short,short,short,short,short,short,short,short,short,short,short,short
4915,2022-03-31 22:00:00,OANDA:GBPUSD,1.31348,1.31489,1.31328,1.3144,8629.0,Interval.in_2_hour,7768800.0,short,short,short,short,short,short,short,short,short,short,short,short,short,short,short,short,short,short,,,,,,,,,,,,,,,,,,,,,,,,,,,,long,short,short,short,short,short,short,short,short,short,short,short
4916,2022-03-31 20:00:00,OANDA:GBPUSD,1.31382,1.31526,1.31305,1.31348,13509.0,Interval.in_2_hour,7761600.0,short,short,short,short,short,short,short,short,short,short,short,short,short,short,short,short,short,long,,,,,,,,,,,,,,,,,,,,,,,,,,,,long,long,long,short,short,short,short,long,short,short,short,short
4917,2022-03-31 18:00:00,OANDA:GBPUSD,1.31614,1.3176,1.31334,1.31382,24518.0,Interval.in_2_hour,7754400.0,short,short,short,short,short,short,short,short,short,short,short,short,short,short,short,short,short,short,,,,,,,,,,,,,,,,,,,,,,,,,,,,short,long,long,short,short,short,short,short,long,short,short,short
4918,2022-03-31 16:00:00,OANDA:GBPUSD,1.31392,1.31704,1.3106,1.31614,41042.0,Interval.in_2_hour,7747200.0,short,short,short,short,short,short,short,short,short,short,short,short,short,short,short,short,short,short,,,,,,,,,,,,,,,,,,,,,,,,,,,,short,short,short,short,short,short,short,short,short,short,short,short
4919,2022-03-31 14:00:00,OANDA:GBPUSD,1.31196,1.31413,1.31162,1.31392,21836.0,Interval.in_2_hour,7740000.0,short,short,short,short,short,short,short,short,short,short,short,short,short,short,short,short,short,short,,,,,,,,,,,,,,,,,,,,,,,,,,,,long,short,short,long,long,short,short,short,short,short,long,short
4920,2022-03-31 12:00:00,OANDA:GBPUSD,1.31212,1.3133,1.3112,1.31196,22986.0,Interval.in_2_hour,7732800.0,short,short,short,short,short,short,short,short,short,long,short,short,short,short,short,short,short,short,,,,,,,,,,,,,,,,,,,,,,,,,,,,long,long,long,long,long,long,long,long,long,long,long,long
4921,2022-03-31 10:00:00,OANDA:GBPUSD,1.31354,1.31484,1.31104,1.31212,26258.0,Interval.in_2_hour,7725600.0,long,short,short,short,short,short,short,short,short,short,long,short,short,short,short,short,short,short,,,,,,,,,,,,,,,,,,,,,,,,,,,,short,long,long,long,long,long,long,long,long,long,long,long
4922,2022-03-31 08:00:00,OANDA:GBPUSD,1.31158,1.31426,1.31131,1.31354,17575.0,Interval.in_2_hour,7718400.0,short,long,short,short,short,short,short,short,short,short,short,short,short,short,short,short,short,short,,,,,,,,,,,,,,,,,,,,,,,,,,,,short,short,long,long,long,short,long,long,long,short,short,short
4923,2022-03-31 06:00:00,OANDA:GBPUSD,1.31208,1.31225,1.31101,1.31158,10051.0,Interval.in_2_hour,7711200.0,long,long,long,short,short,short,short,short,short,short,short,long,long,short,short,short,short,short,,,,,,,,,,,,,,,,,,,,,,,,,,,,long,long,long,long,long,long,long,long,long,long,long,long
4924,2022-03-31 04:00:00,OANDA:GBPUSD,1.31416,1.3144,1.31208,1.31208,16541.0,Interval.in_2_hour,7704000.0,long,long,long,long,short,short,short,short,short,short,short,short,short,long,short,short,short,short,,,,,,,,,,,,,,,,,,,,,,,,,,,,short,long,long,short,long,long,long,long,long,long,long,long
4925,2022-03-31 02:00:00,OANDA:GBPUSD,1.31383,1.31429,1.31284,1.31416,15091.0,Interval.in_2_hour,7696800.0,short,short,short,short,long,short,short,short,short,short,short,short,short,short,short,short,short,short,,,,,,,,,,,,,,,,,,,,,,,,,,,,short,short,short,short,short,short,long,short,short,long,long,short
4926,2022-03-31 00:00:00,OANDA:GBPUSD,1.31365,1.31396,1.31336,1.31383,1475.0,Interval.in_2_hour,7689600.0,short,short,short,short,short,long,short,short,short,short,short,short,short,short,short,short,short,short,,,,,,,,,,,,,,,,,,,,,,,,,,,,long,short,short,short,short,short,long,long,short,short,long,long
4927,2022-03-30 22:00:00,OANDA:GBPUSD,1.3138,1.31388,1.31307,1.31365,7725.0,Interval.in_2_hour,7682400.0,long,long,short,short,short,short,long,short,short,short,short,short,short,short,short,short,short,short,,,,,,,,,,,,,,,,,,,,,,,,,,,,long,long,short,short,short,short,short,long,long,long,short,long
4928,2022-03-30 20:00:00,OANDA:GBPUSD,1.3144,1.31444,1.3127,1.3138,10797.0,Interval.in_2_hour,7675200.0,long,long,short,short,short,short,short,long,short,short,short,short,short,short,short,short,short,short,,,,,,,,,,,,,,,,,,,,,,,,,,,,short,long,long,short,short,short,short,short,long,long,long,short
4929,2022-03-30 18:00:00,OANDA:GBPUSD,1.31724,1.31769,1.31406,1.3144,21411.0,Interval.in_2_hour,7668000.0,short,long,long,short,short,short,short,short,short,short,short,short,short,short,short,short,short,short,,,,,,,,,,,,,,,,,,,,,,,,,,,,short,short,short,short,short,short,short,short,short,short,long,short
4930,2022-03-30 16:00:00,OANDA:GBPUSD,1.3159,1.31827,1.31492,1.31724,33517.0,Interval.in_2_hour,7660800.0,short,short,short,short,short,short,short,short,short,short,short,short,short,short,short,short,short,short,,,,,,,,,,,,,,,,,,,,,,,,,,,,short,short,short,short,short,short,short,short,short,short,short,short
4931,2022-03-30 14:00:00,OANDA:GBPUSD,1.31416,1.31679,1.31374,1.3159,25095.0,Interval.in_2_hour,7653600.0,long,short,short,short,short,short,short,short,short,short,short,short,short,short,short,short,short,short,,,,,,,,,,,,,,,,,,,,,,,,,,,,long,short,short,short,short,short,short,short,short,short,short,short
4932,2022-03-30 12:00:00,OANDA:GBPUSD,1.31406,1.31606,1.31294,1.31416,25274.0,Interval.in_2_hour,7646400.0,short,long,short,short,long,long,short,short,short,short,short,long,short,short,short,short,short,short,,,,,,,,,,,,,,,,,,,,,,,,,,,,long,long,long,short,short,short,long,short,short,short,short,short
4933,2022-03-30 10:00:00,OANDA:GBPUSD,1.31233,1.31418,1.3105,1.31406,34313.0,Interval.in_2_hour,7639200.0,short,short,long,short,short,long,long,short,short,short,short,short,long,short,short,short,short,short,,,,,,,,,,,,,,,,,,,,,,,,,,,,long,long,long,long,short,short,short,long,short,short,short,short
4934,2022-03-30 08:00:00,OANDA:GBPUSD,1.31009,1.31309,1.30989,1.31233,19463.0,Interval.in_2_hour,7632000.0,short,short,long,long,long,long,long,long,long,long,long,long,long,long,short,short,short,short,,,,,,,,,,,,,,,,,,,,,,,,,,,,long,long,long,long,long,long,long,long,long,short,short,long
4935,2022-03-30 06:00:00,OANDA:GBPUSD,1.3106,1.31119,1.30992,1.31009,16331.0,Interval.in_2_hour,7624800.0,long,long,long,long,long,long,long,long,long,long,long,long,long,long,long,long,long,long,,,,,,,,,,,,,,,,,,,,,,,,,,,,long,long,long,long,long,long,long,long,long,long,long,long
4936,2022-03-30 04:00:00,OANDA:GBPUSD,1.30979,1.31083,1.30927,1.3106,21638.0,Interval.in_2_hour,7617600.0,long,long,long,long,long,long,long,long,long,long,long,long,long,long,long,long,long,long,,,,,,,,,,,,,,,,,,,,,,,,,,,,short,long,long,long,long,long,long,long,long,long,long,long
4937,2022-03-30 02:00:00,OANDA:GBPUSD,1.30977,1.31014,1.30888,1.30979,12443.0,Interval.in_2_hour,7610400.0,long,long,long,long,long,long,long,long,long,long,long,long,long,long,long,long,long,long,,,,,,,,,,,,,,,,,,,,,,,,,,,,long,long,long,long,long,long,long,long,long,long,long,long
4938,2022-03-30 00:00:00,OANDA:GBPUSD,1.30939,1.31032,1.30877,1.30977,1227.0,Interval.in_2_hour,7603200.0,long,long,long,long,long,long,long,long,long,long,long,long,long,long,long,long,long,long,,,,,,,,,,,,,,,,,,,,,,,,,,,,long,long,long,long,long,long,long,long,long,long,long,long
4939,2022-03-29 22:00:00,OANDA:GBPUSD,1.30946,1.31056,1.30906,1.30939,6787.0,Interval.in_2_hour,7596000.0,long,long,long,long,long,long,long,long,long,long,long,long,long,long,long,long,long,long,,,,,,,,,,,,,,,,,,,,,,,,,,,,long,long,long,long,long,long,long,long,long,long,long,long
4940,2022-03-29 20:00:00,OANDA:GBPUSD,1.30858,1.30954,1.30602,1.30946,14587.0,Interval.in_2_hour,7588800.0,long,long,long,long,long,long,long,long,long,long,long,long,long,long,long,long,long,long,,,,,,,,,,,,,,,,,,,,,,,,,,,,short,long,long,long,long,long,long,long,long,long,long,long
4941,2022-03-29 18:00:00,OANDA:GBPUSD,1.31359,1.31436,1.3081,1.30858,28479.0,Interval.in_2_hour,7581600.0,long,long,long,long,long,long,long,long,long,long,long,long,long,long,long,long,long,long,,,,,,,,,,,,,,,,,,,,,,,,,,,,long,long,long,long,long,long,long,long,long,long,long,long
4942,2022-03-29 16:00:00,OANDA:GBPUSD,1.31456,1.31573,1.31279,1.31359,50052.0,Interval.in_2_hour,7574400.0,long,long,long,long,long,short,short,short,short,short,long,long,long,short,long,long,long,short,,,,,,,,,,,,,,,,,,,,,,,,,,,,short,short,short,short,short,short,short,short,long,long,long,long
4943,2022-03-29 14:00:00,OANDA:GBPUSD,1.30965,1.316,1.30654,1.31456,50094.0,Interval.in_2_hour,7567200.0,long,short,short,short,short,short,short,short,short,short,short,short,long,short,short,short,long,short,,,,,,,,,,,,,,,,,,,,,,,,,,,,short,short,short,short,short,short,short,short,short,short,short,long
4944,2022-03-29 12:00:00,OANDA:GBPUSD,1.306,1.31096,1.3051,1.30965,31017.0,Interval.in_2_hour,7560000.0,long,long,long,long,long,long,long,long,long,long,long,long,long,long,long,long,long,long,,,,,,,,,,,,,,,,,,,,,,,,,,,,long,long,short,short,short,long,long,long,long,long,long,long
4945,2022-03-29 10:00:00,OANDA:GBPUSD,1.31088,1.31158,1.3056,1.306,26556.0,Interval.in_2_hour,7552800.0,long,long,long,long,long,long,long,long,long,long,long,long,long,long,long,long,long,long,,,,,,,,,,,,,,,,,,,,,,,,,,,,long,long,long,long,long,long,long,long,long,long,long,long
4946,2022-03-29 08:00:00,OANDA:GBPUSD,1.30929,1.311,1.30875,1.31088,17735.0,Interval.in_2_hour,7545600.0,long,long,long,long,long,long,long,long,long,long,long,long,long,long,long,long,long,long,,,,,,,,,,,,,,,,,,,,,,,,,,,,short,short,long,long,short,short,short,short,short,short,short,long
4947,2022-03-29 06:00:00,OANDA:GBPUSD,1.30997,1.31044,1.30914,1.30929,13717.0,Interval.in_2_hour,7538400.0,long,long,long,long,long,long,long,long,long,long,long,long,long,long,long,long,long,long,,,,,,,,,,,,,,,,,,,,,,,,,,,,long,short,long,long,long,short,long,long,long,long,long,long
4948,2022-03-29 04:00:00,OANDA:GBPUSD,1.308,1.31061,1.308,1.30997,17308.0,Interval.in_2_hour,7531200.0,long,long,long,long,long,long,long,long,long,long,long,long,long,long,long,long,long,long,,,,,,,,,,,,,,,,,,,,,,,,,,,,short,long,short,short,long,long,short,short,short,short,short,long
4949,2022-03-29 02:00:00,OANDA:GBPUSD,1.30994,1.31066,1.30785,1.308,12111.0,Interval.in_2_hour,7524000.0,long,long,long,long,long,long,long,long,long,long,long,long,long,long,long,long,long,long,,,,,,,,,,,,,,,,,,,,,,,,,,,,long,long,long,short,long,long,long,long,long,long,long,long
4950,2022-03-29 00:00:00,OANDA:GBPUSD,1.30948,1.31037,1.30919,1.30994,984.0,Interval.in_2_hour,7516800.0,short,long,long,long,long,long,long,long,long,long,long,long,long,long,long,long,long,long,,,,,,,,,,,,,,,,,,,,,,,,,,,,short,long,short,long,short,short,long,long,short,short,short,short
4951,2022-03-28 22:00:00,OANDA:GBPUSD,1.30964,1.3097,1.30822,1.30948,7234.0,Interval.in_2_hour,7509600.0,long,long,long,long,long,long,long,long,long,long,long,long,long,long,long,long,long,long,,,,,,,,,,,,,,,,,,,,,,,,,,,,long,short,long,short,long,short,long,long,long,short,short,short
4952,2022-03-28 20:00:00,OANDA:GBPUSD,1.309,1.30996,1.30836,1.30964,13448.0,Interval.in_2_hour,7502400.0,short,long,long,long,long,long,long,long,long,long,long,long,long,long,long,long,long,long,,,,,,,,,,,,,,,,,,,,,,,,,,,,short,long,short,long,short,long,short,long,long,long,short,short
4953,2022-03-28 18:00:00,OANDA:GBPUSD,1.3083,1.30984,1.30804,1.309,20745.0,Interval.in_2_hour,7495200.0,long,long,long,long,long,long,long,long,long,long,long,long,long,long,long,long,long,long,,,,,,,,,,,,,,,,,,,,,,,,,,,,long,long,long,short,long,long,long,short,long,long,long,short
4954,2022-03-28 16:00:00,OANDA:GBPUSD,1.31008,1.31056,1.30664,1.3083,30455.0,Interval.in_2_hour,7488000.0,long,long,long,long,long,long,long,long,long,long,long,long,long,long,long,long,long,long,,,,,,,,,,,,,,,,,,,,,,,,,,,,long,long,long,long,short,long,long,long,short,long,long,long
4955,2022-03-28 14:00:00,OANDA:GBPUSD,1.31558,1.31581,1.30968,1.31008,27199.0,Interval.in_2_hour,7480800.0,long,short,short,short,short,short,long,long,long,long,long,long,long,long,long,long,long,long,,,,,,,,,,,,,,,,,,,,,,,,,,,,short,short,short,short,short,short,short,short,long,short,short,long
4956,2022-03-28 12:00:00,OANDA:GBPUSD,1.3163,1.3163,1.31256,1.31558,24519.0,Interval.in_2_hour,7473600.0,short,short,short,short,short,short,short,short,short,short,short,short,long,long,short,short,short,short,,,,,,,,,,,,,,,,,,,,,,,,,,,,short,short,short,short,short,short,short,short,short,short,short,short
4957,2022-03-28 10:00:00,OANDA:GBPUSD,1.31561,1.3168,1.31384,1.3163,33247.0,Interval.in_2_hour,7466400.0,short,short,short,short,short,short,short,short,short,short,short,short,short,short,long,short,short,short,,,,,,,,,,,,,,,,,,,,,,,,,,,,short,short,short,short,short,short,short,short,short,short,short,short
4958,2022-03-28 08:00:00,OANDA:GBPUSD,1.31468,1.31574,1.31304,1.31561,16445.0,Interval.in_2_hour,7459200.0,short,short,short,short,short,short,short,short,short,short,short,short,short,short,long,long,short,short,,,,,,,,,,,,,,,,,,,,,,,,,,,,long,short,short,short,short,short,short,short,short,short,short,short
4959,2022-03-28 06:00:00,OANDA:GBPUSD,1.31559,1.31604,1.31467,1.31468,11410.0,Interval.in_2_hour,7452000.0,short,short,short,short,short,short,short,short,short,short,short,short,short,short,short,long,long,short,,,,,,,,,,,,,,,,,,,,,,,,,,,,long,long,long,short,short,short,short,short,short,short,short,short
4960,2022-03-28 04:00:00,OANDA:GBPUSD,1.31588,1.31664,1.31455,1.31559,20548.0,Interval.in_2_hour,7444800.0,short,short,short,short,short,short,short,short,short,short,short,short,short,short,short,short,long,long,,,,,,,,,,,,,,,,,,,,,,,,,,,,short,long,long,short,short,short,short,short,short,short,short,short
4961,2022-03-28 02:00:00,OANDA:GBPUSD,1.31725,1.31767,1.31561,1.31588,9225.0,Interval.in_2_hour,7437600.0,short,short,short,short,short,short,short,short,short,short,short,short,short,short,short,short,short,long,,,,,,,,,,,,,,,,,,,,,,,,,,,,short,short,short,long,short,short,short,short,short,short,short,short
4962,2022-03-28 00:00:00,OANDA:GBPUSD,1.31804,1.31878,1.31712,1.31725,2388.0,Interval.in_2_hour,7430400.0,short,short,short,short,short,short,short,short,short,short,short,short,short,short,short,short,short,short,,,,,,,,,,,,,,,,,,,,,,,,,,,,short,short,short,short,short,short,short,short,short,short,short,short
4963,2022-03-25 21:00:00,OANDA:GBPUSD,1.31838,1.31934,1.31788,1.31804,7195.0,Interval.in_2_hour,7246800.0,short,short,short,short,short,short,short,short,short,short,short,short,short,short,short,short,short,short,,,,,,,,,,,,,,,,,,,,,,,,,,,,short,short,short,short,short,short,short,short,short,short,short,short
4964,2022-03-25 19:00:00,OANDA:GBPUSD,1.31898,1.31983,1.31813,1.31838,15784.0,Interval.in_2_hour,7239600.0,short,short,short,short,short,short,short,short,short,short,short,short,short,short,short,short,short,short,,,,,,,,,,,,,,,,,,,,,,,,,,,,short,short,short,short,short,short,short,short,short,short,short,short
4965,2022-03-25 17:00:00,OANDA:GBPUSD,1.32087,1.32091,1.31811,1.31898,29337.0,Interval.in_2_hour,7232400.0,short,short,short,short,short,short,short,short,short,short,short,short,short,short,short,short,short,short,,,,,,,,,,,,,,,,,,,,,,,,,,,,short,short,short,short,short,short,short,short,short,short,short,short
4966,2022-03-25 15:00:00,OANDA:GBPUSD,1.3196,1.32227,1.31788,1.32087,31178.0,Interval.in_2_hour,7225200.0,short,short,short,short,short,short,short,short,short,short,short,short,short,short,short,short,short,short,,,,,,,,,,,,,,,,,,,,,,,,,,,,short,short,short,short,short,short,short,short,short,short,short,short
4967,2022-03-25 13:00:00,OANDA:GBPUSD,1.3189,1.32056,1.31805,1.3196,15428.0,Interval.in_2_hour,7218000.0,short,short,short,short,short,short,short,short,short,short,short,short,short,short,short,short,short,short,,,,,,,,,,,,,,,,,,,,,,,,,,,,long,short,short,short,short,short,short,short,short,short,short,short
4968,2022-03-25 11:00:00,OANDA:GBPUSD,1.31625,1.31894,1.31594,1.3189,16348.0,Interval.in_2_hour,7210800.0,short,short,short,short,short,short,short,short,short,short,short,short,short,short,short,short,short,short,,,,,,,,,,,,,,,,,,,,,,,,,,,,long,long,long,short,short,short,short,short,short,short,short,short
4969,2022-03-25 09:00:00,OANDA:GBPUSD,1.32125,1.32131,1.31604,1.31625,20939.0,Interval.in_2_hour,7203600.0,short,short,short,short,short,short,short,short,short,short,short,short,short,short,short,short,short,short,,,,,,,,,,,,,,,,,,,,,,,,,,,,long,long,long,long,long,long,long,short,short,short,short,long
4970,2022-03-25 07:00:00,OANDA:GBPUSD,1.3222,1.32237,1.32063,1.32125,10300.0,Interval.in_2_hour,7196400.0,short,short,short,short,short,short,short,short,short,short,short,short,short,short,short,short,short,short,,,,,,,,,,,,,,,,,,,,,,,,,,,,short,short,short,short,short,short,short,short,short,short,short,short
4971,2022-03-25 05:00:00,OANDA:GBPUSD,1.32072,1.32251,1.32048,1.3222,14436.0,Interval.in_2_hour,7189200.0,short,short,short,short,short,short,short,short,short,short,short,short,short,short,short,short,short,short,,,,,,,,,,,,,,,,,,,,,,,,,,,,short,short,short,short,short,short,short,short,short,short,short,short
4972,2022-03-25 03:00:00,OANDA:GBPUSD,1.31888,1.32134,1.31866,1.32072,19318.0,Interval.in_2_hour,7182000.0,short,short,short,short,short,short,short,short,short,short,short,short,short,short,short,short,short,short,,,,,,,,,,,,,,,,,,,,,,,,,,,,long,long,short,short,short,long,short,short,short,short,short,short
4973,2022-03-25 01:00:00,OANDA:GBPUSD,1.31915,1.3199,1.31838,1.31888,10302.0,Interval.in_2_hour,7174800.0,short,short,short,short,short,short,short,short,short,short,short,short,short,short,short,short,short,short,,,,,,,,,,,,,,,,,,,,,,,,,,,,long,long,long,short,long,long,long,long,short,short,short,short
4974,2022-03-24 23:00:00,OANDA:GBPUSD,1.3189,1.31924,1.31838,1.31915,887.0,Interval.in_2_hour,7167600.0,short,short,short,short,short,short,short,short,short,short,short,short,short,short,short,short,short,short,,,,,,,,,,,,,,,,,,,,,,,,,,,,short,long,long,long,short,short,long,long,short,short,short,short
4975,2022-03-24 21:00:00,OANDA:GBPUSD,1.31827,1.31956,1.31782,1.3189,6071.0,Interval.in_2_hour,7160400.0,short,short,short,short,short,short,short,short,short,short,short,short,short,short,short,short,short,short,,,,,,,,,,,,,,,,,,,,,,,,,,,,long,short,long,long,long,short,long,long,long,long,short,short
4976,2022-03-24 19:00:00,OANDA:GBPUSD,1.31791,1.31838,1.31672,1.31827,15537.0,Interval.in_2_hour,7153200.0,short,short,short,short,short,short,short,short,short,short,short,short,short,short,short,short,short,short,,,,,,,,,,,,,,,,,,,,,,,,,,,,long,long,long,long,long,long,short,long,long,long,long,long
4977,2022-03-24 17:00:00,OANDA:GBPUSD,1.31922,1.32053,1.3178,1.31791,26164.0,Interval.in_2_hour,7146000.0,long,long,short,short,short,short,short,short,short,short,short,short,short,short,short,short,short,short,,,,,,,,,,,,,,,,,,,,,,,,,,,,long,long,long,long,long,long,long,short,long,long,long,long
4978,2022-03-24 15:00:00,OANDA:GBPUSD,1.31982,1.3199,1.31669,1.31922,28352.0,Interval.in_2_hour,7138800.0,short,short,short,short,short,short,short,short,short,short,short,short,short,short,short,short,short,short,,,,,,,,,,,,,,,,,,,,,,,,,,,,short,short,short,short,short,long,long,long,short,short,long,long
4979,2022-03-24 13:00:00,OANDA:GBPUSD,1.31956,1.32144,1.31808,1.31982,24573.0,Interval.in_2_hour,7131600.0,long,short,short,short,short,short,short,short,short,short,short,short,short,short,short,short,short,short,,,,,,,,,,,,,,,,,,,,,,,,,,,,short,short,short,short,short,short,long,long,long,short,short,short
4980,2022-03-24 11:00:00,OANDA:GBPUSD,1.31606,1.31966,1.31569,1.31956,19698.0,Interval.in_2_hour,7124400.0,long,long,short,short,short,short,short,short,short,short,short,short,short,short,short,short,short,short,,,,,,,,,,,,,,,,,,,,,,,,,,,,long,short,short,short,short,short,short,long,long,long,short,short
4981,2022-03-24 09:00:00,OANDA:GBPUSD,1.31902,1.32056,1.31578,1.31606,24052.0,Interval.in_2_hour,7117200.0,long,long,long,long,long,long,long,short,short,short,short,long,short,short,short,short,short,short,,,,,,,,,,,,,,,,,,,,,,,,,,,,long,long,long,long,long,long,long,long,long,long,long,long
4982,2022-03-24 07:00:00,OANDA:GBPUSD,1.31907,1.32018,1.3182,1.31902,15467.0,Interval.in_2_hour,7110000.0,short,short,long,long,short,short,short,short,short,short,short,short,short,short,short,short,short,short,,,,,,,,,,,,,,,,,,,,,,,,,,,,short,long,long,long,short,short,short,long,short,long,long,long
4983,2022-03-24 05:00:00,OANDA:GBPUSD,1.31922,1.3196,1.31836,1.31907,12498.0,Interval.in_2_hour,7102800.0,long,short,short,long,long,short,short,short,short,short,short,short,short,short,short,short,short,short,,,,,,,,,,,,,,,,,,,,,,,,,,,,short,short,long,long,long,short,short,short,long,short,long,long
4984,2022-03-24 03:00:00,OANDA:GBPUSD,1.31996,1.32008,1.31836,1.31922,16285.0,Interval.in_2_hour,7095600.0,long,long,short,short,long,long,short,short,short,short,short,short,short,short,short,short,short,short,,,,,,,,,,,,,,,,,,,,,,,,,,,,short,short,short,long,long,long,short,short,short,short,short,long
4985,2022-03-24 01:00:00,OANDA:GBPUSD,1.31991,1.3213,1.3197,1.31996,9205.0,Interval.in_2_hour,7088400.0,long,long,long,short,short,short,long,short,short,short,short,short,short,short,short,short,short,short,,,,,,,,,,,,,,,,,,,,,,,,,,,,short,short,short,short,short,short,short,short,short,short,short,short
4986,2022-03-23 23:00:00,OANDA:GBPUSD,1.3206,1.3211,1.31959,1.31991,1414.0,Interval.in_2_hour,7081200.0,short,long,long,long,short,short,short,long,short,short,short,short,short,short,short,short,short,short,,,,,,,,,,,,,,,,,,,,,,,,,,,,long,short,short,short,short,short,short,short,short,short,short,short
4987,2022-03-23 21:00:00,OANDA:GBPUSD,1.32054,1.32114,1.32045,1.3206,6002.0,Interval.in_2_hour,7074000.0,short,short,long,long,long,short,short,short,long,short,short,short,short,short,short,short,short,short,,,,,,,,,,,,,,,,,,,,,,,,,,,,short,short,short,short,short,short,short,short,short,short,short,short
4988,2022-03-23 19:00:00,OANDA:GBPUSD,1.32022,1.32128,1.31978,1.32054,10731.0,Interval.in_2_hour,7066800.0,short,short,short,long,long,long,short,short,short,long,short,short,short,short,short,short,short,short,,,,,,,,,,,,,,,,,,,,,,,,,,,,long,short,short,short,short,short,short,short,short,short,short,short
4989,2022-03-23 17:00:00,OANDA:GBPUSD,1.31957,1.32147,1.31956,1.32022,17977.0,Interval.in_2_hour,7059600.0,short,short,short,short,long,long,long,short,short,short,long,short,short,short,short,short,short,short,,,,,,,,,,,,,,,,,,,,,,,,,,,,long,long,short,short,short,short,short,short,short,short,short,short
4990,2022-03-23 15:00:00,OANDA:GBPUSD,1.31949,1.32074,1.31752,1.31957,24918.0,Interval.in_2_hour,7052400.0,short,short,short,short,short,long,long,long,short,short,long,long,short,short,short,short,short,short,,,,,,,,,,,,,,,,,,,,,,,,,,,,long,long,long,long,long,short,short,short,short,short,long,short
4991,2022-03-23 13:00:00,OANDA:GBPUSD,1.32184,1.32218,1.31784,1.31949,20810.0,Interval.in_2_hour,7045200.0,short,short,short,short,short,short,long,long,long,short,short,long,long,short,short,short,short,short,,,,,,,,,,,,,,,,,,,,,,,,,,,,long,long,long,long,long,long,short,short,short,short,long,long
4992,2022-03-23 11:00:00,OANDA:GBPUSD,1.32228,1.32448,1.32144,1.32184,17159.0,Interval.in_2_hour,7038000.0,short,short,short,short,short,short,short,short,long,short,short,short,short,short,short,short,short,short,,,,,,,,,,,,,,,,,,,,,,,,,,,,short,short,short,short,short,short,short,short,short,short,short,short
4993,2022-03-23 09:00:00,OANDA:GBPUSD,1.32762,1.3288,1.32211,1.32228,18180.0,Interval.in_2_hour,7030800.0,short,short,short,short,short,short,short,short,short,short,short,short,short,short,short,short,short,short,,,,,,,,,,,,,,,,,,,,,,,,,,,,short,short,short,short,short,short,short,short,short,short,short,short
4994,2022-03-23 07:00:00,OANDA:GBPUSD,1.32798,1.32918,1.3273,1.32762,10109.0,Interval.in_2_hour,7023600.0,short,short,short,short,short,short,short,short,short,short,short,short,short,short,short,short,short,short,,,,,,,,,,,,,,,,,,,,,,,,,,,,short,short,short,short,short,short,short,short,short,short,short,short
4995,2022-03-23 05:00:00,OANDA:GBPUSD,1.32886,1.3293,1.32782,1.32798,8693.0,Interval.in_2_hour,7016400.0,short,short,short,short,short,short,short,short,short,short,short,short,short,short,short,short,short,short,,,,,,,,,,,,,,,,,,,,,,,,,,,,short,short,short,short,short,short,short,short,short,short,short,short
4996,2022-03-23 03:00:00,OANDA:GBPUSD,1.32708,1.32988,1.32698,1.32886,13895.0,Interval.in_2_hour,7009200.0,short,short,short,short,short,short,short,short,short,short,short,short,short,short,short,short,short,short,,,,,,,,,,,,,,,,,,,,,,,,,,,,short,short,short,short,short,short,short,short,short,short,short,short
4997,2022-03-23 01:00:00,OANDA:GBPUSD,1.32706,1.32752,1.32623,1.32708,9150.0,Interval.in_2_hour,7002000.0,short,short,short,short,short,short,short,short,short,short,short,short,short,short,short,short,short,short,,,,,,,,,,,,,,,,,,,,,,,,,,,,long,long,long,short,short,short,short,short,short,short,short,short
4998,2022-03-22 23:00:00,OANDA:GBPUSD,1.32626,1.32719,1.3259,1.32706,2015.0,Interval.in_2_hour,6994800.0,short,short,short,short,short,short,short,short,short,short,short,short,short,short,short,short,short,short,,,,,,,,,,,,,,,,,,,,,,,,,,,,long,long,long,long,short,short,short,short,short,short,short,short
4999,2022-03-22 21:00:00,OANDA:GBPUSD,1.3254,1.32642,1.32479,1.32626,6840.0,Interval.in_2_hour,6987600.0,short,short,short,short,short,short,short,short,short,short,short,short,short,short,short,short,short,short,,,,,,,,,,,,,,,,,,,,,,,,,,,,long,long,long,long,long,short,short,short,short,short,short,short
