,datetime,symbol,open,high,low,close,volume,interval,datetime_sec
0,2023-10-04 03:25:00,OANDA:AUDUSD,0.63042,0.63056,0.63035,0.63056,75.0,Interval.in_5_minute,55394700.0
1,2023-10-04 03:30:00,OANDA:AUDUSD,0.63056,0.63083,0.63043,0.63083,116.0,Interval.in_5_minute,55395000.0
2,2023-10-04 03:35:00,OANDA:AUDUSD,0.63083,0.63123,0.63082,0.63117,139.0,Interval.in_5_minute,55395300.0
3,2023-10-04 03:40:00,OANDA:AUDUSD,0.63117,0.63126,0.63097,0.63107,109.0,Interval.in_5_minute,55395600.0
4,2023-10-04 03:45:00,OANDA:AUDUSD,0.63107,0.63142,0.63104,0.63138,174.0,Interval.in_5_minute,55395900.0
5,2023-10-04 03:50:00,OANDA:AUDUSD,0.63138,0.6315,0.63094,0.63099,230.0,Interval.in_5_minute,55396200.0
6,2023-10-04 03:55:00,OANDA:AUDUSD,0.63099,0.63128,0.63092,0.6311,188.0,Interval.in_5_minute,55396500.0
7,2023-10-04 04:00:00,OANDA:AUDUSD,0.6311,0.63123,0.63032,0.6304,466.0,Interval.in_5_minute,55396800.0
8,2023-10-04 04:05:00,OANDA:AUDUSD,0.6304,0.63052,0.63007,0.63013,289.0,Interval.in_5_minute,55397100.0
9,2023-10-04 04:10:00,OANDA:AUDUSD,0.63013,0.63074,0.63013,0.63049,180.0,Interval.in_5_minute,55397400.0
10,2023-10-04 04:15:00,OANDA:AUDUSD,0.63049,0.63066,0.63008,0.63025,254.0,Interval.in_5_minute,55397700.0
11,2023-10-04 04:20:00,OANDA:AUDUSD,0.63025,0.6306,0.63016,0.63044,260.0,Interval.in_5_minute,55398000.0
12,2023-10-04 04:25:00,OANDA:AUDUSD,0.63044,0.63056,0.63024,0.63027,129.0,Interval.in_5_minute,55398300.0
13,2023-10-04 04:30:00,OANDA:AUDUSD,0.63027,0.63027,0.62914,0.62923,341.0,Interval.in_5_minute,55398600.0
14,2023-10-04 04:35:00,OANDA:AUDUSD,0.62923,0.62924,0.62865,0.629,413.0,Interval.in_5_minute,55398900.0
15,2023-10-04 04:40:00,OANDA:AUDUSD,0.629,0.62908,0.62871,0.62888,314.0,Interval.in_5_minute,55399200.0
16,2023-10-04 04:45:00,OANDA:AUDUSD,0.62888,0.62985,0.62888,0.62976,250.0,Interval.in_5_minute,55399500.0
17,2023-10-04 04:50:00,OANDA:AUDUSD,0.62976,0.63006,0.62976,0.62994,182.0,Interval.in_5_minute,55399800.0
18,2023-10-04 04:55:00,OANDA:AUDUSD,0.62994,0.63022,0.62988,0.62988,229.0,Interval.in_5_minute,55400100.0
19,2023-10-04 05:00:00,OANDA:AUDUSD,0.62988,0.62992,0.62952,0.62976,218.0,Interval.in_5_minute,55400400.0
20,2023-10-04 05:05:00,OANDA:AUDUSD,0.62976,0.63022,0.62969,0.63016,223.0,Interval.in_5_minute,55400700.0
21,2023-10-04 05:10:00,OANDA:AUDUSD,0.63016,0.63023,0.62995,0.63014,166.0,Interval.in_5_minute,55401000.0
22,2023-10-04 05:15:00,OANDA:AUDUSD,0.63014,0.63029,0.63001,0.63028,125.0,Interval.in_5_minute,55401300.0
23,2023-10-04 05:20:00,OANDA:AUDUSD,0.63028,0.63033,0.63008,0.63028,180.0,Interval.in_5_minute,55401600.0
24,2023-10-04 05:25:00,OANDA:AUDUSD,0.63028,0.63046,0.63015,0.63026,203.0,Interval.in_5_minute,55401900.0
25,2023-10-04 05:30:00,OANDA:AUDUSD,0.63026,0.63064,0.63016,0.6306,187.0,Interval.in_5_minute,55402200.0
26,2023-10-04 05:35:00,OANDA:AUDUSD,0.6306,0.63062,0.63027,0.63044,164.0,Interval.in_5_minute,55402500.0
27,2023-10-04 05:40:00,OANDA:AUDUSD,0.63044,0.6306,0.63044,0.63048,64.0,Interval.in_5_minute,55402800.0
28,2023-10-04 05:45:00,OANDA:AUDUSD,0.63048,0.63052,0.63016,0.63017,91.0,Interval.in_5_minute,55403100.0
29,2023-10-04 05:50:00,OANDA:AUDUSD,0.63017,0.63044,0.63,0.63042,121.0,Interval.in_5_minute,55403400.0
30,2023-10-04 05:55:00,OANDA:AUDUSD,0.63042,0.63065,0.63041,0.63048,117.0,Interval.in_5_minute,55403700.0
31,2023-10-04 06:00:00,OANDA:AUDUSD,0.63048,0.63056,0.6304,0.63046,154.0,Interval.in_5_minute,55404000.0
32,2023-10-04 06:05:00,OANDA:AUDUSD,0.63046,0.63046,0.63021,0.63025,99.0,Interval.in_5_minute,55404300.0
33,2023-10-04 06:10:00,OANDA:AUDUSD,0.63025,0.63067,0.6302,0.63056,160.0,Interval.in_5_minute,55404600.0
34,2023-10-04 06:15:00,OANDA:AUDUSD,0.63056,0.6306,0.6302,0.63026,107.0,Interval.in_5_minute,55404900.0
35,2023-10-04 06:20:00,OANDA:AUDUSD,0.63026,0.63032,0.63009,0.63031,115.0,Interval.in_5_minute,55405200.0
36,2023-10-04 06:25:00,OANDA:AUDUSD,0.63031,0.6304,0.63022,0.63026,133.0,Interval.in_5_minute,55405500.0
37,2023-10-04 06:30:00,OANDA:AUDUSD,0.63026,0.63034,0.62985,0.62985,151.0,Interval.in_5_minute,55405800.0
38,2023-10-04 06:35:00,OANDA:AUDUSD,0.62985,0.63,0.62961,0.62984,135.0,Interval.in_5_minute,55406100.0
39,2023-10-04 06:40:00,OANDA:AUDUSD,0.62984,0.62992,0.62972,0.62984,99.0,Interval.in_5_minute,55406400.0
40,2023-10-04 06:45:00,OANDA:AUDUSD,0.62984,0.62986,0.62946,0.6296,215.0,Interval.in_5_minute,55406700.0
41,2023-10-04 06:50:00,OANDA:AUDUSD,0.6296,0.62972,0.62952,0.6297,106.0,Interval.in_5_minute,55407000.0
42,2023-10-04 06:55:00,OANDA:AUDUSD,0.6297,0.62976,0.62967,0.62975,98.0,Interval.in_5_minute,55407300.0
43,2023-10-04 07:00:00,OANDA:AUDUSD,0.62975,0.63007,0.62975,0.62998,172.0,Interval.in_5_minute,55407600.0
44,2023-10-04 07:05:00,OANDA:AUDUSD,0.62998,0.6301,0.6298,0.63007,115.0,Interval.in_5_minute,55407900.0
45,2023-10-04 07:10:00,OANDA:AUDUSD,0.63007,0.63028,0.63,0.63026,94.0,Interval.in_5_minute,55408200.0
46,2023-10-04 07:15:00,OANDA:AUDUSD,0.63026,0.63028,0.63012,0.63016,108.0,Interval.in_5_minute,55408500.0
47,2023-10-04 07:20:00,OANDA:AUDUSD,0.63016,0.63038,0.63006,0.63014,138.0,Interval.in_5_minute,55408800.0
48,2023-10-04 07:25:00,OANDA:AUDUSD,0.63014,0.63016,0.63,0.63014,49.0,Interval.in_5_minute,55409100.0
49,2023-10-04 07:30:00,OANDA:AUDUSD,0.63014,0.63031,0.63011,0.63018,114.0,Interval.in_5_minute,55409400.0
50,2023-10-04 07:35:00,OANDA:AUDUSD,0.63018,0.63048,0.63018,0.63048,143.0,Interval.in_5_minute,55409700.0
51,2023-10-04 07:40:00,OANDA:AUDUSD,0.63048,0.63059,0.6303,0.6304,99.0,Interval.in_5_minute,55410000.0
52,2023-10-04 07:45:00,OANDA:AUDUSD,0.6304,0.63092,0.63035,0.63092,167.0,Interval.in_5_minute,55410300.0
53,2023-10-04 07:50:00,OANDA:AUDUSD,0.63092,0.6324,0.6309,0.63236,255.0,Interval.in_5_minute,55410600.0
54,2023-10-04 07:55:00,OANDA:AUDUSD,0.63236,0.63244,0.63196,0.63204,236.0,Interval.in_5_minute,55410900.0
55,2023-10-04 08:00:00,OANDA:AUDUSD,0.63204,0.6321,0.63194,0.63203,165.0,Interval.in_5_minute,55411200.0
56,2023-10-04 08:05:00,OANDA:AUDUSD,0.63203,0.63242,0.632,0.63239,146.0,Interval.in_5_minute,55411500.0
57,2023-10-04 08:10:00,OANDA:AUDUSD,0.63239,0.63264,0.6322,0.6323,185.0,Interval.in_5_minute,55411800.0
58,2023-10-04 08:15:00,OANDA:AUDUSD,0.6323,0.6323,0.6318,0.6318,187.0,Interval.in_5_minute,55412100.0
59,2023-10-04 08:20:00,OANDA:AUDUSD,0.6318,0.63185,0.6316,0.63168,141.0,Interval.in_5_minute,55412400.0
60,2023-10-04 08:25:00,OANDA:AUDUSD,0.63168,0.63185,0.63162,0.63174,73.0,Interval.in_5_minute,55412700.0
61,2023-10-04 08:30:00,OANDA:AUDUSD,0.63174,0.63202,0.63162,0.63164,158.0,Interval.in_5_minute,55413000.0
62,2023-10-04 08:35:00,OANDA:AUDUSD,0.63164,0.6317,0.63148,0.63148,144.0,Interval.in_5_minute,55413300.0
63,2023-10-04 08:40:00,OANDA:AUDUSD,0.63148,0.63162,0.63122,0.63159,178.0,Interval.in_5_minute,55413600.0
64,2023-10-04 08:45:00,OANDA:AUDUSD,0.63159,0.63176,0.63142,0.63146,114.0,Interval.in_5_minute,55413900.0
65,2023-10-04 08:50:00,OANDA:AUDUSD,0.63146,0.63146,0.631,0.63107,187.0,Interval.in_5_minute,55414200.0
66,2023-10-04 08:55:00,OANDA:AUDUSD,0.63107,0.6312,0.63097,0.63115,131.0,Interval.in_5_minute,55414500.0
67,2023-10-04 09:00:00,OANDA:AUDUSD,0.63115,0.63123,0.63077,0.63077,218.0,Interval.in_5_minute,55414800.0
68,2023-10-04 09:05:00,OANDA:AUDUSD,0.63077,0.63079,0.63042,0.63057,159.0,Interval.in_5_minute,55415100.0
69,2023-10-04 09:10:00,OANDA:AUDUSD,0.63057,0.63072,0.63055,0.63068,194.0,Interval.in_5_minute,55415400.0
70,2023-10-04 09:15:00,OANDA:AUDUSD,0.63068,0.63088,0.63044,0.63052,182.0,Interval.in_5_minute,55415700.0
71,2023-10-04 09:20:00,OANDA:AUDUSD,0.63052,0.63055,0.63028,0.63036,197.0,Interval.in_5_minute,55416000.0
72,2023-10-04 09:25:00,OANDA:AUDUSD,0.63036,0.63047,0.63015,0.63042,209.0,Interval.in_5_minute,55416300.0
73,2023-10-04 09:30:00,OANDA:AUDUSD,0.63042,0.6305,0.63022,0.63048,190.0,Interval.in_5_minute,55416600.0
74,2023-10-04 09:35:00,OANDA:AUDUSD,0.63048,0.63071,0.63042,0.63042,201.0,Interval.in_5_minute,55416900.0
75,2023-10-04 09:40:00,OANDA:AUDUSD,0.63042,0.63086,0.63036,0.63084,138.0,Interval.in_5_minute,55417200.0
76,2023-10-04 09:45:00,OANDA:AUDUSD,0.63084,0.63098,0.63075,0.63098,220.0,Interval.in_5_minute,55417500.0
77,2023-10-04 09:50:00,OANDA:AUDUSD,0.63098,0.63098,0.63062,0.63075,230.0,Interval.in_5_minute,55417800.0
78,2023-10-04 09:55:00,OANDA:AUDUSD,0.63075,0.63086,0.63071,0.63074,197.0,Interval.in_5_minute,55418100.0
79,2023-10-04 10:00:00,OANDA:AUDUSD,0.63074,0.63074,0.63036,0.63066,262.0,Interval.in_5_minute,55418400.0
80,2023-10-04 10:05:00,OANDA:AUDUSD,0.63066,0.63073,0.63042,0.63068,298.0,Interval.in_5_minute,55418700.0
81,2023-10-04 10:10:00,OANDA:AUDUSD,0.63068,0.63152,0.63066,0.63134,332.0,Interval.in_5_minute,55419000.0
82,2023-10-04 10:15:00,OANDA:AUDUSD,0.63134,0.63156,0.63122,0.63141,316.0,Interval.in_5_minute,55419300.0
83,2023-10-04 10:20:00,OANDA:AUDUSD,0.63141,0.63156,0.63104,0.63109,231.0,Interval.in_5_minute,55419600.0
84,2023-10-04 10:25:00,OANDA:AUDUSD,0.63109,0.63138,0.63101,0.6312,240.0,Interval.in_5_minute,55419900.0
85,2023-10-04 10:30:00,OANDA:AUDUSD,0.6312,0.63128,0.63091,0.63111,336.0,Interval.in_5_minute,55420200.0
86,2023-10-04 10:35:00,OANDA:AUDUSD,0.63111,0.63137,0.63091,0.63136,299.0,Interval.in_5_minute,55420500.0
87,2023-10-04 10:40:00,OANDA:AUDUSD,0.63136,0.6324,0.63129,0.63235,272.0,Interval.in_5_minute,55420800.0
88,2023-10-04 10:45:00,OANDA:AUDUSD,0.63235,0.63236,0.63177,0.63184,320.0,Interval.in_5_minute,55421100.0
89,2023-10-04 10:50:00,OANDA:AUDUSD,0.63184,0.63184,0.63138,0.63154,293.0,Interval.in_5_minute,55421400.0
90,2023-10-04 10:55:00,OANDA:AUDUSD,0.63154,0.63212,0.63144,0.63212,309.0,Interval.in_5_minute,55421700.0
91,2023-10-04 11:00:00,OANDA:AUDUSD,0.63212,0.63222,0.63189,0.63206,308.0,Interval.in_5_minute,55422000.0
92,2023-10-04 11:05:00,OANDA:AUDUSD,0.63206,0.63248,0.63186,0.63238,264.0,Interval.in_5_minute,55422300.0
93,2023-10-04 11:10:00,OANDA:AUDUSD,0.63238,0.63256,0.63222,0.63234,201.0,Interval.in_5_minute,55422600.0
94,2023-10-04 11:15:00,OANDA:AUDUSD,0.63234,0.63234,0.63186,0.632,240.0,Interval.in_5_minute,55422900.0
95,2023-10-04 11:20:00,OANDA:AUDUSD,0.632,0.6321,0.63169,0.6321,289.0,Interval.in_5_minute,55423200.0
96,2023-10-04 11:25:00,OANDA:AUDUSD,0.6321,0.63214,0.63184,0.63193,287.0,Interval.in_5_minute,55423500.0
97,2023-10-04 11:30:00,OANDA:AUDUSD,0.63193,0.63224,0.63186,0.63186,161.0,Interval.in_5_minute,55423800.0
98,2023-10-04 11:35:00,OANDA:AUDUSD,0.63186,0.63196,0.63159,0.63196,139.0,Interval.in_5_minute,55424100.0
99,2023-10-04 11:40:00,OANDA:AUDUSD,0.63196,0.6323,0.63196,0.6322,185.0,Interval.in_5_minute,55424400.0
100,2023-10-04 11:45:00,OANDA:AUDUSD,0.6322,0.6322,0.63183,0.63197,177.0,Interval.in_5_minute,55424700.0
101,2023-10-04 11:50:00,OANDA:AUDUSD,0.63197,0.63226,0.63176,0.63212,175.0,Interval.in_5_minute,55425000.0
102,2023-10-04 11:55:00,OANDA:AUDUSD,0.63212,0.63254,0.63212,0.63232,198.0,Interval.in_5_minute,55425300.0
103,2023-10-04 12:00:00,OANDA:AUDUSD,0.63232,0.6324,0.63218,0.63234,266.0,Interval.in_5_minute,55425600.0
104,2023-10-04 12:05:00,OANDA:AUDUSD,0.63234,0.63267,0.6323,0.63258,184.0,Interval.in_5_minute,55425900.0
105,2023-10-04 12:10:00,OANDA:AUDUSD,0.63258,0.63268,0.63238,0.6325,179.0,Interval.in_5_minute,55426200.0
106,2023-10-04 12:15:00,OANDA:AUDUSD,0.6325,0.6325,0.63224,0.63234,182.0,Interval.in_5_minute,55426500.0
107,2023-10-04 12:20:00,OANDA:AUDUSD,0.63234,0.63234,0.63192,0.63202,206.0,Interval.in_5_minute,55426800.0
108,2023-10-04 12:25:00,OANDA:AUDUSD,0.63202,0.63211,0.63188,0.63208,189.0,Interval.in_5_minute,55427100.0
109,2023-10-04 12:30:00,OANDA:AUDUSD,0.63208,0.63244,0.63206,0.63226,194.0,Interval.in_5_minute,55427400.0
110,2023-10-04 12:35:00,OANDA:AUDUSD,0.63226,0.6324,0.63209,0.63234,170.0,Interval.in_5_minute,55427700.0
111,2023-10-04 12:40:00,OANDA:AUDUSD,0.63234,0.63252,0.6323,0.63234,114.0,Interval.in_5_minute,55428000.0
112,2023-10-04 12:45:00,OANDA:AUDUSD,0.63234,0.63285,0.6323,0.63273,162.0,Interval.in_5_minute,55428300.0
113,2023-10-04 12:50:00,OANDA:AUDUSD,0.63273,0.63288,0.63264,0.63278,175.0,Interval.in_5_minute,55428600.0
114,2023-10-04 12:55:00,OANDA:AUDUSD,0.63278,0.63278,0.63233,0.63242,171.0,Interval.in_5_minute,55428900.0
115,2023-10-04 13:00:00,OANDA:AUDUSD,0.63242,0.63246,0.63218,0.63234,237.0,Interval.in_5_minute,55429200.0
116,2023-10-04 13:05:00,OANDA:AUDUSD,0.63234,0.63264,0.63228,0.63242,258.0,Interval.in_5_minute,55429500.0
117,2023-10-04 13:10:00,OANDA:AUDUSD,0.63242,0.63276,0.63238,0.63266,205.0,Interval.in_5_minute,55429800.0
118,2023-10-04 13:15:00,OANDA:AUDUSD,0.63266,0.63274,0.63254,0.63259,163.0,Interval.in_5_minute,55430100.0
119,2023-10-04 13:20:00,OANDA:AUDUSD,0.63259,0.63259,0.63222,0.63246,179.0,Interval.in_5_minute,55430400.0
120,2023-10-04 13:25:00,OANDA:AUDUSD,0.63246,0.63249,0.63224,0.63224,173.0,Interval.in_5_minute,55430700.0
121,2023-10-04 13:30:00,OANDA:AUDUSD,0.63224,0.63224,0.63199,0.63208,162.0,Interval.in_5_minute,55431000.0
122,2023-10-04 13:35:00,OANDA:AUDUSD,0.63208,0.63215,0.6319,0.63204,179.0,Interval.in_5_minute,55431300.0
123,2023-10-04 13:40:00,OANDA:AUDUSD,0.63204,0.63206,0.63188,0.632,206.0,Interval.in_5_minute,55431600.0
124,2023-10-04 13:45:00,OANDA:AUDUSD,0.632,0.63204,0.63162,0.63174,166.0,Interval.in_5_minute,55431900.0
125,2023-10-04 13:50:00,OANDA:AUDUSD,0.63174,0.63187,0.63153,0.63178,127.0,Interval.in_5_minute,55432200.0
126,2023-10-04 13:55:00,OANDA:AUDUSD,0.63178,0.63208,0.63174,0.63199,168.0,Interval.in_5_minute,55432500.0
127,2023-10-04 14:00:00,OANDA:AUDUSD,0.63199,0.63236,0.63198,0.63234,179.0,Interval.in_5_minute,55432800.0
128,2023-10-04 14:05:00,OANDA:AUDUSD,0.63234,0.63272,0.63234,0.63272,216.0,Interval.in_5_minute,55433100.0
129,2023-10-04 14:10:00,OANDA:AUDUSD,0.63272,0.63336,0.63264,0.6333,354.0,Interval.in_5_minute,55433400.0
130,2023-10-04 14:15:00,OANDA:AUDUSD,0.6333,0.63338,0.63284,0.63284,327.0,Interval.in_5_minute,55433700.0
131,2023-10-04 14:20:00,OANDA:AUDUSD,0.63284,0.63284,0.63244,0.63248,219.0,Interval.in_5_minute,55434000.0
132,2023-10-04 14:25:00,OANDA:AUDUSD,0.63248,0.63274,0.63248,0.63266,224.0,Interval.in_5_minute,55434300.0
133,2023-10-04 14:30:00,OANDA:AUDUSD,0.63266,0.63266,0.63234,0.6324,167.0,Interval.in_5_minute,55434600.0
134,2023-10-04 14:35:00,OANDA:AUDUSD,0.6324,0.63254,0.63214,0.63251,209.0,Interval.in_5_minute,55434900.0
135,2023-10-04 14:40:00,OANDA:AUDUSD,0.63251,0.63254,0.6323,0.63254,242.0,Interval.in_5_minute,55435200.0
136,2023-10-04 14:45:00,OANDA:AUDUSD,0.63254,0.63277,0.63242,0.63256,301.0,Interval.in_5_minute,55435500.0
137,2023-10-04 14:50:00,OANDA:AUDUSD,0.63256,0.63264,0.63222,0.63222,286.0,Interval.in_5_minute,55435800.0
138,2023-10-04 14:55:00,OANDA:AUDUSD,0.63222,0.63224,0.6319,0.63194,241.0,Interval.in_5_minute,55436100.0
139,2023-10-04 15:00:00,OANDA:AUDUSD,0.63194,0.63242,0.6319,0.63214,319.0,Interval.in_5_minute,55436400.0
140,2023-10-04 15:05:00,OANDA:AUDUSD,0.63214,0.6323,0.63174,0.6318,271.0,Interval.in_5_minute,55436700.0
141,2023-10-04 15:10:00,OANDA:AUDUSD,0.6318,0.63226,0.6318,0.63218,205.0,Interval.in_5_minute,55437000.0
142,2023-10-04 15:15:00,OANDA:AUDUSD,0.63218,0.63381,0.63213,0.63296,1121.0,Interval.in_5_minute,55437300.0
143,2023-10-04 15:20:00,OANDA:AUDUSD,0.63296,0.6333,0.63246,0.63282,771.0,Interval.in_5_minute,55437600.0
144,2023-10-04 15:25:00,OANDA:AUDUSD,0.63282,0.63296,0.63244,0.63289,609.0,Interval.in_5_minute,55437900.0
145,2023-10-04 15:30:00,OANDA:AUDUSD,0.63289,0.6332,0.63267,0.63314,532.0,Interval.in_5_minute,55438200.0
146,2023-10-04 15:35:00,OANDA:AUDUSD,0.63314,0.63342,0.633,0.63328,400.0,Interval.in_5_minute,55438500.0
147,2023-10-04 15:40:00,OANDA:AUDUSD,0.63328,0.63412,0.63328,0.63378,353.0,Interval.in_5_minute,55438800.0
148,2023-10-04 15:45:00,OANDA:AUDUSD,0.63378,0.63424,0.63349,0.63422,425.0,Interval.in_5_minute,55439100.0
149,2023-10-04 15:50:00,OANDA:AUDUSD,0.63422,0.63426,0.6338,0.63394,243.0,Interval.in_5_minute,55439400.0
150,2023-10-04 15:55:00,OANDA:AUDUSD,0.63394,0.63403,0.63361,0.6337,300.0,Interval.in_5_minute,55439700.0
151,2023-10-04 16:00:00,OANDA:AUDUSD,0.6337,0.63392,0.63351,0.63392,344.0,Interval.in_5_minute,55440000.0
152,2023-10-04 16:05:00,OANDA:AUDUSD,0.63392,0.63408,0.63361,0.63385,275.0,Interval.in_5_minute,55440300.0
153,2023-10-04 16:10:00,OANDA:AUDUSD,0.63385,0.63408,0.6337,0.63381,277.0,Interval.in_5_minute,55440600.0
154,2023-10-04 16:15:00,OANDA:AUDUSD,0.63381,0.63412,0.63346,0.63348,282.0,Interval.in_5_minute,55440900.0
155,2023-10-04 16:20:00,OANDA:AUDUSD,0.63348,0.63348,0.63317,0.63326,217.0,Interval.in_5_minute,55441200.0
156,2023-10-04 16:25:00,OANDA:AUDUSD,0.63326,0.63371,0.63314,0.63363,194.0,Interval.in_5_minute,55441500.0
157,2023-10-04 16:30:00,OANDA:AUDUSD,0.63363,0.63379,0.63342,0.63373,401.0,Interval.in_5_minute,55441800.0
158,2023-10-04 16:35:00,OANDA:AUDUSD,0.63373,0.63384,0.63325,0.63355,423.0,Interval.in_5_minute,55442100.0
159,2023-10-04 16:40:00,OANDA:AUDUSD,0.63355,0.6337,0.63298,0.63319,339.0,Interval.in_5_minute,55442400.0
160,2023-10-04 16:45:00,OANDA:AUDUSD,0.63319,0.63331,0.63268,0.63278,572.0,Interval.in_5_minute,55442700.0
161,2023-10-04 16:50:00,OANDA:AUDUSD,0.63278,0.63309,0.63234,0.63272,394.0,Interval.in_5_minute,55443000.0
162,2023-10-04 16:55:00,OANDA:AUDUSD,0.63272,0.63319,0.63258,0.63264,293.0,Interval.in_5_minute,55443300.0
163,2023-10-04 17:00:00,OANDA:AUDUSD,0.63264,0.63328,0.63173,0.63188,1088.0,Interval.in_5_minute,55443600.0
164,2023-10-04 17:05:00,OANDA:AUDUSD,0.63188,0.63234,0.63146,0.63178,608.0,Interval.in_5_minute,55443900.0
165,2023-10-04 17:10:00,OANDA:AUDUSD,0.63178,0.6326,0.63157,0.6326,449.0,Interval.in_5_minute,55444200.0
166,2023-10-04 17:15:00,OANDA:AUDUSD,0.6326,0.63268,0.63154,0.63222,514.0,Interval.in_5_minute,55444500.0
167,2023-10-04 17:20:00,OANDA:AUDUSD,0.63222,0.63234,0.63158,0.63176,468.0,Interval.in_5_minute,55444800.0
168,2023-10-04 17:25:00,OANDA:AUDUSD,0.63176,0.63196,0.63132,0.63146,316.0,Interval.in_5_minute,55445100.0
169,2023-10-04 17:30:00,OANDA:AUDUSD,0.63146,0.63212,0.63146,0.63212,449.0,Interval.in_5_minute,55445400.0
170,2023-10-04 17:35:00,OANDA:AUDUSD,0.63212,0.63264,0.6321,0.63248,413.0,Interval.in_5_minute,55445700.0
171,2023-10-04 17:40:00,OANDA:AUDUSD,0.63248,0.63262,0.63198,0.632,297.0,Interval.in_5_minute,55446000.0
172,2023-10-04 17:45:00,OANDA:AUDUSD,0.632,0.63214,0.63146,0.63162,368.0,Interval.in_5_minute,55446300.0
173,2023-10-04 17:50:00,OANDA:AUDUSD,0.63162,0.6323,0.63158,0.63177,350.0,Interval.in_5_minute,55446600.0
174,2023-10-04 17:55:00,OANDA:AUDUSD,0.63177,0.63177,0.63083,0.63108,395.0,Interval.in_5_minute,55446900.0
175,2023-10-04 18:00:00,OANDA:AUDUSD,0.63108,0.63148,0.63064,0.63146,500.0,Interval.in_5_minute,55447200.0
176,2023-10-04 18:05:00,OANDA:AUDUSD,0.63146,0.63186,0.63142,0.6318,252.0,Interval.in_5_minute,55447500.0
177,2023-10-04 18:10:00,OANDA:AUDUSD,0.6318,0.63225,0.6318,0.63209,191.0,Interval.in_5_minute,55447800.0
178,2023-10-04 18:15:00,OANDA:AUDUSD,0.63209,0.63264,0.63198,0.63261,287.0,Interval.in_5_minute,55448100.0
179,2023-10-04 18:20:00,OANDA:AUDUSD,0.63261,0.63294,0.63238,0.63274,318.0,Interval.in_5_minute,55448400.0
180,2023-10-04 18:25:00,OANDA:AUDUSD,0.63274,0.6331,0.63273,0.6328,249.0,Interval.in_5_minute,55448700.0
181,2023-10-04 18:30:00,OANDA:AUDUSD,0.6328,0.63292,0.63255,0.63281,315.0,Interval.in_5_minute,55449000.0
182,2023-10-04 18:35:00,OANDA:AUDUSD,0.63281,0.63326,0.6327,0.63301,317.0,Interval.in_5_minute,55449300.0
183,2023-10-04 18:40:00,OANDA:AUDUSD,0.63301,0.63318,0.6327,0.63308,216.0,Interval.in_5_minute,55449600.0
184,2023-10-04 18:45:00,OANDA:AUDUSD,0.63308,0.63371,0.63303,0.63353,225.0,Interval.in_5_minute,55449900.0
185,2023-10-04 18:50:00,OANDA:AUDUSD,0.63353,0.63375,0.6333,0.63374,319.0,Interval.in_5_minute,55450200.0
186,2023-10-04 18:55:00,OANDA:AUDUSD,0.63374,0.63384,0.6335,0.63362,298.0,Interval.in_5_minute,55450500.0
187,2023-10-04 19:00:00,OANDA:AUDUSD,0.63362,0.63364,0.63324,0.63329,219.0,Interval.in_5_minute,55450800.0
188,2023-10-04 19:05:00,OANDA:AUDUSD,0.63329,0.63365,0.63318,0.63348,186.0,Interval.in_5_minute,55451100.0
189,2023-10-04 19:10:00,OANDA:AUDUSD,0.63348,0.6339,0.63334,0.63348,305.0,Interval.in_5_minute,55451400.0
190,2023-10-04 19:15:00,OANDA:AUDUSD,0.63348,0.63384,0.63338,0.63374,293.0,Interval.in_5_minute,55451700.0
191,2023-10-04 19:20:00,OANDA:AUDUSD,0.63374,0.6338,0.63334,0.63339,284.0,Interval.in_5_minute,55452000.0
192,2023-10-04 19:25:00,OANDA:AUDUSD,0.63339,0.63358,0.63332,0.63346,295.0,Interval.in_5_minute,55452300.0
193,2023-10-04 19:30:00,OANDA:AUDUSD,0.63346,0.63392,0.63333,0.63379,228.0,Interval.in_5_minute,55452600.0
194,2023-10-04 19:35:00,OANDA:AUDUSD,0.63379,0.63379,0.6334,0.63347,218.0,Interval.in_5_minute,55452900.0
195,2023-10-04 19:40:00,OANDA:AUDUSD,0.63347,0.63368,0.63308,0.63309,187.0,Interval.in_5_minute,55453200.0
196,2023-10-04 19:45:00,OANDA:AUDUSD,0.63309,0.63346,0.63307,0.63342,145.0,Interval.in_5_minute,55453500.0
197,2023-10-04 19:50:00,OANDA:AUDUSD,0.63342,0.63356,0.63308,0.63312,200.0,Interval.in_5_minute,55453800.0
198,2023-10-04 19:55:00,OANDA:AUDUSD,0.63312,0.63322,0.63298,0.63305,182.0,Interval.in_5_minute,55454100.0
199,2023-10-04 20:00:00,OANDA:AUDUSD,0.63305,0.63314,0.6328,0.63286,225.0,Interval.in_5_minute,55454400.0
200,2023-10-04 20:05:00,OANDA:AUDUSD,0.63286,0.63301,0.63277,0.63292,216.0,Interval.in_5_minute,55454700.0
201,2023-10-04 20:10:00,OANDA:AUDUSD,0.63292,0.63297,0.63267,0.63274,128.0,Interval.in_5_minute,55455000.0
202,2023-10-04 20:15:00,OANDA:AUDUSD,0.63274,0.63292,0.6327,0.63274,236.0,Interval.in_5_minute,55455300.0
203,2023-10-04 20:20:00,OANDA:AUDUSD,0.63274,0.63288,0.63237,0.63242,206.0,Interval.in_5_minute,55455600.0
204,2023-10-04 20:25:00,OANDA:AUDUSD,0.63242,0.63242,0.63206,0.63207,150.0,Interval.in_5_minute,55455900.0
205,2023-10-04 20:30:00,OANDA:AUDUSD,0.63207,0.63217,0.63182,0.6321,243.0,Interval.in_5_minute,55456200.0
206,2023-10-04 20:35:00,OANDA:AUDUSD,0.6321,0.63224,0.63196,0.6321,164.0,Interval.in_5_minute,55456500.0
207,2023-10-04 20:40:00,OANDA:AUDUSD,0.6321,0.63219,0.6319,0.63218,209.0,Interval.in_5_minute,55456800.0
208,2023-10-04 20:45:00,OANDA:AUDUSD,0.63218,0.6324,0.63212,0.63239,201.0,Interval.in_5_minute,55457100.0
209,2023-10-04 20:50:00,OANDA:AUDUSD,0.63239,0.63242,0.63204,0.6321,133.0,Interval.in_5_minute,55457400.0
210,2023-10-04 20:55:00,OANDA:AUDUSD,0.6321,0.6322,0.63194,0.63204,64.0,Interval.in_5_minute,55457700.0
211,2023-10-04 21:00:00,OANDA:AUDUSD,0.63204,0.63204,0.63176,0.63187,190.0,Interval.in_5_minute,55458000.0
212,2023-10-04 21:05:00,OANDA:AUDUSD,0.63187,0.63202,0.63178,0.63181,194.0,Interval.in_5_minute,55458300.0
213,2023-10-04 21:10:00,OANDA:AUDUSD,0.63181,0.63211,0.63176,0.63206,155.0,Interval.in_5_minute,55458600.0
214,2023-10-04 21:15:00,OANDA:AUDUSD,0.63206,0.63232,0.63206,0.6323,170.0,Interval.in_5_minute,55458900.0
215,2023-10-04 21:20:00,OANDA:AUDUSD,0.6323,0.63236,0.63178,0.63182,190.0,Interval.in_5_minute,55459200.0
216,2023-10-04 21:25:00,OANDA:AUDUSD,0.63182,0.63216,0.6318,0.63204,157.0,Interval.in_5_minute,55459500.0
217,2023-10-04 21:30:00,OANDA:AUDUSD,0.63204,0.63232,0.63193,0.63198,259.0,Interval.in_5_minute,55459800.0
218,2023-10-04 21:35:00,OANDA:AUDUSD,0.63198,0.63202,0.63177,0.63201,155.0,Interval.in_5_minute,55460100.0
219,2023-10-04 21:40:00,OANDA:AUDUSD,0.63201,0.63212,0.6319,0.63206,190.0,Interval.in_5_minute,55460400.0
220,2023-10-04 21:45:00,OANDA:AUDUSD,0.63206,0.63214,0.63183,0.63196,162.0,Interval.in_5_minute,55460700.0
221,2023-10-04 21:50:00,OANDA:AUDUSD,0.63196,0.63216,0.63185,0.63208,184.0,Interval.in_5_minute,55461000.0
222,2023-10-04 21:55:00,OANDA:AUDUSD,0.63208,0.63228,0.63204,0.63216,202.0,Interval.in_5_minute,55461300.0
223,2023-10-04 22:00:00,OANDA:AUDUSD,0.63216,0.63232,0.63212,0.63222,162.0,Interval.in_5_minute,55461600.0
224,2023-10-04 22:05:00,OANDA:AUDUSD,0.63222,0.63247,0.6321,0.63247,152.0,Interval.in_5_minute,55461900.0
225,2023-10-04 22:10:00,OANDA:AUDUSD,0.63247,0.63267,0.63245,0.63258,91.0,Interval.in_5_minute,55462200.0
226,2023-10-04 22:15:00,OANDA:AUDUSD,0.63258,0.63288,0.63255,0.63288,118.0,Interval.in_5_minute,55462500.0
227,2023-10-04 22:20:00,OANDA:AUDUSD,0.63288,0.63298,0.63274,0.63298,128.0,Interval.in_5_minute,55462800.0
228,2023-10-04 22:25:00,OANDA:AUDUSD,0.63298,0.63301,0.63277,0.63286,146.0,Interval.in_5_minute,55463100.0
229,2023-10-04 22:30:00,OANDA:AUDUSD,0.63286,0.63307,0.63282,0.63303,137.0,Interval.in_5_minute,55463400.0
230,2023-10-04 22:35:00,OANDA:AUDUSD,0.63303,0.63327,0.63302,0.63311,183.0,Interval.in_5_minute,55463700.0
231,2023-10-04 22:40:00,OANDA:AUDUSD,0.63311,0.63337,0.63311,0.63324,132.0,Interval.in_5_minute,55464000.0
232,2023-10-04 22:45:00,OANDA:AUDUSD,0.63324,0.63326,0.63304,0.63304,156.0,Interval.in_5_minute,55464300.0
233,2023-10-04 22:50:00,OANDA:AUDUSD,0.63304,0.63308,0.63282,0.63296,175.0,Interval.in_5_minute,55464600.0
234,2023-10-04 22:55:00,OANDA:AUDUSD,0.63296,0.63299,0.63286,0.63291,165.0,Interval.in_5_minute,55464900.0
235,2023-10-04 23:00:00,OANDA:AUDUSD,0.63291,0.63293,0.63278,0.6328,122.0,Interval.in_5_minute,55465200.0
236,2023-10-04 23:05:00,OANDA:AUDUSD,0.6328,0.63289,0.63272,0.63288,49.0,Interval.in_5_minute,55465500.0
237,2023-10-04 23:10:00,OANDA:AUDUSD,0.63288,0.63291,0.6328,0.63282,94.0,Interval.in_5_minute,55465800.0
238,2023-10-04 23:15:00,OANDA:AUDUSD,0.63282,0.63283,0.63276,0.63277,13.0,Interval.in_5_minute,55466100.0
239,2023-10-04 23:20:00,OANDA:AUDUSD,0.63277,0.63277,0.63263,0.63272,41.0,Interval.in_5_minute,55466400.0
240,2023-10-04 23:25:00,OANDA:AUDUSD,0.63272,0.63282,0.63262,0.63278,34.0,Interval.in_5_minute,55466700.0
241,2023-10-04 23:30:00,OANDA:AUDUSD,0.63278,0.63278,0.63246,0.6325,87.0,Interval.in_5_minute,55467000.0
242,2023-10-04 23:35:00,OANDA:AUDUSD,0.6325,0.63256,0.63246,0.63256,71.0,Interval.in_5_minute,55467300.0
243,2023-10-04 23:40:00,OANDA:AUDUSD,0.63256,0.63258,0.63256,0.63257,55.0,Interval.in_5_minute,55467600.0
244,2023-10-04 23:45:00,OANDA:AUDUSD,0.63257,0.6326,0.6325,0.6325,76.0,Interval.in_5_minute,55467900.0
245,2023-10-04 23:50:00,OANDA:AUDUSD,0.6325,0.63252,0.63244,0.63249,78.0,Interval.in_5_minute,55468200.0
246,2023-10-04 23:55:00,OANDA:AUDUSD,0.63249,0.63251,0.63245,0.63246,19.0,Interval.in_5_minute,55468500.0
247,2023-10-05 00:00:00,OANDA:AUDUSD,0.63246,0.63246,0.63228,0.63228,1.0,Interval.in_5_minute,55468800.0
248,2023-10-05 00:05:00,OANDA:AUDUSD,0.63228,0.63252,0.63224,0.6325,38.0,Interval.in_5_minute,55469100.0
249,2023-10-05 00:10:00,OANDA:AUDUSD,0.6325,0.63296,0.63246,0.63286,32.0,Interval.in_5_minute,55469400.0
250,2023-10-05 00:15:00,OANDA:AUDUSD,0.63286,0.633,0.63232,0.63247,35.0,Interval.in_5_minute,55469700.0
251,2023-10-05 00:20:00,OANDA:AUDUSD,0.63247,0.63258,0.63228,0.6324,50.0,Interval.in_5_minute,55470000.0
252,2023-10-05 00:25:00,OANDA:AUDUSD,0.6324,0.63253,0.63229,0.63251,65.0,Interval.in_5_minute,55470300.0
253,2023-10-05 00:30:00,OANDA:AUDUSD,0.63251,0.63251,0.63238,0.63242,24.0,Interval.in_5_minute,55470600.0
254,2023-10-05 00:35:00,OANDA:AUDUSD,0.63242,0.6326,0.63234,0.63238,67.0,Interval.in_5_minute,55470900.0
255,2023-10-05 00:40:00,OANDA:AUDUSD,0.63238,0.6326,0.63234,0.63258,84.0,Interval.in_5_minute,55471200.0
256,2023-10-05 00:45:00,OANDA:AUDUSD,0.63258,0.63265,0.63254,0.63254,34.0,Interval.in_5_minute,55471500.0
257,2023-10-05 00:50:00,OANDA:AUDUSD,0.63254,0.63254,0.6321,0.63233,121.0,Interval.in_5_minute,55471800.0
258,2023-10-05 00:55:00,OANDA:AUDUSD,0.63233,0.63254,0.63216,0.63246,178.0,Interval.in_5_minute,55472100.0
259,2023-10-05 01:00:00,OANDA:AUDUSD,0.63246,0.63285,0.63246,0.63276,93.0,Interval.in_5_minute,55472400.0
260,2023-10-05 01:05:00,OANDA:AUDUSD,0.63276,0.63288,0.63276,0.63285,10.0,Interval.in_5_minute,55472700.0
261,2023-10-05 01:10:00,OANDA:AUDUSD,0.63285,0.63286,0.6328,0.63282,8.0,Interval.in_5_minute,55473000.0
262,2023-10-05 01:15:00,OANDA:AUDUSD,0.63282,0.63282,0.63276,0.63282,26.0,Interval.in_5_minute,55473300.0
263,2023-10-05 01:20:00,OANDA:AUDUSD,0.63282,0.63286,0.63274,0.63274,24.0,Interval.in_5_minute,55473600.0
264,2023-10-05 01:25:00,OANDA:AUDUSD,0.63274,0.63286,0.63274,0.63286,25.0,Interval.in_5_minute,55473900.0
265,2023-10-05 01:30:00,OANDA:AUDUSD,0.63286,0.63302,0.63286,0.63302,48.0,Interval.in_5_minute,55474200.0
266,2023-10-05 01:35:00,OANDA:AUDUSD,0.63302,0.63306,0.63294,0.63294,37.0,Interval.in_5_minute,55474500.0
267,2023-10-05 01:40:00,OANDA:AUDUSD,0.63294,0.63313,0.63282,0.63308,50.0,Interval.in_5_minute,55474800.0
268,2023-10-05 01:45:00,OANDA:AUDUSD,0.63308,0.63314,0.63306,0.63308,35.0,Interval.in_5_minute,55475100.0
269,2023-10-05 01:50:00,OANDA:AUDUSD,0.63308,0.63308,0.6328,0.63296,34.0,Interval.in_5_minute,55475400.0
270,2023-10-05 01:55:00,OANDA:AUDUSD,0.63296,0.63301,0.63282,0.63282,45.0,Interval.in_5_minute,55475700.0
271,2023-10-05 02:00:00,OANDA:AUDUSD,0.63282,0.63296,0.63277,0.63292,74.0,Interval.in_5_minute,55476000.0
272,2023-10-05 02:05:00,OANDA:AUDUSD,0.63292,0.63306,0.63288,0.63296,37.0,Interval.in_5_minute,55476300.0
273,2023-10-05 02:10:00,OANDA:AUDUSD,0.63296,0.63304,0.63296,0.63297,25.0,Interval.in_5_minute,55476600.0
274,2023-10-05 02:15:00,OANDA:AUDUSD,0.63297,0.63302,0.6329,0.63293,39.0,Interval.in_5_minute,55476900.0
275,2023-10-05 02:20:00,OANDA:AUDUSD,0.63293,0.63305,0.6329,0.63294,30.0,Interval.in_5_minute,55477200.0
276,2023-10-05 02:25:00,OANDA:AUDUSD,0.63294,0.63316,0.63293,0.63316,41.0,Interval.in_5_minute,55477500.0
277,2023-10-05 02:30:00,OANDA:AUDUSD,0.63316,0.6332,0.63306,0.63312,44.0,Interval.in_5_minute,55477800.0
278,2023-10-05 02:35:00,OANDA:AUDUSD,0.63312,0.63314,0.63294,0.63299,52.0,Interval.in_5_minute,55478100.0
279,2023-10-05 02:40:00,OANDA:AUDUSD,0.63299,0.63299,0.63276,0.63282,65.0,Interval.in_5_minute,55478400.0
280,2023-10-05 02:45:00,OANDA:AUDUSD,0.63282,0.6329,0.6328,0.63286,36.0,Interval.in_5_minute,55478700.0
281,2023-10-05 02:50:00,OANDA:AUDUSD,0.63286,0.63302,0.63283,0.63292,54.0,Interval.in_5_minute,55479000.0
282,2023-10-05 02:55:00,OANDA:AUDUSD,0.63292,0.63297,0.63284,0.63285,52.0,Interval.in_5_minute,55479300.0
283,2023-10-05 03:00:00,OANDA:AUDUSD,0.63285,0.63292,0.6327,0.63285,176.0,Interval.in_5_minute,55479600.0
284,2023-10-05 03:05:00,OANDA:AUDUSD,0.63285,0.63286,0.63242,0.63252,168.0,Interval.in_5_minute,55479900.0
285,2023-10-05 03:10:00,OANDA:AUDUSD,0.63252,0.63276,0.63252,0.63261,135.0,Interval.in_5_minute,55480200.0
286,2023-10-05 03:15:00,OANDA:AUDUSD,0.63261,0.63294,0.63261,0.63293,98.0,Interval.in_5_minute,55480500.0
287,2023-10-05 03:20:00,OANDA:AUDUSD,0.63293,0.63293,0.63273,0.63274,129.0,Interval.in_5_minute,55480800.0
288,2023-10-05 03:25:00,OANDA:AUDUSD,0.63274,0.63278,0.63258,0.63265,100.0,Interval.in_5_minute,55481100.0
289,2023-10-05 03:30:00,OANDA:AUDUSD,0.63265,0.63348,0.63265,0.63348,144.0,Interval.in_5_minute,55481400.0
290,2023-10-05 03:35:00,OANDA:AUDUSD,0.63348,0.6337,0.63338,0.63362,153.0,Interval.in_5_minute,55481700.0
291,2023-10-05 03:40:00,OANDA:AUDUSD,0.63362,0.6338,0.6335,0.63366,154.0,Interval.in_5_minute,55482000.0
292,2023-10-05 03:45:00,OANDA:AUDUSD,0.63366,0.63375,0.63356,0.63365,170.0,Interval.in_5_minute,55482300.0
293,2023-10-05 03:50:00,OANDA:AUDUSD,0.63365,0.63376,0.63358,0.63368,161.0,Interval.in_5_minute,55482600.0
294,2023-10-05 03:55:00,OANDA:AUDUSD,0.63368,0.63468,0.63368,0.63444,350.0,Interval.in_5_minute,55482900.0
295,2023-10-05 04:00:00,OANDA:AUDUSD,0.63444,0.63504,0.63443,0.6346,228.0,Interval.in_5_minute,55483200.0
296,2023-10-05 04:05:00,OANDA:AUDUSD,0.6346,0.63506,0.6346,0.63482,338.0,Interval.in_5_minute,55483500.0
297,2023-10-05 04:10:00,OANDA:AUDUSD,0.63482,0.63598,0.6348,0.63587,464.0,Interval.in_5_minute,55483800.0
298,2023-10-05 04:15:00,OANDA:AUDUSD,0.63587,0.63597,0.6356,0.63594,307.0,Interval.in_5_minute,55484100.0
299,2023-10-05 04:20:00,OANDA:AUDUSD,0.63594,0.63597,0.63555,0.63556,198.0,Interval.in_5_minute,55484400.0
300,2023-10-05 04:25:00,OANDA:AUDUSD,0.63556,0.63587,0.63551,0.63552,260.0,Interval.in_5_minute,55484700.0
301,2023-10-05 04:30:00,OANDA:AUDUSD,0.63552,0.63582,0.63521,0.63554,319.0,Interval.in_5_minute,55485000.0
302,2023-10-05 04:35:00,OANDA:AUDUSD,0.63554,0.63578,0.63534,0.63553,228.0,Interval.in_5_minute,55485300.0
303,2023-10-05 04:40:00,OANDA:AUDUSD,0.63553,0.63585,0.63538,0.63583,211.0,Interval.in_5_minute,55485600.0
304,2023-10-05 04:45:00,OANDA:AUDUSD,0.63583,0.63584,0.63555,0.63568,149.0,Interval.in_5_minute,55485900.0
305,2023-10-05 04:50:00,OANDA:AUDUSD,0.63568,0.63618,0.63555,0.63618,141.0,Interval.in_5_minute,55486200.0
306,2023-10-05 04:55:00,OANDA:AUDUSD,0.63618,0.63652,0.63614,0.6365,204.0,Interval.in_5_minute,55486500.0
307,2023-10-05 05:00:00,OANDA:AUDUSD,0.6365,0.63654,0.63618,0.63618,201.0,Interval.in_5_minute,55486800.0
308,2023-10-05 05:05:00,OANDA:AUDUSD,0.63618,0.63618,0.6359,0.63598,124.0,Interval.in_5_minute,55487100.0
309,2023-10-05 05:10:00,OANDA:AUDUSD,0.63598,0.63614,0.63594,0.63598,85.0,Interval.in_5_minute,55487400.0
310,2023-10-05 05:15:00,OANDA:AUDUSD,0.63598,0.63608,0.63586,0.63604,81.0,Interval.in_5_minute,55487700.0
311,2023-10-05 05:20:00,OANDA:AUDUSD,0.63604,0.63624,0.63591,0.63614,113.0,Interval.in_5_minute,55488000.0
312,2023-10-05 05:25:00,OANDA:AUDUSD,0.63614,0.6362,0.63597,0.6361,109.0,Interval.in_5_minute,55488300.0
313,2023-10-05 05:30:00,OANDA:AUDUSD,0.6361,0.63611,0.63586,0.63594,115.0,Interval.in_5_minute,55488600.0
314,2023-10-05 05:35:00,OANDA:AUDUSD,0.63594,0.63622,0.6359,0.63607,97.0,Interval.in_5_minute,55488900.0
315,2023-10-05 05:40:00,OANDA:AUDUSD,0.63607,0.63607,0.63595,0.63604,65.0,Interval.in_5_minute,55489200.0
316,2023-10-05 05:45:00,OANDA:AUDUSD,0.63604,0.63626,0.63592,0.63604,129.0,Interval.in_5_minute,55489500.0
317,2023-10-05 05:50:00,OANDA:AUDUSD,0.63604,0.6363,0.63596,0.6363,83.0,Interval.in_5_minute,55489800.0
318,2023-10-05 05:55:00,OANDA:AUDUSD,0.6363,0.63638,0.63621,0.63624,52.0,Interval.in_5_minute,55490100.0
319,2023-10-05 06:00:00,OANDA:AUDUSD,0.63624,0.63632,0.63601,0.63632,105.0,Interval.in_5_minute,55490400.0
320,2023-10-05 06:05:00,OANDA:AUDUSD,0.63632,0.63638,0.63624,0.63632,89.0,Interval.in_5_minute,55490700.0
321,2023-10-05 06:10:00,OANDA:AUDUSD,0.63632,0.63666,0.63618,0.63655,109.0,Interval.in_5_minute,55491000.0
322,2023-10-05 06:15:00,OANDA:AUDUSD,0.63655,0.63708,0.63632,0.6368,154.0,Interval.in_5_minute,55491300.0
323,2023-10-05 06:20:00,OANDA:AUDUSD,0.6368,0.6368,0.63658,0.63664,125.0,Interval.in_5_minute,55491600.0
324,2023-10-05 06:25:00,OANDA:AUDUSD,0.63664,0.63708,0.63662,0.63707,54.0,Interval.in_5_minute,55491900.0
325,2023-10-05 06:30:00,OANDA:AUDUSD,0.63707,0.63742,0.63707,0.63736,130.0,Interval.in_5_minute,55492200.0
326,2023-10-05 06:35:00,OANDA:AUDUSD,0.63736,0.63746,0.63731,0.63741,98.0,Interval.in_5_minute,55492500.0
327,2023-10-05 06:40:00,OANDA:AUDUSD,0.63741,0.63766,0.63731,0.63756,142.0,Interval.in_5_minute,55492800.0
328,2023-10-05 06:45:00,OANDA:AUDUSD,0.63756,0.63773,0.63748,0.63769,103.0,Interval.in_5_minute,55493100.0
329,2023-10-05 06:50:00,OANDA:AUDUSD,0.63769,0.63776,0.63758,0.63763,120.0,Interval.in_5_minute,55493400.0
330,2023-10-05 06:55:00,OANDA:AUDUSD,0.63763,0.63764,0.6372,0.63732,133.0,Interval.in_5_minute,55493700.0
331,2023-10-05 07:00:00,OANDA:AUDUSD,0.63732,0.63756,0.63724,0.63748,113.0,Interval.in_5_minute,55494000.0
332,2023-10-05 07:05:00,OANDA:AUDUSD,0.63748,0.63771,0.63742,0.6377,84.0,Interval.in_5_minute,55494300.0
333,2023-10-05 07:10:00,OANDA:AUDUSD,0.6377,0.63771,0.63751,0.63751,96.0,Interval.in_5_minute,55494600.0
334,2023-10-05 07:15:00,OANDA:AUDUSD,0.63751,0.63751,0.6372,0.63731,130.0,Interval.in_5_minute,55494900.0
335,2023-10-05 07:20:00,OANDA:AUDUSD,0.63731,0.63738,0.63712,0.63724,114.0,Interval.in_5_minute,55495200.0
336,2023-10-05 07:25:00,OANDA:AUDUSD,0.63724,0.63734,0.63707,0.63724,103.0,Interval.in_5_minute,55495500.0
337,2023-10-05 07:30:00,OANDA:AUDUSD,0.63724,0.63725,0.63708,0.6371,89.0,Interval.in_5_minute,55495800.0
338,2023-10-05 07:35:00,OANDA:AUDUSD,0.6371,0.63728,0.6371,0.63714,58.0,Interval.in_5_minute,55496100.0
339,2023-10-05 07:40:00,OANDA:AUDUSD,0.63714,0.63721,0.63708,0.63716,68.0,Interval.in_5_minute,55496400.0
340,2023-10-05 07:45:00,OANDA:AUDUSD,0.63716,0.63725,0.63702,0.63707,93.0,Interval.in_5_minute,55496700.0
341,2023-10-05 07:50:00,OANDA:AUDUSD,0.63707,0.6371,0.63696,0.6371,61.0,Interval.in_5_minute,55497000.0
342,2023-10-05 07:55:00,OANDA:AUDUSD,0.6371,0.6374,0.6371,0.63724,116.0,Interval.in_5_minute,55497300.0
343,2023-10-05 08:00:00,OANDA:AUDUSD,0.63724,0.63724,0.63686,0.63699,124.0,Interval.in_5_minute,55497600.0
344,2023-10-05 08:05:00,OANDA:AUDUSD,0.63699,0.63702,0.63688,0.63693,125.0,Interval.in_5_minute,55497900.0
345,2023-10-05 08:10:00,OANDA:AUDUSD,0.63693,0.63706,0.63684,0.63698,102.0,Interval.in_5_minute,55498200.0
346,2023-10-05 08:15:00,OANDA:AUDUSD,0.63698,0.63708,0.63697,0.63704,70.0,Interval.in_5_minute,55498500.0
347,2023-10-05 08:20:00,OANDA:AUDUSD,0.63704,0.63705,0.63678,0.63679,65.0,Interval.in_5_minute,55498800.0
348,2023-10-05 08:25:00,OANDA:AUDUSD,0.63679,0.63688,0.63674,0.6368,81.0,Interval.in_5_minute,55499100.0
349,2023-10-05 08:30:00,OANDA:AUDUSD,0.6368,0.6368,0.63626,0.63646,129.0,Interval.in_5_minute,55499400.0
350,2023-10-05 08:35:00,OANDA:AUDUSD,0.63646,0.6368,0.63646,0.6368,67.0,Interval.in_5_minute,55499700.0
351,2023-10-05 08:40:00,OANDA:AUDUSD,0.6368,0.63681,0.63641,0.63641,180.0,Interval.in_5_minute,55500000.0
352,2023-10-05 08:45:00,OANDA:AUDUSD,0.63641,0.63668,0.63641,0.63668,239.0,Interval.in_5_minute,55500300.0
353,2023-10-05 08:50:00,OANDA:AUDUSD,0.63668,0.63691,0.63653,0.63657,217.0,Interval.in_5_minute,55500600.0
354,2023-10-05 08:55:00,OANDA:AUDUSD,0.63657,0.63657,0.63628,0.63644,160.0,Interval.in_5_minute,55500900.0
355,2023-10-05 09:00:00,OANDA:AUDUSD,0.63644,0.63664,0.63604,0.63606,201.0,Interval.in_5_minute,55501200.0
356,2023-10-05 09:05:00,OANDA:AUDUSD,0.63606,0.63627,0.636,0.63604,181.0,Interval.in_5_minute,55501500.0
357,2023-10-05 09:10:00,OANDA:AUDUSD,0.63604,0.63604,0.63552,0.63564,260.0,Interval.in_5_minute,55501800.0
358,2023-10-05 09:15:00,OANDA:AUDUSD,0.63564,0.6359,0.63552,0.63556,188.0,Interval.in_5_minute,55502100.0
359,2023-10-05 09:20:00,OANDA:AUDUSD,0.63556,0.63589,0.63549,0.63576,210.0,Interval.in_5_minute,55502400.0
360,2023-10-05 09:25:00,OANDA:AUDUSD,0.63576,0.63576,0.63547,0.63575,205.0,Interval.in_5_minute,55502700.0
361,2023-10-05 09:30:00,OANDA:AUDUSD,0.63575,0.6359,0.63563,0.63576,216.0,Interval.in_5_minute,55503000.0
362,2023-10-05 09:35:00,OANDA:AUDUSD,0.63576,0.63591,0.63568,0.63586,168.0,Interval.in_5_minute,55503300.0
363,2023-10-05 09:40:00,OANDA:AUDUSD,0.63586,0.63595,0.63562,0.63574,170.0,Interval.in_5_minute,55503600.0
364,2023-10-05 09:45:00,OANDA:AUDUSD,0.63574,0.63576,0.6354,0.6355,147.0,Interval.in_5_minute,55503900.0
365,2023-10-05 09:50:00,OANDA:AUDUSD,0.6355,0.6355,0.63528,0.63544,145.0,Interval.in_5_minute,55504200.0
366,2023-10-05 09:55:00,OANDA:AUDUSD,0.63544,0.6355,0.63518,0.63519,172.0,Interval.in_5_minute,55504500.0
367,2023-10-05 10:00:00,OANDA:AUDUSD,0.63519,0.63523,0.63488,0.63512,319.0,Interval.in_5_minute,55504800.0
368,2023-10-05 10:05:00,OANDA:AUDUSD,0.63512,0.63515,0.63475,0.63489,259.0,Interval.in_5_minute,55505100.0
369,2023-10-05 10:10:00,OANDA:AUDUSD,0.63489,0.63496,0.63448,0.63448,253.0,Interval.in_5_minute,55505400.0
370,2023-10-05 10:15:00,OANDA:AUDUSD,0.63448,0.63482,0.63444,0.63453,261.0,Interval.in_5_minute,55505700.0
371,2023-10-05 10:20:00,OANDA:AUDUSD,0.63453,0.63453,0.6341,0.63412,319.0,Interval.in_5_minute,55506000.0
372,2023-10-05 10:25:00,OANDA:AUDUSD,0.63412,0.63432,0.634,0.63418,242.0,Interval.in_5_minute,55506300.0
373,2023-10-05 10:30:00,OANDA:AUDUSD,0.63418,0.63437,0.63408,0.63416,300.0,Interval.in_5_minute,55506600.0
374,2023-10-05 10:35:00,OANDA:AUDUSD,0.63416,0.63446,0.63405,0.63426,271.0,Interval.in_5_minute,55506900.0
375,2023-10-05 10:40:00,OANDA:AUDUSD,0.63426,0.63442,0.6342,0.6344,207.0,Interval.in_5_minute,55507200.0
376,2023-10-05 10:45:00,OANDA:AUDUSD,0.6344,0.63457,0.63408,0.63415,242.0,Interval.in_5_minute,55507500.0
377,2023-10-05 10:50:00,OANDA:AUDUSD,0.63415,0.6342,0.6339,0.63403,191.0,Interval.in_5_minute,55507800.0
378,2023-10-05 10:55:00,OANDA:AUDUSD,0.63403,0.63418,0.63392,0.63409,300.0,Interval.in_5_minute,55508100.0
379,2023-10-05 11:00:00,OANDA:AUDUSD,0.63409,0.63466,0.63404,0.6345,278.0,Interval.in_5_minute,55508400.0
380,2023-10-05 11:05:00,OANDA:AUDUSD,0.6345,0.63476,0.6345,0.63476,233.0,Interval.in_5_minute,55508700.0
381,2023-10-05 11:10:00,OANDA:AUDUSD,0.63476,0.63481,0.63444,0.63464,232.0,Interval.in_5_minute,55509000.0
382,2023-10-05 11:15:00,OANDA:AUDUSD,0.63464,0.63468,0.63438,0.6346,318.0,Interval.in_5_minute,55509300.0
383,2023-10-05 11:20:00,OANDA:AUDUSD,0.6346,0.63474,0.6344,0.63452,256.0,Interval.in_5_minute,55509600.0
384,2023-10-05 11:25:00,OANDA:AUDUSD,0.63452,0.63464,0.63442,0.63451,135.0,Interval.in_5_minute,55509900.0
385,2023-10-05 11:30:00,OANDA:AUDUSD,0.63451,0.63454,0.63434,0.63448,212.0,Interval.in_5_minute,55510200.0
386,2023-10-05 11:35:00,OANDA:AUDUSD,0.63448,0.6345,0.63374,0.63384,156.0,Interval.in_5_minute,55510500.0
387,2023-10-05 11:40:00,OANDA:AUDUSD,0.63384,0.63406,0.6338,0.63392,173.0,Interval.in_5_minute,55510800.0
388,2023-10-05 11:45:00,OANDA:AUDUSD,0.63392,0.63398,0.6337,0.6337,85.0,Interval.in_5_minute,55511100.0
389,2023-10-05 11:50:00,OANDA:AUDUSD,0.6337,0.6337,0.63316,0.63316,186.0,Interval.in_5_minute,55511400.0
390,2023-10-05 11:55:00,OANDA:AUDUSD,0.63316,0.6333,0.6331,0.63324,221.0,Interval.in_5_minute,55511700.0
391,2023-10-05 12:00:00,OANDA:AUDUSD,0.63324,0.6334,0.63312,0.63336,216.0,Interval.in_5_minute,55512000.0
392,2023-10-05 12:05:00,OANDA:AUDUSD,0.63336,0.6336,0.63326,0.63356,234.0,Interval.in_5_minute,55512300.0
393,2023-10-05 12:10:00,OANDA:AUDUSD,0.63356,0.63377,0.6334,0.6337,251.0,Interval.in_5_minute,55512600.0
394,2023-10-05 12:15:00,OANDA:AUDUSD,0.6337,0.6337,0.6335,0.63366,167.0,Interval.in_5_minute,55512900.0
395,2023-10-05 12:20:00,OANDA:AUDUSD,0.63366,0.6338,0.63355,0.63376,235.0,Interval.in_5_minute,55513200.0
396,2023-10-05 12:25:00,OANDA:AUDUSD,0.63376,0.63382,0.63362,0.63367,119.0,Interval.in_5_minute,55513500.0
397,2023-10-05 12:30:00,OANDA:AUDUSD,0.63367,0.63386,0.63355,0.63381,156.0,Interval.in_5_minute,55513800.0
398,2023-10-05 12:35:00,OANDA:AUDUSD,0.63381,0.63386,0.6334,0.63344,122.0,Interval.in_5_minute,55514100.0
399,2023-10-05 12:40:00,OANDA:AUDUSD,0.63344,0.6336,0.63328,0.63354,157.0,Interval.in_5_minute,55514400.0
400,2023-10-05 12:45:00,OANDA:AUDUSD,0.63354,0.6337,0.63346,0.63349,197.0,Interval.in_5_minute,55514700.0
401,2023-10-05 12:50:00,OANDA:AUDUSD,0.63349,0.6339,0.63346,0.63375,185.0,Interval.in_5_minute,55515000.0
402,2023-10-05 12:55:00,OANDA:AUDUSD,0.63375,0.63382,0.63344,0.63348,144.0,Interval.in_5_minute,55515300.0
403,2023-10-05 13:00:00,OANDA:AUDUSD,0.63348,0.63356,0.63334,0.63351,185.0,Interval.in_5_minute,55515600.0
404,2023-10-05 13:05:00,OANDA:AUDUSD,0.63351,0.63355,0.6333,0.63334,121.0,Interval.in_5_minute,55515900.0
405,2023-10-05 13:10:00,OANDA:AUDUSD,0.63334,0.6338,0.6333,0.6338,131.0,Interval.in_5_minute,55516200.0
406,2023-10-05 13:15:00,OANDA:AUDUSD,0.6338,0.63386,0.63366,0.63375,138.0,Interval.in_5_minute,55516500.0
407,2023-10-05 13:20:00,OANDA:AUDUSD,0.63375,0.63394,0.63362,0.63386,165.0,Interval.in_5_minute,55516800.0
408,2023-10-05 13:25:00,OANDA:AUDUSD,0.63386,0.63417,0.63386,0.63409,220.0,Interval.in_5_minute,55517100.0
409,2023-10-05 13:30:00,OANDA:AUDUSD,0.63409,0.63432,0.63404,0.63424,129.0,Interval.in_5_minute,55517400.0
410,2023-10-05 13:35:00,OANDA:AUDUSD,0.63424,0.63444,0.63416,0.63432,236.0,Interval.in_5_minute,55517700.0
411,2023-10-05 13:40:00,OANDA:AUDUSD,0.63432,0.63453,0.63432,0.63447,174.0,Interval.in_5_minute,55518000.0
412,2023-10-05 13:45:00,OANDA:AUDUSD,0.63447,0.63448,0.63432,0.6344,204.0,Interval.in_5_minute,55518300.0
413,2023-10-05 13:50:00,OANDA:AUDUSD,0.6344,0.63452,0.63432,0.63446,212.0,Interval.in_5_minute,55518600.0
414,2023-10-05 13:55:00,OANDA:AUDUSD,0.63446,0.63476,0.6344,0.63472,221.0,Interval.in_5_minute,55518900.0
415,2023-10-05 14:00:00,OANDA:AUDUSD,0.63472,0.63486,0.63424,0.63425,293.0,Interval.in_5_minute,55519200.0
416,2023-10-05 14:05:00,OANDA:AUDUSD,0.63425,0.63442,0.63418,0.63424,218.0,Interval.in_5_minute,55519500.0
417,2023-10-05 14:10:00,OANDA:AUDUSD,0.63424,0.63463,0.63424,0.63447,136.0,Interval.in_5_minute,55519800.0
418,2023-10-05 14:15:00,OANDA:AUDUSD,0.63447,0.63449,0.63426,0.63439,143.0,Interval.in_5_minute,55520100.0
419,2023-10-05 14:20:00,OANDA:AUDUSD,0.63439,0.63475,0.63432,0.63471,139.0,Interval.in_5_minute,55520400.0
420,2023-10-05 14:25:00,OANDA:AUDUSD,0.63471,0.63492,0.6345,0.63452,158.0,Interval.in_5_minute,55520700.0
421,2023-10-05 14:30:00,OANDA:AUDUSD,0.63452,0.63486,0.63452,0.63452,185.0,Interval.in_5_minute,55521000.0
422,2023-10-05 14:35:00,OANDA:AUDUSD,0.63452,0.63492,0.63442,0.63462,183.0,Interval.in_5_minute,55521300.0
423,2023-10-05 14:40:00,OANDA:AUDUSD,0.63462,0.6351,0.6346,0.63508,175.0,Interval.in_5_minute,55521600.0
424,2023-10-05 14:45:00,OANDA:AUDUSD,0.63508,0.6351,0.63492,0.63492,228.0,Interval.in_5_minute,55521900.0
425,2023-10-05 14:50:00,OANDA:AUDUSD,0.63492,0.63492,0.63457,0.63474,158.0,Interval.in_5_minute,55522200.0
426,2023-10-05 14:55:00,OANDA:AUDUSD,0.63474,0.63506,0.63468,0.63492,253.0,Interval.in_5_minute,55522500.0
427,2023-10-05 15:00:00,OANDA:AUDUSD,0.63492,0.6351,0.63463,0.63475,217.0,Interval.in_5_minute,55522800.0
428,2023-10-05 15:05:00,OANDA:AUDUSD,0.63475,0.63494,0.63458,0.63486,209.0,Interval.in_5_minute,55523100.0
429,2023-10-05 15:10:00,OANDA:AUDUSD,0.63486,0.63486,0.6343,0.6344,163.0,Interval.in_5_minute,55523400.0
430,2023-10-05 15:15:00,OANDA:AUDUSD,0.6344,0.63449,0.63382,0.63382,227.0,Interval.in_5_minute,55523700.0
431,2023-10-05 15:20:00,OANDA:AUDUSD,0.63382,0.63408,0.6336,0.63376,331.0,Interval.in_5_minute,55524000.0
432,2023-10-05 15:25:00,OANDA:AUDUSD,0.63376,0.634,0.6337,0.63393,315.0,Interval.in_5_minute,55524300.0
433,2023-10-05 15:30:00,OANDA:AUDUSD,0.63393,0.63403,0.63324,0.63355,611.0,Interval.in_5_minute,55524600.0
434,2023-10-05 15:35:00,OANDA:AUDUSD,0.63355,0.6339,0.63302,0.63312,633.0,Interval.in_5_minute,55524900.0
435,2023-10-05 15:40:00,OANDA:AUDUSD,0.63312,0.63316,0.63273,0.63292,394.0,Interval.in_5_minute,55525200.0
436,2023-10-05 15:45:00,OANDA:AUDUSD,0.63292,0.63374,0.6329,0.63344,350.0,Interval.in_5_minute,55525500.0
437,2023-10-05 15:50:00,OANDA:AUDUSD,0.63344,0.63398,0.63322,0.6338,288.0,Interval.in_5_minute,55525800.0
438,2023-10-05 15:55:00,OANDA:AUDUSD,0.6338,0.63442,0.6338,0.63432,253.0,Interval.in_5_minute,55526100.0
439,2023-10-05 16:00:00,OANDA:AUDUSD,0.63432,0.63468,0.6342,0.63442,315.0,Interval.in_5_minute,55526400.0
440,2023-10-05 16:05:00,OANDA:AUDUSD,0.63442,0.6347,0.6339,0.63468,370.0,Interval.in_5_minute,55526700.0
441,2023-10-05 16:10:00,OANDA:AUDUSD,0.63468,0.63472,0.63389,0.63389,332.0,Interval.in_5_minute,55527000.0
442,2023-10-05 16:15:00,OANDA:AUDUSD,0.63389,0.63436,0.63364,0.63416,360.0,Interval.in_5_minute,55527300.0
443,2023-10-05 16:20:00,OANDA:AUDUSD,0.63416,0.63433,0.63382,0.63429,301.0,Interval.in_5_minute,55527600.0
444,2023-10-05 16:25:00,OANDA:AUDUSD,0.63429,0.63512,0.63424,0.63509,430.0,Interval.in_5_minute,55527900.0
445,2023-10-05 16:30:00,OANDA:AUDUSD,0.63509,0.63564,0.63496,0.63526,711.0,Interval.in_5_minute,55528200.0
446,2023-10-05 16:35:00,OANDA:AUDUSD,0.63526,0.63556,0.63492,0.63492,530.0,Interval.in_5_minute,55528500.0
447,2023-10-05 16:40:00,OANDA:AUDUSD,0.63492,0.63503,0.63459,0.63466,530.0,Interval.in_5_minute,55528800.0
448,2023-10-05 16:45:00,OANDA:AUDUSD,0.63466,0.63486,0.63428,0.63476,473.0,Interval.in_5_minute,55529100.0
449,2023-10-05 16:50:00,OANDA:AUDUSD,0.63476,0.63516,0.63458,0.63502,571.0,Interval.in_5_minute,55529400.0
450,2023-10-05 16:55:00,OANDA:AUDUSD,0.63502,0.63556,0.63502,0.63524,508.0,Interval.in_5_minute,55529700.0
451,2023-10-05 17:00:00,OANDA:AUDUSD,0.63524,0.63524,0.63484,0.63491,517.0,Interval.in_5_minute,55530000.0
452,2023-10-05 17:05:00,OANDA:AUDUSD,0.63491,0.63494,0.63428,0.6344,414.0,Interval.in_5_minute,55530300.0
453,2023-10-05 17:10:00,OANDA:AUDUSD,0.6344,0.63496,0.63404,0.6348,490.0,Interval.in_5_minute,55530600.0
454,2023-10-05 17:15:00,OANDA:AUDUSD,0.6348,0.63516,0.63455,0.63514,459.0,Interval.in_5_minute,55530900.0
455,2023-10-05 17:20:00,OANDA:AUDUSD,0.63514,0.63528,0.63458,0.63466,398.0,Interval.in_5_minute,55531200.0
456,2023-10-05 17:25:00,OANDA:AUDUSD,0.63466,0.63537,0.63466,0.63492,340.0,Interval.in_5_minute,55531500.0
457,2023-10-05 17:30:00,OANDA:AUDUSD,0.63492,0.63492,0.6343,0.63444,298.0,Interval.in_5_minute,55531800.0
458,2023-10-05 17:35:00,OANDA:AUDUSD,0.63444,0.63448,0.63392,0.63405,289.0,Interval.in_5_minute,55532100.0
459,2023-10-05 17:40:00,OANDA:AUDUSD,0.63405,0.6345,0.63396,0.63442,387.0,Interval.in_5_minute,55532400.0
460,2023-10-05 17:45:00,OANDA:AUDUSD,0.63442,0.63472,0.63432,0.63444,343.0,Interval.in_5_minute,55532700.0
461,2023-10-05 17:50:00,OANDA:AUDUSD,0.63444,0.63484,0.63422,0.63479,319.0,Interval.in_5_minute,55533000.0
462,2023-10-05 17:55:00,OANDA:AUDUSD,0.63479,0.63522,0.63474,0.635,408.0,Interval.in_5_minute,55533300.0
463,2023-10-05 18:00:00,OANDA:AUDUSD,0.635,0.63504,0.63436,0.63436,337.0,Interval.in_5_minute,55533600.0
464,2023-10-05 18:05:00,OANDA:AUDUSD,0.63436,0.63464,0.6343,0.63448,490.0,Interval.in_5_minute,55533900.0
465,2023-10-05 18:10:00,OANDA:AUDUSD,0.63448,0.63512,0.63448,0.63476,384.0,Interval.in_5_minute,55534200.0
466,2023-10-05 18:15:00,OANDA:AUDUSD,0.63476,0.63506,0.6346,0.6346,365.0,Interval.in_5_minute,55534500.0
467,2023-10-05 18:20:00,OANDA:AUDUSD,0.6346,0.63542,0.63452,0.63536,246.0,Interval.in_5_minute,55534800.0
468,2023-10-05 18:25:00,OANDA:AUDUSD,0.63536,0.63536,0.63466,0.63481,336.0,Interval.in_5_minute,55535100.0
469,2023-10-05 18:30:00,OANDA:AUDUSD,0.63481,0.63508,0.63472,0.63489,315.0,Interval.in_5_minute,55535400.0
470,2023-10-05 18:35:00,OANDA:AUDUSD,0.63489,0.63538,0.63489,0.63524,329.0,Interval.in_5_minute,55535700.0
471,2023-10-05 18:40:00,OANDA:AUDUSD,0.63524,0.63551,0.6347,0.6347,362.0,Interval.in_5_minute,55536000.0
472,2023-10-05 18:45:00,OANDA:AUDUSD,0.6347,0.63515,0.6347,0.63478,377.0,Interval.in_5_minute,55536300.0
473,2023-10-05 18:50:00,OANDA:AUDUSD,0.63478,0.63504,0.63456,0.63504,307.0,Interval.in_5_minute,55536600.0
474,2023-10-05 18:55:00,OANDA:AUDUSD,0.63504,0.63504,0.63454,0.63464,286.0,Interval.in_5_minute,55536900.0
475,2023-10-05 19:00:00,OANDA:AUDUSD,0.63464,0.63481,0.6345,0.63466,322.0,Interval.in_5_minute,55537200.0
476,2023-10-05 19:05:00,OANDA:AUDUSD,0.63466,0.6353,0.63462,0.63517,294.0,Interval.in_5_minute,55537500.0
477,2023-10-05 19:10:00,OANDA:AUDUSD,0.63517,0.63552,0.63514,0.63546,258.0,Interval.in_5_minute,55537800.0
478,2023-10-05 19:15:00,OANDA:AUDUSD,0.63546,0.63561,0.63518,0.6352,313.0,Interval.in_5_minute,55538100.0
479,2023-10-05 19:20:00,OANDA:AUDUSD,0.6352,0.6357,0.63517,0.63534,302.0,Interval.in_5_minute,55538400.0
480,2023-10-05 19:25:00,OANDA:AUDUSD,0.63534,0.6359,0.63531,0.63587,267.0,Interval.in_5_minute,55538700.0
481,2023-10-05 19:30:00,OANDA:AUDUSD,0.63587,0.63598,0.63574,0.63582,184.0,Interval.in_5_minute,55539000.0
482,2023-10-05 19:35:00,OANDA:AUDUSD,0.63582,0.63605,0.63581,0.63585,156.0,Interval.in_5_minute,55539300.0
483,2023-10-05 19:40:00,OANDA:AUDUSD,0.63585,0.63585,0.6355,0.63559,176.0,Interval.in_5_minute,55539600.0
484,2023-10-05 19:45:00,OANDA:AUDUSD,0.63559,0.63569,0.63522,0.63526,148.0,Interval.in_5_minute,55539900.0
485,2023-10-05 19:50:00,OANDA:AUDUSD,0.63526,0.63572,0.63525,0.63567,215.0,Interval.in_5_minute,55540200.0
486,2023-10-05 19:55:00,OANDA:AUDUSD,0.63567,0.63586,0.63556,0.63586,220.0,Interval.in_5_minute,55540500.0
487,2023-10-05 20:00:00,OANDA:AUDUSD,0.63586,0.63596,0.63562,0.6357,304.0,Interval.in_5_minute,55540800.0
488,2023-10-05 20:05:00,OANDA:AUDUSD,0.6357,0.6358,0.63541,0.63541,190.0,Interval.in_5_minute,55541100.0
489,2023-10-05 20:10:00,OANDA:AUDUSD,0.63541,0.6359,0.63534,0.63586,178.0,Interval.in_5_minute,55541400.0
490,2023-10-05 20:15:00,OANDA:AUDUSD,0.63586,0.63596,0.63566,0.6358,203.0,Interval.in_5_minute,55541700.0
491,2023-10-05 20:20:00,OANDA:AUDUSD,0.6358,0.63598,0.63566,0.6359,231.0,Interval.in_5_minute,55542000.0
492,2023-10-05 20:25:00,OANDA:AUDUSD,0.6359,0.63607,0.63572,0.63606,219.0,Interval.in_5_minute,55542300.0
493,2023-10-05 20:30:00,OANDA:AUDUSD,0.63606,0.6362,0.63571,0.63612,191.0,Interval.in_5_minute,55542600.0
494,2023-10-05 20:35:00,OANDA:AUDUSD,0.63612,0.63639,0.63612,0.63628,243.0,Interval.in_5_minute,55542900.0
495,2023-10-05 20:40:00,OANDA:AUDUSD,0.63628,0.63639,0.63619,0.6363,139.0,Interval.in_5_minute,55543200.0
496,2023-10-05 20:45:00,OANDA:AUDUSD,0.6363,0.63646,0.63622,0.63636,189.0,Interval.in_5_minute,55543500.0
497,2023-10-05 20:50:00,OANDA:AUDUSD,0.63636,0.63649,0.63626,0.63626,128.0,Interval.in_5_minute,55543800.0
498,2023-10-05 20:55:00,OANDA:AUDUSD,0.63626,0.63644,0.63622,0.63644,131.0,Interval.in_5_minute,55544100.0
499,2023-10-05 21:00:00,OANDA:AUDUSD,0.63644,0.63688,0.63644,0.63686,225.0,Interval.in_5_minute,55544400.0
500,2023-10-05 21:05:00,OANDA:AUDUSD,0.63686,0.63686,0.63655,0.63658,170.0,Interval.in_5_minute,55544700.0
501,2023-10-05 21:10:00,OANDA:AUDUSD,0.63658,0.63681,0.63658,0.63676,128.0,Interval.in_5_minute,55545000.0
502,2023-10-05 21:15:00,OANDA:AUDUSD,0.63676,0.63686,0.63668,0.63684,195.0,Interval.in_5_minute,55545300.0
503,2023-10-05 21:20:00,OANDA:AUDUSD,0.63684,0.63703,0.63663,0.6367,156.0,Interval.in_5_minute,55545600.0
504,2023-10-05 21:25:00,OANDA:AUDUSD,0.6367,0.63678,0.63656,0.63678,122.0,Interval.in_5_minute,55545900.0
505,2023-10-05 21:30:00,OANDA:AUDUSD,0.63678,0.6371,0.63678,0.63706,196.0,Interval.in_5_minute,55546200.0
506,2023-10-05 21:35:00,OANDA:AUDUSD,0.63706,0.63718,0.6368,0.63714,150.0,Interval.in_5_minute,55546500.0
507,2023-10-05 21:40:00,OANDA:AUDUSD,0.63714,0.63718,0.63674,0.6369,254.0,Interval.in_5_minute,55546800.0
508,2023-10-05 21:45:00,OANDA:AUDUSD,0.6369,0.6371,0.63688,0.63703,145.0,Interval.in_5_minute,55547100.0
509,2023-10-05 21:50:00,OANDA:AUDUSD,0.63703,0.63722,0.63703,0.63714,195.0,Interval.in_5_minute,55547400.0
510,2023-10-05 21:55:00,OANDA:AUDUSD,0.63714,0.6372,0.63699,0.63716,165.0,Interval.in_5_minute,55547700.0
511,2023-10-05 22:00:00,OANDA:AUDUSD,0.63716,0.63726,0.6371,0.63714,131.0,Interval.in_5_minute,55548000.0
512,2023-10-05 22:05:00,OANDA:AUDUSD,0.63714,0.63719,0.63704,0.63712,87.0,Interval.in_5_minute,55548300.0
513,2023-10-05 22:10:00,OANDA:AUDUSD,0.63712,0.6372,0.63692,0.63716,104.0,Interval.in_5_minute,55548600.0
514,2023-10-05 22:15:00,OANDA:AUDUSD,0.63716,0.63724,0.63703,0.63704,104.0,Interval.in_5_minute,55548900.0
515,2023-10-05 22:20:00,OANDA:AUDUSD,0.63704,0.6371,0.6368,0.63688,135.0,Interval.in_5_minute,55549200.0
516,2023-10-05 22:25:00,OANDA:AUDUSD,0.63688,0.63706,0.63688,0.63706,101.0,Interval.in_5_minute,55549500.0
517,2023-10-05 22:30:00,OANDA:AUDUSD,0.63706,0.63708,0.63692,0.63694,123.0,Interval.in_5_minute,55549800.0
518,2023-10-05 22:35:00,OANDA:AUDUSD,0.63694,0.63712,0.63692,0.63702,90.0,Interval.in_5_minute,55550100.0
519,2023-10-05 22:40:00,OANDA:AUDUSD,0.63702,0.63718,0.63702,0.6371,113.0,Interval.in_5_minute,55550400.0
520,2023-10-05 22:45:00,OANDA:AUDUSD,0.6371,0.63728,0.63706,0.63719,132.0,Interval.in_5_minute,55550700.0
521,2023-10-05 22:50:00,OANDA:AUDUSD,0.63719,0.63725,0.63716,0.6372,117.0,Interval.in_5_minute,55551000.0
522,2023-10-05 22:55:00,OANDA:AUDUSD,0.6372,0.63738,0.63716,0.63722,174.0,Interval.in_5_minute,55551300.0
523,2023-10-05 23:00:00,OANDA:AUDUSD,0.63722,0.63734,0.63718,0.63724,104.0,Interval.in_5_minute,55551600.0
524,2023-10-05 23:05:00,OANDA:AUDUSD,0.63724,0.63725,0.63716,0.63716,61.0,Interval.in_5_minute,55551900.0
525,2023-10-05 23:10:00,OANDA:AUDUSD,0.63716,0.63716,0.63698,0.637,49.0,Interval.in_5_minute,55552200.0
526,2023-10-05 23:15:00,OANDA:AUDUSD,0.637,0.63704,0.63692,0.63692,68.0,Interval.in_5_minute,55552500.0
527,2023-10-05 23:20:00,OANDA:AUDUSD,0.63692,0.63698,0.63692,0.63698,18.0,Interval.in_5_minute,55552800.0
528,2023-10-05 23:25:00,OANDA:AUDUSD,0.63698,0.63704,0.63692,0.63703,39.0,Interval.in_5_minute,55553100.0
529,2023-10-05 23:30:00,OANDA:AUDUSD,0.63703,0.63703,0.63691,0.63694,33.0,Interval.in_5_minute,55553400.0
530,2023-10-05 23:35:00,OANDA:AUDUSD,0.63694,0.63706,0.63694,0.63705,30.0,Interval.in_5_minute,55553700.0
531,2023-10-05 23:40:00,OANDA:AUDUSD,0.63705,0.63706,0.63702,0.63703,22.0,Interval.in_5_minute,55554000.0
532,2023-10-05 23:45:00,OANDA:AUDUSD,0.63703,0.63705,0.63698,0.63704,30.0,Interval.in_5_minute,55554300.0
533,2023-10-05 23:50:00,OANDA:AUDUSD,0.63704,0.63708,0.63698,0.63706,54.0,Interval.in_5_minute,55554600.0
534,2023-10-05 23:55:00,OANDA:AUDUSD,0.63706,0.63712,0.63703,0.63708,32.0,Interval.in_5_minute,55554900.0
535,2023-10-06 00:00:00,OANDA:AUDUSD,0.63708,0.6371,0.63689,0.6371,6.0,Interval.in_5_minute,55555200.0
536,2023-10-06 00:05:00,OANDA:AUDUSD,0.6371,0.63716,0.63697,0.63702,12.0,Interval.in_5_minute,55555500.0
537,2023-10-06 00:10:00,OANDA:AUDUSD,0.63702,0.63703,0.6369,0.6369,5.0,Interval.in_5_minute,55555800.0
538,2023-10-06 00:15:00,OANDA:AUDUSD,0.6369,0.6369,0.63689,0.6369,3.0,Interval.in_5_minute,55556100.0
539,2023-10-06 00:20:00,OANDA:AUDUSD,0.6369,0.63691,0.6369,0.63691,2.0,Interval.in_5_minute,55556400.0
540,2023-10-06 00:25:00,OANDA:AUDUSD,0.63691,0.63691,0.6369,0.6369,1.0,Interval.in_5_minute,55556700.0
541,2023-10-06 00:30:00,OANDA:AUDUSD,0.6369,0.63694,0.63686,0.63694,15.0,Interval.in_5_minute,55557000.0
542,2023-10-06 00:35:00,OANDA:AUDUSD,0.63694,0.63706,0.63642,0.63698,138.0,Interval.in_5_minute,55557300.0
543,2023-10-06 00:40:00,OANDA:AUDUSD,0.63698,0.63703,0.63689,0.63689,88.0,Interval.in_5_minute,55557600.0
544,2023-10-06 00:45:00,OANDA:AUDUSD,0.63689,0.63695,0.63674,0.63694,196.0,Interval.in_5_minute,55557900.0
545,2023-10-06 00:50:00,OANDA:AUDUSD,0.63694,0.63696,0.63686,0.63688,45.0,Interval.in_5_minute,55558200.0
546,2023-10-06 00:55:00,OANDA:AUDUSD,0.63688,0.63696,0.63686,0.63693,40.0,Interval.in_5_minute,55558500.0
547,2023-10-06 01:00:00,OANDA:AUDUSD,0.63693,0.63716,0.63689,0.63713,56.0,Interval.in_5_minute,55558800.0
548,2023-10-06 01:05:00,OANDA:AUDUSD,0.63713,0.6372,0.63712,0.63712,11.0,Interval.in_5_minute,55559100.0
549,2023-10-06 01:10:00,OANDA:AUDUSD,0.63712,0.63712,0.63704,0.63704,16.0,Interval.in_5_minute,55559400.0
550,2023-10-06 01:15:00,OANDA:AUDUSD,0.63704,0.63729,0.63704,0.63719,36.0,Interval.in_5_minute,55559700.0
551,2023-10-06 01:20:00,OANDA:AUDUSD,0.63719,0.63726,0.63718,0.63725,33.0,Interval.in_5_minute,55560000.0
552,2023-10-06 01:25:00,OANDA:AUDUSD,0.63725,0.63726,0.63716,0.63724,31.0,Interval.in_5_minute,55560300.0
553,2023-10-06 01:30:00,OANDA:AUDUSD,0.63724,0.63731,0.6372,0.6373,28.0,Interval.in_5_minute,55560600.0
554,2023-10-06 01:35:00,OANDA:AUDUSD,0.6373,0.63736,0.6372,0.63724,24.0,Interval.in_5_minute,55560900.0
555,2023-10-06 01:40:00,OANDA:AUDUSD,0.63724,0.63729,0.63722,0.63722,30.0,Interval.in_5_minute,55561200.0
556,2023-10-06 01:45:00,OANDA:AUDUSD,0.63722,0.63739,0.63722,0.63732,20.0,Interval.in_5_minute,55561500.0
557,2023-10-06 01:50:00,OANDA:AUDUSD,0.63732,0.63734,0.63711,0.63711,26.0,Interval.in_5_minute,55561800.0
558,2023-10-06 01:55:00,OANDA:AUDUSD,0.63711,0.63712,0.63694,0.63696,24.0,Interval.in_5_minute,55562100.0
559,2023-10-06 02:00:00,OANDA:AUDUSD,0.63696,0.63708,0.63691,0.63704,66.0,Interval.in_5_minute,55562400.0
560,2023-10-06 02:05:00,OANDA:AUDUSD,0.63704,0.63714,0.63704,0.63705,39.0,Interval.in_5_minute,55562700.0
561,2023-10-06 02:10:00,OANDA:AUDUSD,0.63705,0.63714,0.63704,0.63714,36.0,Interval.in_5_minute,55563000.0
562,2023-10-06 02:15:00,OANDA:AUDUSD,0.63714,0.63744,0.6371,0.63736,61.0,Interval.in_5_minute,55563300.0
563,2023-10-06 02:20:00,OANDA:AUDUSD,0.63736,0.63736,0.6372,0.6372,40.0,Interval.in_5_minute,55563600.0
564,2023-10-06 02:25:00,OANDA:AUDUSD,0.6372,0.63738,0.63719,0.63734,44.0,Interval.in_5_minute,55563900.0
565,2023-10-06 02:30:00,OANDA:AUDUSD,0.63734,0.63735,0.63724,0.63734,52.0,Interval.in_5_minute,55564200.0
566,2023-10-06 02:35:00,OANDA:AUDUSD,0.63734,0.6374,0.63717,0.63726,34.0,Interval.in_5_minute,55564500.0
567,2023-10-06 02:40:00,OANDA:AUDUSD,0.63726,0.63738,0.63724,0.63736,53.0,Interval.in_5_minute,55564800.0
568,2023-10-06 02:45:00,OANDA:AUDUSD,0.63736,0.63739,0.63704,0.63711,77.0,Interval.in_5_minute,55565100.0
569,2023-10-06 02:50:00,OANDA:AUDUSD,0.63711,0.63712,0.63684,0.63684,53.0,Interval.in_5_minute,55565400.0
570,2023-10-06 02:55:00,OANDA:AUDUSD,0.63684,0.63704,0.63684,0.63695,62.0,Interval.in_5_minute,55565700.0
571,2023-10-06 03:00:00,OANDA:AUDUSD,0.63695,0.63724,0.6367,0.63678,153.0,Interval.in_5_minute,55566000.0
572,2023-10-06 03:05:00,OANDA:AUDUSD,0.63678,0.63704,0.63675,0.6369,172.0,Interval.in_5_minute,55566300.0
573,2023-10-06 03:10:00,OANDA:AUDUSD,0.6369,0.63708,0.6369,0.63705,132.0,Interval.in_5_minute,55566600.0
574,2023-10-06 03:15:00,OANDA:AUDUSD,0.63705,0.63705,0.63659,0.63662,121.0,Interval.in_5_minute,55566900.0
575,2023-10-06 03:20:00,OANDA:AUDUSD,0.63662,0.63694,0.63662,0.6367,98.0,Interval.in_5_minute,55567200.0
576,2023-10-06 03:25:00,OANDA:AUDUSD,0.6367,0.63672,0.63648,0.63659,119.0,Interval.in_5_minute,55567500.0
577,2023-10-06 03:30:00,OANDA:AUDUSD,0.63659,0.63659,0.63642,0.63646,87.0,Interval.in_5_minute,55567800.0
578,2023-10-06 03:35:00,OANDA:AUDUSD,0.63646,0.63678,0.63646,0.63672,129.0,Interval.in_5_minute,55568100.0
579,2023-10-06 03:40:00,OANDA:AUDUSD,0.63672,0.63686,0.6367,0.63676,115.0,Interval.in_5_minute,55568400.0
580,2023-10-06 03:45:00,OANDA:AUDUSD,0.63676,0.63736,0.63676,0.63724,150.0,Interval.in_5_minute,55568700.0
581,2023-10-06 03:50:00,OANDA:AUDUSD,0.63724,0.63724,0.63705,0.63706,121.0,Interval.in_5_minute,55569000.0
582,2023-10-06 03:55:00,OANDA:AUDUSD,0.63706,0.63714,0.63678,0.6368,128.0,Interval.in_5_minute,55569300.0
583,2023-10-06 04:00:00,OANDA:AUDUSD,0.6368,0.63691,0.63668,0.63686,162.0,Interval.in_5_minute,55569600.0
584,2023-10-06 04:05:00,OANDA:AUDUSD,0.63686,0.63686,0.63646,0.6368,184.0,Interval.in_5_minute,55569900.0
585,2023-10-06 04:10:00,OANDA:AUDUSD,0.6368,0.63691,0.6367,0.63686,150.0,Interval.in_5_minute,55570200.0
586,2023-10-06 04:15:00,OANDA:AUDUSD,0.63686,0.63702,0.63654,0.63686,209.0,Interval.in_5_minute,55570500.0
587,2023-10-06 04:20:00,OANDA:AUDUSD,0.63686,0.63727,0.6368,0.63726,173.0,Interval.in_5_minute,55570800.0
588,2023-10-06 04:25:00,OANDA:AUDUSD,0.63726,0.63732,0.63702,0.63721,155.0,Interval.in_5_minute,55571100.0
589,2023-10-06 04:30:00,OANDA:AUDUSD,0.63721,0.63748,0.63667,0.63682,217.0,Interval.in_5_minute,55571400.0
590,2023-10-06 04:35:00,OANDA:AUDUSD,0.63682,0.6377,0.6368,0.63763,322.0,Interval.in_5_minute,55571700.0
591,2023-10-06 04:40:00,OANDA:AUDUSD,0.63763,0.6377,0.63723,0.63736,233.0,Interval.in_5_minute,55572000.0
592,2023-10-06 04:45:00,OANDA:AUDUSD,0.63736,0.63754,0.63696,0.63717,214.0,Interval.in_5_minute,55572300.0
593,2023-10-06 04:50:00,OANDA:AUDUSD,0.63717,0.63742,0.63704,0.63716,202.0,Interval.in_5_minute,55572600.0
594,2023-10-06 04:55:00,OANDA:AUDUSD,0.63716,0.63729,0.63704,0.63715,213.0,Interval.in_5_minute,55572900.0
595,2023-10-06 05:00:00,OANDA:AUDUSD,0.63715,0.63726,0.63695,0.63711,138.0,Interval.in_5_minute,55573200.0
596,2023-10-06 05:05:00,OANDA:AUDUSD,0.63711,0.63749,0.63705,0.63746,105.0,Interval.in_5_minute,55573500.0
597,2023-10-06 05:10:00,OANDA:AUDUSD,0.63746,0.63746,0.6372,0.63726,146.0,Interval.in_5_minute,55573800.0
598,2023-10-06 05:15:00,OANDA:AUDUSD,0.63726,0.63746,0.63716,0.63717,131.0,Interval.in_5_minute,55574100.0
599,2023-10-06 05:20:00,OANDA:AUDUSD,0.63717,0.63757,0.63712,0.63756,95.0,Interval.in_5_minute,55574400.0
600,2023-10-06 05:25:00,OANDA:AUDUSD,0.63756,0.6376,0.63736,0.63742,105.0,Interval.in_5_minute,55574700.0
601,2023-10-06 05:30:00,OANDA:AUDUSD,0.63742,0.63756,0.63736,0.63752,125.0,Interval.in_5_minute,55575000.0
602,2023-10-06 05:35:00,OANDA:AUDUSD,0.63752,0.6379,0.63747,0.63788,122.0,Interval.in_5_minute,55575300.0
603,2023-10-06 05:40:00,OANDA:AUDUSD,0.63788,0.6381,0.63767,0.63768,170.0,Interval.in_5_minute,55575600.0
604,2023-10-06 05:45:00,OANDA:AUDUSD,0.63768,0.638,0.6376,0.63785,99.0,Interval.in_5_minute,55575900.0
605,2023-10-06 05:50:00,OANDA:AUDUSD,0.63785,0.63814,0.63781,0.63809,159.0,Interval.in_5_minute,55576200.0
606,2023-10-06 05:55:00,OANDA:AUDUSD,0.63809,0.63819,0.6378,0.63792,94.0,Interval.in_5_minute,55576500.0
607,2023-10-06 06:00:00,OANDA:AUDUSD,0.63792,0.63803,0.63781,0.63786,142.0,Interval.in_5_minute,55576800.0
608,2023-10-06 06:05:00,OANDA:AUDUSD,0.63786,0.63786,0.6376,0.63778,86.0,Interval.in_5_minute,55577100.0
609,2023-10-06 06:10:00,OANDA:AUDUSD,0.63778,0.63788,0.63769,0.63779,127.0,Interval.in_5_minute,55577400.0
610,2023-10-06 06:15:00,OANDA:AUDUSD,0.63779,0.63788,0.63776,0.63783,71.0,Interval.in_5_minute,55577700.0
611,2023-10-06 06:20:00,OANDA:AUDUSD,0.63783,0.63795,0.63778,0.6378,79.0,Interval.in_5_minute,55578000.0
612,2023-10-06 06:25:00,OANDA:AUDUSD,0.6378,0.63803,0.63778,0.63798,93.0,Interval.in_5_minute,55578300.0
613,2023-10-06 06:30:00,OANDA:AUDUSD,0.63798,0.63799,0.63768,0.63772,67.0,Interval.in_5_minute,55578600.0
614,2023-10-06 06:35:00,OANDA:AUDUSD,0.63772,0.63772,0.63753,0.63757,90.0,Interval.in_5_minute,55578900.0
615,2023-10-06 06:40:00,OANDA:AUDUSD,0.63757,0.63768,0.63752,0.63765,90.0,Interval.in_5_minute,55579200.0
616,2023-10-06 06:45:00,OANDA:AUDUSD,0.63765,0.63765,0.63748,0.63749,85.0,Interval.in_5_minute,55579500.0
617,2023-10-06 06:50:00,OANDA:AUDUSD,0.63749,0.63749,0.63726,0.63734,113.0,Interval.in_5_minute,55579800.0
618,2023-10-06 06:55:00,OANDA:AUDUSD,0.63734,0.63746,0.63731,0.63744,134.0,Interval.in_5_minute,55580100.0
619,2023-10-06 07:00:00,OANDA:AUDUSD,0.63744,0.63744,0.6373,0.6373,61.0,Interval.in_5_minute,55580400.0
620,2023-10-06 07:05:00,OANDA:AUDUSD,0.6373,0.63735,0.63716,0.63725,34.0,Interval.in_5_minute,55580700.0
621,2023-10-06 07:10:00,OANDA:AUDUSD,0.63725,0.63727,0.63712,0.6372,71.0,Interval.in_5_minute,55581000.0
622,2023-10-06 07:15:00,OANDA:AUDUSD,0.6372,0.63736,0.6372,0.63726,58.0,Interval.in_5_minute,55581300.0
623,2023-10-06 07:20:00,OANDA:AUDUSD,0.63726,0.63726,0.63705,0.63712,100.0,Interval.in_5_minute,55581600.0
624,2023-10-06 07:25:00,OANDA:AUDUSD,0.63712,0.63734,0.6371,0.63734,81.0,Interval.in_5_minute,55581900.0
625,2023-10-06 07:30:00,OANDA:AUDUSD,0.63734,0.6374,0.63714,0.63724,98.0,Interval.in_5_minute,55582200.0
626,2023-10-06 07:35:00,OANDA:AUDUSD,0.63724,0.63734,0.63714,0.63728,66.0,Interval.in_5_minute,55582500.0
627,2023-10-06 07:40:00,OANDA:AUDUSD,0.63728,0.63728,0.63702,0.63706,90.0,Interval.in_5_minute,55582800.0
628,2023-10-06 07:45:00,OANDA:AUDUSD,0.63706,0.63706,0.6368,0.63687,101.0,Interval.in_5_minute,55583100.0
629,2023-10-06 07:50:00,OANDA:AUDUSD,0.63687,0.63694,0.63674,0.63678,96.0,Interval.in_5_minute,55583400.0
630,2023-10-06 07:55:00,OANDA:AUDUSD,0.63678,0.63681,0.63668,0.63677,80.0,Interval.in_5_minute,55583700.0
631,2023-10-06 08:00:00,OANDA:AUDUSD,0.63677,0.6369,0.63666,0.63684,109.0,Interval.in_5_minute,55584000.0
632,2023-10-06 08:05:00,OANDA:AUDUSD,0.63684,0.6369,0.63661,0.63662,109.0,Interval.in_5_minute,55584300.0
633,2023-10-06 08:10:00,OANDA:AUDUSD,0.63662,0.6368,0.63652,0.6368,116.0,Interval.in_5_minute,55584600.0
634,2023-10-06 08:15:00,OANDA:AUDUSD,0.6368,0.63684,0.63655,0.63662,125.0,Interval.in_5_minute,55584900.0
635,2023-10-06 08:20:00,OANDA:AUDUSD,0.63662,0.63669,0.63642,0.63646,68.0,Interval.in_5_minute,55585200.0
636,2023-10-06 08:25:00,OANDA:AUDUSD,0.63646,0.63648,0.63626,0.63628,107.0,Interval.in_5_minute,55585500.0
637,2023-10-06 08:30:00,OANDA:AUDUSD,0.63628,0.63639,0.63598,0.63612,150.0,Interval.in_5_minute,55585800.0
638,2023-10-06 08:35:00,OANDA:AUDUSD,0.63612,0.6362,0.63584,0.63586,73.0,Interval.in_5_minute,55586100.0
639,2023-10-06 08:40:00,OANDA:AUDUSD,0.63586,0.63591,0.63574,0.63574,94.0,Interval.in_5_minute,55586400.0
640,2023-10-06 08:45:00,OANDA:AUDUSD,0.63574,0.63591,0.63567,0.6359,99.0,Interval.in_5_minute,55586700.0
641,2023-10-06 08:50:00,OANDA:AUDUSD,0.6359,0.6359,0.6356,0.63566,69.0,Interval.in_5_minute,55587000.0
642,2023-10-06 08:55:00,OANDA:AUDUSD,0.63566,0.63566,0.63551,0.63559,117.0,Interval.in_5_minute,55587300.0
643,2023-10-06 09:00:00,OANDA:AUDUSD,0.63559,0.63582,0.6355,0.63565,140.0,Interval.in_5_minute,55587600.0
644,2023-10-06 09:05:00,OANDA:AUDUSD,0.63565,0.63604,0.63565,0.63593,199.0,Interval.in_5_minute,55587900.0
645,2023-10-06 09:10:00,OANDA:AUDUSD,0.63593,0.63608,0.63592,0.63602,132.0,Interval.in_5_minute,55588200.0
646,2023-10-06 09:15:00,OANDA:AUDUSD,0.63602,0.63613,0.63592,0.63612,183.0,Interval.in_5_minute,55588500.0
647,2023-10-06 09:20:00,OANDA:AUDUSD,0.63612,0.63622,0.63606,0.63608,112.0,Interval.in_5_minute,55588800.0
648,2023-10-06 09:25:00,OANDA:AUDUSD,0.63608,0.63612,0.63566,0.63572,192.0,Interval.in_5_minute,55589100.0
649,2023-10-06 09:30:00,OANDA:AUDUSD,0.63572,0.63604,0.63572,0.6359,157.0,Interval.in_5_minute,55589400.0
650,2023-10-06 09:35:00,OANDA:AUDUSD,0.6359,0.6359,0.63566,0.6357,144.0,Interval.in_5_minute,55589700.0
651,2023-10-06 09:40:00,OANDA:AUDUSD,0.6357,0.63579,0.6355,0.63552,146.0,Interval.in_5_minute,55590000.0
652,2023-10-06 09:45:00,OANDA:AUDUSD,0.63552,0.63582,0.63548,0.63582,135.0,Interval.in_5_minute,55590300.0
653,2023-10-06 09:50:00,OANDA:AUDUSD,0.63582,0.63605,0.6357,0.63574,140.0,Interval.in_5_minute,55590600.0
654,2023-10-06 09:55:00,OANDA:AUDUSD,0.63574,0.63594,0.63574,0.63592,109.0,Interval.in_5_minute,55590900.0
655,2023-10-06 10:00:00,OANDA:AUDUSD,0.63592,0.6363,0.63582,0.63627,324.0,Interval.in_5_minute,55591200.0
656,2023-10-06 10:05:00,OANDA:AUDUSD,0.63627,0.63648,0.63616,0.63642,275.0,Interval.in_5_minute,55591500.0
657,2023-10-06 10:10:00,OANDA:AUDUSD,0.63642,0.63666,0.6363,0.6365,205.0,Interval.in_5_minute,55591800.0
658,2023-10-06 10:15:00,OANDA:AUDUSD,0.6365,0.6366,0.63593,0.63593,289.0,Interval.in_5_minute,55592100.0
659,2023-10-06 10:20:00,OANDA:AUDUSD,0.63593,0.63663,0.63592,0.63644,274.0,Interval.in_5_minute,55592400.0
660,2023-10-06 10:25:00,OANDA:AUDUSD,0.63644,0.63655,0.63635,0.63637,246.0,Interval.in_5_minute,55592700.0
661,2023-10-06 10:30:00,OANDA:AUDUSD,0.63637,0.6367,0.63637,0.6366,229.0,Interval.in_5_minute,55593000.0
662,2023-10-06 10:35:00,OANDA:AUDUSD,0.6366,0.63673,0.63646,0.63671,214.0,Interval.in_5_minute,55593300.0
663,2023-10-06 10:40:00,OANDA:AUDUSD,0.63671,0.6368,0.63654,0.6366,204.0,Interval.in_5_minute,55593600.0
664,2023-10-06 10:45:00,OANDA:AUDUSD,0.6366,0.63674,0.63635,0.63635,210.0,Interval.in_5_minute,55593900.0
665,2023-10-06 10:50:00,OANDA:AUDUSD,0.63635,0.63653,0.63625,0.6365,300.0,Interval.in_5_minute,55594200.0
666,2023-10-06 10:55:00,OANDA:AUDUSD,0.6365,0.63679,0.6365,0.6367,200.0,Interval.in_5_minute,55594500.0
667,2023-10-06 11:00:00,OANDA:AUDUSD,0.6367,0.63691,0.63656,0.63666,262.0,Interval.in_5_minute,55594800.0
668,2023-10-06 11:05:00,OANDA:AUDUSD,0.63666,0.63708,0.63666,0.63673,209.0,Interval.in_5_minute,55595100.0
669,2023-10-06 11:10:00,OANDA:AUDUSD,0.63673,0.63676,0.63644,0.63648,263.0,Interval.in_5_minute,55595400.0
670,2023-10-06 11:15:00,OANDA:AUDUSD,0.63648,0.63659,0.63638,0.63649,239.0,Interval.in_5_minute,55595700.0
671,2023-10-06 11:20:00,OANDA:AUDUSD,0.63649,0.63658,0.63624,0.63629,193.0,Interval.in_5_minute,55596000.0
672,2023-10-06 11:25:00,OANDA:AUDUSD,0.63629,0.63658,0.63624,0.63647,179.0,Interval.in_5_minute,55596300.0
673,2023-10-06 11:30:00,OANDA:AUDUSD,0.63647,0.63651,0.63604,0.6361,204.0,Interval.in_5_minute,55596600.0
674,2023-10-06 11:35:00,OANDA:AUDUSD,0.6361,0.63622,0.636,0.63611,164.0,Interval.in_5_minute,55596900.0
675,2023-10-06 11:40:00,OANDA:AUDUSD,0.63611,0.63659,0.6361,0.63656,268.0,Interval.in_5_minute,55597200.0
676,2023-10-06 11:45:00,OANDA:AUDUSD,0.63656,0.63672,0.6365,0.63662,204.0,Interval.in_5_minute,55597500.0
677,2023-10-06 11:50:00,OANDA:AUDUSD,0.63662,0.63662,0.63634,0.63639,230.0,Interval.in_5_minute,55597800.0
678,2023-10-06 11:55:00,OANDA:AUDUSD,0.63639,0.63657,0.6363,0.63644,236.0,Interval.in_5_minute,55598100.0
679,2023-10-06 12:00:00,OANDA:AUDUSD,0.63644,0.63654,0.63622,0.63641,206.0,Interval.in_5_minute,55598400.0
680,2023-10-06 12:05:00,OANDA:AUDUSD,0.63641,0.63651,0.63632,0.63633,133.0,Interval.in_5_minute,55598700.0
681,2023-10-06 12:10:00,OANDA:AUDUSD,0.63633,0.63636,0.63617,0.63629,136.0,Interval.in_5_minute,55599000.0
682,2023-10-06 12:15:00,OANDA:AUDUSD,0.63629,0.6364,0.6362,0.63624,228.0,Interval.in_5_minute,55599300.0
683,2023-10-06 12:20:00,OANDA:AUDUSD,0.63624,0.6363,0.63603,0.63604,138.0,Interval.in_5_minute,55599600.0
684,2023-10-06 12:25:00,OANDA:AUDUSD,0.63604,0.63614,0.6359,0.63604,102.0,Interval.in_5_minute,55599900.0
685,2023-10-06 12:30:00,OANDA:AUDUSD,0.63604,0.6364,0.63601,0.63636,182.0,Interval.in_5_minute,55600200.0
686,2023-10-06 12:35:00,OANDA:AUDUSD,0.63636,0.63641,0.63618,0.63619,154.0,Interval.in_5_minute,55600500.0
687,2023-10-06 12:40:00,OANDA:AUDUSD,0.63619,0.63643,0.6361,0.6363,213.0,Interval.in_5_minute,55600800.0
688,2023-10-06 12:45:00,OANDA:AUDUSD,0.6363,0.63634,0.63588,0.63596,265.0,Interval.in_5_minute,55601100.0
689,2023-10-06 12:50:00,OANDA:AUDUSD,0.63596,0.6361,0.63582,0.63604,224.0,Interval.in_5_minute,55601400.0
690,2023-10-06 12:55:00,OANDA:AUDUSD,0.63604,0.63619,0.63595,0.636,227.0,Interval.in_5_minute,55601700.0
691,2023-10-06 13:00:00,OANDA:AUDUSD,0.636,0.63627,0.63596,0.63612,235.0,Interval.in_5_minute,55602000.0
692,2023-10-06 13:05:00,OANDA:AUDUSD,0.63612,0.63659,0.63608,0.63658,165.0,Interval.in_5_minute,55602300.0
693,2023-10-06 13:10:00,OANDA:AUDUSD,0.63658,0.63669,0.63642,0.6366,176.0,Interval.in_5_minute,55602600.0
694,2023-10-06 13:15:00,OANDA:AUDUSD,0.6366,0.63672,0.63628,0.63629,203.0,Interval.in_5_minute,55602900.0
695,2023-10-06 13:20:00,OANDA:AUDUSD,0.63629,0.63632,0.63608,0.63622,148.0,Interval.in_5_minute,55603200.0
696,2023-10-06 13:25:00,OANDA:AUDUSD,0.63622,0.6363,0.63611,0.63614,78.0,Interval.in_5_minute,55603500.0
697,2023-10-06 13:30:00,OANDA:AUDUSD,0.63614,0.63624,0.63602,0.63615,124.0,Interval.in_5_minute,55603800.0
698,2023-10-06 13:35:00,OANDA:AUDUSD,0.63615,0.63632,0.63615,0.63624,103.0,Interval.in_5_minute,55604100.0
699,2023-10-06 13:40:00,OANDA:AUDUSD,0.63624,0.63638,0.63622,0.63634,87.0,Interval.in_5_minute,55604400.0
700,2023-10-06 13:45:00,OANDA:AUDUSD,0.63634,0.63634,0.63595,0.636,190.0,Interval.in_5_minute,55604700.0
701,2023-10-06 13:50:00,OANDA:AUDUSD,0.636,0.63601,0.63575,0.63588,156.0,Interval.in_5_minute,55605000.0
702,2023-10-06 13:55:00,OANDA:AUDUSD,0.63588,0.6361,0.63579,0.6361,147.0,Interval.in_5_minute,55605300.0
703,2023-10-06 14:00:00,OANDA:AUDUSD,0.6361,0.63613,0.63588,0.6359,149.0,Interval.in_5_minute,55605600.0
704,2023-10-06 14:05:00,OANDA:AUDUSD,0.6359,0.63602,0.63582,0.63595,187.0,Interval.in_5_minute,55605900.0
705,2023-10-06 14:10:00,OANDA:AUDUSD,0.63595,0.636,0.63578,0.63579,129.0,Interval.in_5_minute,55606200.0
706,2023-10-06 14:15:00,OANDA:AUDUSD,0.63579,0.63609,0.63579,0.63608,137.0,Interval.in_5_minute,55606500.0
707,2023-10-06 14:20:00,OANDA:AUDUSD,0.63608,0.63618,0.63588,0.63588,172.0,Interval.in_5_minute,55606800.0
708,2023-10-06 14:25:00,OANDA:AUDUSD,0.63588,0.63604,0.63554,0.63554,171.0,Interval.in_5_minute,55607100.0
709,2023-10-06 14:30:00,OANDA:AUDUSD,0.63554,0.63575,0.63534,0.6356,182.0,Interval.in_5_minute,55607400.0
710,2023-10-06 14:35:00,OANDA:AUDUSD,0.6356,0.63596,0.6356,0.63572,267.0,Interval.in_5_minute,55607700.0
711,2023-10-06 14:40:00,OANDA:AUDUSD,0.63572,0.63601,0.63572,0.636,187.0,Interval.in_5_minute,55608000.0
712,2023-10-06 14:45:00,OANDA:AUDUSD,0.636,0.63618,0.636,0.6361,198.0,Interval.in_5_minute,55608300.0
713,2023-10-06 14:50:00,OANDA:AUDUSD,0.6361,0.63636,0.6361,0.63624,143.0,Interval.in_5_minute,55608600.0
714,2023-10-06 14:55:00,OANDA:AUDUSD,0.63624,0.63624,0.63586,0.63586,169.0,Interval.in_5_minute,55608900.0
715,2023-10-06 15:00:00,OANDA:AUDUSD,0.63586,0.6361,0.63584,0.63604,299.0,Interval.in_5_minute,55609200.0
716,2023-10-06 15:05:00,OANDA:AUDUSD,0.63604,0.63615,0.63583,0.63586,337.0,Interval.in_5_minute,55609500.0
717,2023-10-06 15:10:00,OANDA:AUDUSD,0.63586,0.63596,0.63563,0.63595,294.0,Interval.in_5_minute,55609800.0
718,2023-10-06 15:15:00,OANDA:AUDUSD,0.63595,0.63606,0.63578,0.636,270.0,Interval.in_5_minute,55610100.0
719,2023-10-06 15:20:00,OANDA:AUDUSD,0.636,0.6364,0.63584,0.63612,340.0,Interval.in_5_minute,55610400.0
720,2023-10-06 15:25:00,OANDA:AUDUSD,0.63612,0.63623,0.63583,0.63583,287.0,Interval.in_5_minute,55610700.0
721,2023-10-06 15:30:00,OANDA:AUDUSD,0.63583,0.63623,0.63141,0.6317,1793.0,Interval.in_5_minute,55611000.0
722,2023-10-06 15:35:00,OANDA:AUDUSD,0.6317,0.63326,0.6317,0.63312,1183.0,Interval.in_5_minute,55611300.0
723,2023-10-06 15:40:00,OANDA:AUDUSD,0.63312,0.63386,0.63294,0.6331,899.0,Interval.in_5_minute,55611600.0
724,2023-10-06 15:45:00,OANDA:AUDUSD,0.6331,0.63314,0.63176,0.63188,907.0,Interval.in_5_minute,55611900.0
725,2023-10-06 15:50:00,OANDA:AUDUSD,0.63188,0.6324,0.63124,0.63234,664.0,Interval.in_5_minute,55612200.0
726,2023-10-06 15:55:00,OANDA:AUDUSD,0.63234,0.63285,0.63198,0.63258,651.0,Interval.in_5_minute,55612500.0
727,2023-10-06 16:00:00,OANDA:AUDUSD,0.63258,0.63318,0.63198,0.6328,697.0,Interval.in_5_minute,55612800.0
728,2023-10-06 16:05:00,OANDA:AUDUSD,0.6328,0.63389,0.63268,0.63344,680.0,Interval.in_5_minute,55613100.0
729,2023-10-06 16:10:00,OANDA:AUDUSD,0.63344,0.63402,0.63318,0.63348,517.0,Interval.in_5_minute,55613400.0
730,2023-10-06 16:15:00,OANDA:AUDUSD,0.63348,0.63431,0.63348,0.63404,476.0,Interval.in_5_minute,55613700.0
731,2023-10-06 16:20:00,OANDA:AUDUSD,0.63404,0.63508,0.63402,0.63502,376.0,Interval.in_5_minute,55614000.0
732,2023-10-06 16:25:00,OANDA:AUDUSD,0.63502,0.63513,0.6339,0.6339,426.0,Interval.in_5_minute,55614300.0
733,2023-10-06 16:30:00,OANDA:AUDUSD,0.6339,0.63444,0.63378,0.63402,765.0,Interval.in_5_minute,55614600.0
734,2023-10-06 16:35:00,OANDA:AUDUSD,0.63402,0.6342,0.63308,0.63334,578.0,Interval.in_5_minute,55614900.0
735,2023-10-06 16:40:00,OANDA:AUDUSD,0.63334,0.63374,0.63293,0.63356,657.0,Interval.in_5_minute,55615200.0
736,2023-10-06 16:45:00,OANDA:AUDUSD,0.63356,0.63394,0.63291,0.63291,531.0,Interval.in_5_minute,55615500.0
737,2023-10-06 16:50:00,OANDA:AUDUSD,0.63291,0.63323,0.6326,0.633,724.0,Interval.in_5_minute,55615800.0
738,2023-10-06 16:55:00,OANDA:AUDUSD,0.633,0.6336,0.6325,0.63346,629.0,Interval.in_5_minute,55616100.0
739,2023-10-06 17:00:00,OANDA:AUDUSD,0.63346,0.63387,0.63332,0.63362,442.0,Interval.in_5_minute,55616400.0
740,2023-10-06 17:05:00,OANDA:AUDUSD,0.63362,0.634,0.6331,0.6336,639.0,Interval.in_5_minute,55616700.0
741,2023-10-06 17:10:00,OANDA:AUDUSD,0.6336,0.63426,0.6334,0.63397,629.0,Interval.in_5_minute,55617000.0
742,2023-10-06 17:15:00,OANDA:AUDUSD,0.63397,0.63444,0.63384,0.63414,429.0,Interval.in_5_minute,55617300.0
743,2023-10-06 17:20:00,OANDA:AUDUSD,0.63414,0.63506,0.63364,0.63499,520.0,Interval.in_5_minute,55617600.0
744,2023-10-06 17:25:00,OANDA:AUDUSD,0.63499,0.63515,0.63444,0.63494,525.0,Interval.in_5_minute,55617900.0
745,2023-10-06 17:30:00,OANDA:AUDUSD,0.63494,0.63569,0.63494,0.63527,484.0,Interval.in_5_minute,55618200.0
746,2023-10-06 17:35:00,OANDA:AUDUSD,0.63527,0.63591,0.63502,0.63573,494.0,Interval.in_5_minute,55618500.0
747,2023-10-06 17:40:00,OANDA:AUDUSD,0.63573,0.63594,0.63496,0.63524,470.0,Interval.in_5_minute,55618800.0
748,2023-10-06 17:45:00,OANDA:AUDUSD,0.63524,0.63542,0.63496,0.63517,395.0,Interval.in_5_minute,55619100.0
749,2023-10-06 17:50:00,OANDA:AUDUSD,0.63517,0.63528,0.63478,0.63492,425.0,Interval.in_5_minute,55619400.0
750,2023-10-06 17:55:00,OANDA:AUDUSD,0.63492,0.63508,0.63478,0.63496,400.0,Interval.in_5_minute,55619700.0
751,2023-10-06 18:00:00,OANDA:AUDUSD,0.63496,0.63579,0.6347,0.63574,268.0,Interval.in_5_minute,55620000.0
752,2023-10-06 18:05:00,OANDA:AUDUSD,0.63574,0.63593,0.63552,0.63589,283.0,Interval.in_5_minute,55620300.0
753,2023-10-06 18:10:00,OANDA:AUDUSD,0.63589,0.63678,0.63582,0.63636,507.0,Interval.in_5_minute,55620600.0
754,2023-10-06 18:15:00,OANDA:AUDUSD,0.63636,0.6365,0.63602,0.63612,479.0,Interval.in_5_minute,55620900.0
755,2023-10-06 18:20:00,OANDA:AUDUSD,0.63612,0.63703,0.6361,0.63703,429.0,Interval.in_5_minute,55621200.0
756,2023-10-06 18:25:00,OANDA:AUDUSD,0.63703,0.6378,0.63679,0.63752,505.0,Interval.in_5_minute,55621500.0
757,2023-10-06 18:30:00,OANDA:AUDUSD,0.63752,0.63819,0.63752,0.63812,590.0,Interval.in_5_minute,55621800.0
758,2023-10-06 18:35:00,OANDA:AUDUSD,0.63812,0.6389,0.63787,0.63879,595.0,Interval.in_5_minute,55622100.0
759,2023-10-06 18:40:00,OANDA:AUDUSD,0.63879,0.63948,0.63868,0.63877,447.0,Interval.in_5_minute,55622400.0
760,2023-10-06 18:45:00,OANDA:AUDUSD,0.63877,0.63914,0.63828,0.63902,404.0,Interval.in_5_minute,55622700.0
761,2023-10-06 18:50:00,OANDA:AUDUSD,0.63902,0.63922,0.63864,0.63918,448.0,Interval.in_5_minute,55623000.0
762,2023-10-06 18:55:00,OANDA:AUDUSD,0.63918,0.63951,0.63905,0.63923,331.0,Interval.in_5_minute,55623300.0
763,2023-10-06 19:00:00,OANDA:AUDUSD,0.63923,0.6393,0.63874,0.63886,401.0,Interval.in_5_minute,55623600.0
764,2023-10-06 19:05:00,OANDA:AUDUSD,0.63886,0.63933,0.63878,0.63914,330.0,Interval.in_5_minute,55623900.0
765,2023-10-06 19:10:00,OANDA:AUDUSD,0.63914,0.63934,0.63856,0.63864,371.0,Interval.in_5_minute,55624200.0
766,2023-10-06 19:15:00,OANDA:AUDUSD,0.63864,0.63877,0.63847,0.63848,318.0,Interval.in_5_minute,55624500.0
767,2023-10-06 19:20:00,OANDA:AUDUSD,0.63848,0.63858,0.63802,0.63817,330.0,Interval.in_5_minute,55624800.0
768,2023-10-06 19:25:00,OANDA:AUDUSD,0.63817,0.63856,0.638,0.63839,341.0,Interval.in_5_minute,55625100.0
769,2023-10-06 19:30:00,OANDA:AUDUSD,0.63839,0.63854,0.63806,0.63806,259.0,Interval.in_5_minute,55625400.0
770,2023-10-06 19:35:00,OANDA:AUDUSD,0.63806,0.63844,0.63798,0.63808,286.0,Interval.in_5_minute,55625700.0
771,2023-10-06 19:40:00,OANDA:AUDUSD,0.63808,0.63869,0.63807,0.6386,209.0,Interval.in_5_minute,55626000.0
772,2023-10-06 19:45:00,OANDA:AUDUSD,0.6386,0.63882,0.63844,0.63848,154.0,Interval.in_5_minute,55626300.0
773,2023-10-06 19:50:00,OANDA:AUDUSD,0.63848,0.63858,0.63806,0.63816,188.0,Interval.in_5_minute,55626600.0
774,2023-10-06 19:55:00,OANDA:AUDUSD,0.63816,0.63825,0.6379,0.63794,224.0,Interval.in_5_minute,55626900.0
775,2023-10-06 20:00:00,OANDA:AUDUSD,0.63794,0.63821,0.63792,0.63806,233.0,Interval.in_5_minute,55627200.0
776,2023-10-06 20:05:00,OANDA:AUDUSD,0.63806,0.63816,0.63776,0.63788,164.0,Interval.in_5_minute,55627500.0
777,2023-10-06 20:10:00,OANDA:AUDUSD,0.63788,0.63862,0.63767,0.6386,284.0,Interval.in_5_minute,55627800.0
778,2023-10-06 20:15:00,OANDA:AUDUSD,0.6386,0.63864,0.6383,0.63863,249.0,Interval.in_5_minute,55628100.0
779,2023-10-06 20:20:00,OANDA:AUDUSD,0.63863,0.6389,0.63855,0.63884,247.0,Interval.in_5_minute,55628400.0
780,2023-10-06 20:25:00,OANDA:AUDUSD,0.63884,0.6391,0.63876,0.63901,137.0,Interval.in_5_minute,55628700.0
781,2023-10-06 20:30:00,OANDA:AUDUSD,0.63901,0.63916,0.63901,0.63914,179.0,Interval.in_5_minute,55629000.0
782,2023-10-06 20:35:00,OANDA:AUDUSD,0.63914,0.63914,0.63868,0.63888,142.0,Interval.in_5_minute,55629300.0
783,2023-10-06 20:40:00,OANDA:AUDUSD,0.63888,0.63888,0.63858,0.63858,102.0,Interval.in_5_minute,55629600.0
784,2023-10-06 20:45:00,OANDA:AUDUSD,0.63858,0.63872,0.63843,0.63862,126.0,Interval.in_5_minute,55629900.0
785,2023-10-06 20:50:00,OANDA:AUDUSD,0.63862,0.63872,0.63854,0.63863,127.0,Interval.in_5_minute,55630200.0
786,2023-10-06 20:55:00,OANDA:AUDUSD,0.63863,0.63886,0.6386,0.6388,136.0,Interval.in_5_minute,55630500.0
787,2023-10-06 21:00:00,OANDA:AUDUSD,0.6388,0.63918,0.63878,0.63917,144.0,Interval.in_5_minute,55630800.0
788,2023-10-06 21:05:00,OANDA:AUDUSD,0.63917,0.63919,0.63898,0.63919,131.0,Interval.in_5_minute,55631100.0
789,2023-10-06 21:10:00,OANDA:AUDUSD,0.63919,0.63952,0.63919,0.63942,136.0,Interval.in_5_minute,55631400.0
790,2023-10-06 21:15:00,OANDA:AUDUSD,0.63942,0.63948,0.63908,0.63915,163.0,Interval.in_5_minute,55631700.0
791,2023-10-06 21:20:00,OANDA:AUDUSD,0.63915,0.63942,0.63913,0.63928,125.0,Interval.in_5_minute,55632000.0
792,2023-10-06 21:25:00,OANDA:AUDUSD,0.63928,0.63974,0.63923,0.63974,142.0,Interval.in_5_minute,55632300.0
793,2023-10-06 21:30:00,OANDA:AUDUSD,0.63974,0.63984,0.6396,0.63976,172.0,Interval.in_5_minute,55632600.0
794,2023-10-06 21:35:00,OANDA:AUDUSD,0.63976,0.64002,0.63976,0.63996,154.0,Interval.in_5_minute,55632900.0
795,2023-10-06 21:40:00,OANDA:AUDUSD,0.63996,0.64004,0.63972,0.63974,121.0,Interval.in_5_minute,55633200.0
796,2023-10-06 21:45:00,OANDA:AUDUSD,0.63974,0.63993,0.63972,0.6398,116.0,Interval.in_5_minute,55633500.0
797,2023-10-06 21:50:00,OANDA:AUDUSD,0.6398,0.6398,0.63934,0.63934,132.0,Interval.in_5_minute,55633800.0
798,2023-10-06 21:55:00,OANDA:AUDUSD,0.63934,0.63958,0.63929,0.63958,120.0,Interval.in_5_minute,55634100.0
799,2023-10-06 22:00:00,OANDA:AUDUSD,0.63958,0.63966,0.63929,0.6393,155.0,Interval.in_5_minute,55634400.0
800,2023-10-06 22:05:00,OANDA:AUDUSD,0.6393,0.63948,0.63923,0.63942,136.0,Interval.in_5_minute,55634700.0
801,2023-10-06 22:10:00,OANDA:AUDUSD,0.63942,0.63942,0.63912,0.63925,184.0,Interval.in_5_minute,55635000.0
802,2023-10-06 22:15:00,OANDA:AUDUSD,0.63925,0.63934,0.63908,0.63918,147.0,Interval.in_5_minute,55635300.0
803,2023-10-06 22:20:00,OANDA:AUDUSD,0.63918,0.63944,0.63913,0.63939,179.0,Interval.in_5_minute,55635600.0
804,2023-10-06 22:25:00,OANDA:AUDUSD,0.63939,0.63944,0.63923,0.63936,145.0,Interval.in_5_minute,55635900.0
805,2023-10-06 22:30:00,OANDA:AUDUSD,0.63936,0.6395,0.63914,0.63918,139.0,Interval.in_5_minute,55636200.0
806,2023-10-06 22:35:00,OANDA:AUDUSD,0.63918,0.6393,0.63912,0.6393,122.0,Interval.in_5_minute,55636500.0
807,2023-10-06 22:40:00,OANDA:AUDUSD,0.6393,0.63934,0.6391,0.6392,125.0,Interval.in_5_minute,55636800.0
808,2023-10-06 22:45:00,OANDA:AUDUSD,0.6392,0.63939,0.6392,0.6393,144.0,Interval.in_5_minute,55637100.0
809,2023-10-06 22:50:00,OANDA:AUDUSD,0.6393,0.6393,0.6388,0.6388,144.0,Interval.in_5_minute,55637400.0
810,2023-10-06 22:55:00,OANDA:AUDUSD,0.6388,0.6389,0.63868,0.63873,137.0,Interval.in_5_minute,55637700.0
811,2023-10-06 23:00:00,OANDA:AUDUSD,0.63873,0.63883,0.63868,0.63877,98.0,Interval.in_5_minute,55638000.0
812,2023-10-06 23:05:00,OANDA:AUDUSD,0.63877,0.6388,0.63861,0.63862,77.0,Interval.in_5_minute,55638300.0
813,2023-10-06 23:10:00,OANDA:AUDUSD,0.63862,0.63868,0.63852,0.63864,92.0,Interval.in_5_minute,55638600.0
814,2023-10-06 23:15:00,OANDA:AUDUSD,0.63864,0.63864,0.63849,0.63854,65.0,Interval.in_5_minute,55638900.0
815,2023-10-06 23:20:00,OANDA:AUDUSD,0.63854,0.63864,0.63854,0.6386,35.0,Interval.in_5_minute,55639200.0
816,2023-10-06 23:25:00,OANDA:AUDUSD,0.6386,0.63872,0.6386,0.63866,53.0,Interval.in_5_minute,55639500.0
817,2023-10-06 23:30:00,OANDA:AUDUSD,0.63866,0.63872,0.63864,0.63868,46.0,Interval.in_5_minute,55639800.0
818,2023-10-06 23:35:00,OANDA:AUDUSD,0.63868,0.63868,0.6386,0.6386,35.0,Interval.in_5_minute,55640100.0
819,2023-10-06 23:40:00,OANDA:AUDUSD,0.6386,0.63861,0.63848,0.63848,30.0,Interval.in_5_minute,55640400.0
820,2023-10-06 23:45:00,OANDA:AUDUSD,0.63848,0.63856,0.63843,0.63856,36.0,Interval.in_5_minute,55640700.0
821,2023-10-06 23:50:00,OANDA:AUDUSD,0.63856,0.63862,0.63832,0.63838,57.0,Interval.in_5_minute,55641000.0
822,2023-10-06 23:55:00,OANDA:AUDUSD,0.63838,0.63852,0.63838,0.63846,168.0,Interval.in_5_minute,55641300.0
823,2023-10-09 00:00:00,OANDA:AUDUSD,0.63846,0.63846,0.6358,0.63611,32.0,Interval.in_5_minute,55814400.0
824,2023-10-09 00:05:00,OANDA:AUDUSD,0.63611,0.63637,0.63592,0.63594,30.0,Interval.in_5_minute,55814700.0
825,2023-10-09 00:10:00,OANDA:AUDUSD,0.63594,0.63626,0.63594,0.63613,21.0,Interval.in_5_minute,55815000.0
826,2023-10-09 00:15:00,OANDA:AUDUSD,0.63613,0.63634,0.63611,0.63614,22.0,Interval.in_5_minute,55815300.0
827,2023-10-09 00:20:00,OANDA:AUDUSD,0.63614,0.63614,0.63606,0.63609,7.0,Interval.in_5_minute,55815600.0
828,2023-10-09 00:25:00,OANDA:AUDUSD,0.63609,0.63632,0.63608,0.63632,35.0,Interval.in_5_minute,55815900.0
829,2023-10-09 00:30:00,OANDA:AUDUSD,0.63632,0.6365,0.63629,0.63646,60.0,Interval.in_5_minute,55816200.0
830,2023-10-09 00:35:00,OANDA:AUDUSD,0.63646,0.63656,0.63629,0.63647,50.0,Interval.in_5_minute,55816500.0
831,2023-10-09 00:40:00,OANDA:AUDUSD,0.63647,0.6365,0.63622,0.63624,61.0,Interval.in_5_minute,55816800.0
832,2023-10-09 00:45:00,OANDA:AUDUSD,0.63624,0.63664,0.63596,0.63612,210.0,Interval.in_5_minute,55817100.0
833,2023-10-09 00:50:00,OANDA:AUDUSD,0.63612,0.63616,0.63606,0.63609,26.0,Interval.in_5_minute,55817400.0
834,2023-10-09 00:55:00,OANDA:AUDUSD,0.63609,0.6361,0.63558,0.63563,82.0,Interval.in_5_minute,55817700.0
835,2023-10-09 01:00:00,OANDA:AUDUSD,0.63563,0.6369,0.63563,0.63576,345.0,Interval.in_5_minute,55818000.0
836,2023-10-09 01:05:00,OANDA:AUDUSD,0.63576,0.63584,0.63496,0.63502,217.0,Interval.in_5_minute,55818300.0
837,2023-10-09 01:10:00,OANDA:AUDUSD,0.63502,0.6351,0.63446,0.63488,308.0,Interval.in_5_minute,55818600.0
838,2023-10-09 01:15:00,OANDA:AUDUSD,0.63488,0.63578,0.63476,0.63566,283.0,Interval.in_5_minute,55818900.0
839,2023-10-09 01:20:00,OANDA:AUDUSD,0.63566,0.63614,0.63556,0.63591,187.0,Interval.in_5_minute,55819200.0
840,2023-10-09 01:25:00,OANDA:AUDUSD,0.63591,0.63622,0.63582,0.63608,119.0,Interval.in_5_minute,55819500.0
841,2023-10-09 01:30:00,OANDA:AUDUSD,0.63608,0.63636,0.63597,0.63626,156.0,Interval.in_5_minute,55819800.0
842,2023-10-09 01:35:00,OANDA:AUDUSD,0.63626,0.63662,0.63622,0.63625,115.0,Interval.in_5_minute,55820100.0
843,2023-10-09 01:40:00,OANDA:AUDUSD,0.63625,0.63637,0.63602,0.63602,97.0,Interval.in_5_minute,55820400.0
844,2023-10-09 01:45:00,OANDA:AUDUSD,0.63602,0.63634,0.63602,0.63603,91.0,Interval.in_5_minute,55820700.0
845,2023-10-09 01:50:00,OANDA:AUDUSD,0.63603,0.6361,0.63566,0.63596,130.0,Interval.in_5_minute,55821000.0
846,2023-10-09 01:55:00,OANDA:AUDUSD,0.63596,0.63597,0.63564,0.63581,93.0,Interval.in_5_minute,55821300.0
847,2023-10-09 02:00:00,OANDA:AUDUSD,0.63581,0.63604,0.63576,0.6359,164.0,Interval.in_5_minute,55821600.0
848,2023-10-09 02:05:00,OANDA:AUDUSD,0.6359,0.63622,0.6357,0.63622,152.0,Interval.in_5_minute,55821900.0
849,2023-10-09 02:10:00,OANDA:AUDUSD,0.63622,0.63629,0.63612,0.63613,172.0,Interval.in_5_minute,55822200.0
850,2023-10-09 02:15:00,OANDA:AUDUSD,0.63613,0.63656,0.63612,0.63642,209.0,Interval.in_5_minute,55822500.0
851,2023-10-09 02:20:00,OANDA:AUDUSD,0.63642,0.63657,0.63628,0.63646,158.0,Interval.in_5_minute,55822800.0
852,2023-10-09 02:25:00,OANDA:AUDUSD,0.63646,0.63664,0.63643,0.63654,199.0,Interval.in_5_minute,55823100.0
853,2023-10-09 02:30:00,OANDA:AUDUSD,0.63654,0.63672,0.63654,0.63666,128.0,Interval.in_5_minute,55823400.0
854,2023-10-09 02:35:00,OANDA:AUDUSD,0.63666,0.63688,0.63663,0.6368,116.0,Interval.in_5_minute,55823700.0
855,2023-10-09 02:40:00,OANDA:AUDUSD,0.6368,0.6369,0.63677,0.63682,43.0,Interval.in_5_minute,55824000.0
856,2023-10-09 02:45:00,OANDA:AUDUSD,0.63682,0.63682,0.6362,0.63642,110.0,Interval.in_5_minute,55824300.0
857,2023-10-09 02:50:00,OANDA:AUDUSD,0.63642,0.63674,0.63641,0.63664,93.0,Interval.in_5_minute,55824600.0
858,2023-10-09 02:55:00,OANDA:AUDUSD,0.63664,0.63698,0.63656,0.63692,134.0,Interval.in_5_minute,55824900.0
859,2023-10-09 03:00:00,OANDA:AUDUSD,0.63692,0.63734,0.63684,0.63712,130.0,Interval.in_5_minute,55825200.0
860,2023-10-09 03:05:00,OANDA:AUDUSD,0.63712,0.63752,0.63704,0.63724,153.0,Interval.in_5_minute,55825500.0
861,2023-10-09 03:10:00,OANDA:AUDUSD,0.63724,0.63731,0.63686,0.63694,160.0,Interval.in_5_minute,55825800.0
862,2023-10-09 03:15:00,OANDA:AUDUSD,0.63694,0.6372,0.63685,0.6371,193.0,Interval.in_5_minute,55826100.0
863,2023-10-09 03:20:00,OANDA:AUDUSD,0.6371,0.63742,0.637,0.63734,119.0,Interval.in_5_minute,55826400.0
864,2023-10-09 03:25:00,OANDA:AUDUSD,0.63734,0.63748,0.6371,0.63721,106.0,Interval.in_5_minute,55826700.0
865,2023-10-09 03:30:00,OANDA:AUDUSD,0.63721,0.63722,0.6371,0.63722,93.0,Interval.in_5_minute,55827000.0
866,2023-10-09 03:35:00,OANDA:AUDUSD,0.63722,0.63741,0.63722,0.63738,128.0,Interval.in_5_minute,55827300.0
867,2023-10-09 03:40:00,OANDA:AUDUSD,0.63738,0.63766,0.6373,0.63742,128.0,Interval.in_5_minute,55827600.0
868,2023-10-09 03:45:00,OANDA:AUDUSD,0.63742,0.63765,0.63736,0.6376,124.0,Interval.in_5_minute,55827900.0
869,2023-10-09 03:50:00,OANDA:AUDUSD,0.6376,0.63788,0.63746,0.63786,152.0,Interval.in_5_minute,55828200.0
870,2023-10-09 03:55:00,OANDA:AUDUSD,0.63786,0.63806,0.63757,0.63806,207.0,Interval.in_5_minute,55828500.0
871,2023-10-09 04:00:00,OANDA:AUDUSD,0.63806,0.63812,0.63744,0.6375,419.0,Interval.in_5_minute,55828800.0
872,2023-10-09 04:05:00,OANDA:AUDUSD,0.6375,0.63766,0.6368,0.63704,336.0,Interval.in_5_minute,55829100.0
873,2023-10-09 04:10:00,OANDA:AUDUSD,0.63704,0.63706,0.63656,0.6366,292.0,Interval.in_5_minute,55829400.0
874,2023-10-09 04:15:00,OANDA:AUDUSD,0.6366,0.63688,0.63656,0.63674,225.0,Interval.in_5_minute,55829700.0
875,2023-10-09 04:20:00,OANDA:AUDUSD,0.63674,0.63688,0.63666,0.63682,140.0,Interval.in_5_minute,55830000.0
876,2023-10-09 04:25:00,OANDA:AUDUSD,0.63682,0.63693,0.6367,0.63685,98.0,Interval.in_5_minute,55830300.0
877,2023-10-09 04:30:00,OANDA:AUDUSD,0.63685,0.63685,0.63606,0.6364,220.0,Interval.in_5_minute,55830600.0
878,2023-10-09 04:35:00,OANDA:AUDUSD,0.6364,0.63662,0.63625,0.6364,151.0,Interval.in_5_minute,55830900.0
879,2023-10-09 04:40:00,OANDA:AUDUSD,0.6364,0.63644,0.6361,0.63634,212.0,Interval.in_5_minute,55831200.0
880,2023-10-09 04:45:00,OANDA:AUDUSD,0.63634,0.63656,0.63629,0.63656,158.0,Interval.in_5_minute,55831500.0
881,2023-10-09 04:50:00,OANDA:AUDUSD,0.63656,0.63676,0.63652,0.63673,167.0,Interval.in_5_minute,55831800.0
882,2023-10-09 04:55:00,OANDA:AUDUSD,0.63673,0.63702,0.63671,0.637,152.0,Interval.in_5_minute,55832100.0
883,2023-10-09 05:00:00,OANDA:AUDUSD,0.637,0.63712,0.63666,0.63672,151.0,Interval.in_5_minute,55832400.0
884,2023-10-09 05:05:00,OANDA:AUDUSD,0.63672,0.63696,0.6366,0.63689,147.0,Interval.in_5_minute,55832700.0
885,2023-10-09 05:10:00,OANDA:AUDUSD,0.63689,0.637,0.63682,0.63697,129.0,Interval.in_5_minute,55833000.0
886,2023-10-09 05:15:00,OANDA:AUDUSD,0.63697,0.63716,0.63696,0.63706,98.0,Interval.in_5_minute,55833300.0
887,2023-10-09 05:20:00,OANDA:AUDUSD,0.63706,0.63728,0.63702,0.63724,78.0,Interval.in_5_minute,55833600.0
888,2023-10-09 05:25:00,OANDA:AUDUSD,0.63724,0.63728,0.63704,0.63724,110.0,Interval.in_5_minute,55833900.0
889,2023-10-09 05:30:00,OANDA:AUDUSD,0.63724,0.63724,0.63676,0.63684,127.0,Interval.in_5_minute,55834200.0
890,2023-10-09 05:35:00,OANDA:AUDUSD,0.63684,0.63688,0.6366,0.63666,142.0,Interval.in_5_minute,55834500.0
891,2023-10-09 05:40:00,OANDA:AUDUSD,0.63666,0.63668,0.6365,0.63664,117.0,Interval.in_5_minute,55834800.0
892,2023-10-09 05:45:00,OANDA:AUDUSD,0.63664,0.63672,0.63661,0.63666,87.0,Interval.in_5_minute,55835100.0
893,2023-10-09 05:50:00,OANDA:AUDUSD,0.63666,0.63681,0.63664,0.63674,92.0,Interval.in_5_minute,55835400.0
894,2023-10-09 05:55:00,OANDA:AUDUSD,0.63674,0.6368,0.63644,0.6365,56.0,Interval.in_5_minute,55835700.0
895,2023-10-09 06:00:00,OANDA:AUDUSD,0.6365,0.6365,0.63624,0.63644,99.0,Interval.in_5_minute,55836000.0
896,2023-10-09 06:05:00,OANDA:AUDUSD,0.63644,0.63644,0.63614,0.6362,88.0,Interval.in_5_minute,55836300.0
897,2023-10-09 06:10:00,OANDA:AUDUSD,0.6362,0.6362,0.63578,0.63579,68.0,Interval.in_5_minute,55836600.0
898,2023-10-09 06:15:00,OANDA:AUDUSD,0.63579,0.63585,0.6356,0.63561,83.0,Interval.in_5_minute,55836900.0
899,2023-10-09 06:20:00,OANDA:AUDUSD,0.63561,0.63576,0.63558,0.63572,67.0,Interval.in_5_minute,55837200.0
900,2023-10-09 06:25:00,OANDA:AUDUSD,0.63572,0.63576,0.63561,0.63566,128.0,Interval.in_5_minute,55837500.0
901,2023-10-09 06:30:00,OANDA:AUDUSD,0.63566,0.6357,0.63542,0.63544,84.0,Interval.in_5_minute,55837800.0
902,2023-10-09 06:35:00,OANDA:AUDUSD,0.63544,0.63565,0.63541,0.63563,79.0,Interval.in_5_minute,55838100.0
903,2023-10-09 06:40:00,OANDA:AUDUSD,0.63563,0.63568,0.63556,0.63561,78.0,Interval.in_5_minute,55838400.0
904,2023-10-09 06:45:00,OANDA:AUDUSD,0.63561,0.63564,0.6354,0.6354,89.0,Interval.in_5_minute,55838700.0
905,2023-10-09 06:50:00,OANDA:AUDUSD,0.6354,0.63542,0.63532,0.63535,96.0,Interval.in_5_minute,55839000.0
906,2023-10-09 06:55:00,OANDA:AUDUSD,0.63535,0.63535,0.63507,0.6352,118.0,Interval.in_5_minute,55839300.0
907,2023-10-09 07:00:00,OANDA:AUDUSD,0.6352,0.63532,0.63518,0.63528,144.0,Interval.in_5_minute,55839600.0
908,2023-10-09 07:05:00,OANDA:AUDUSD,0.63528,0.63528,0.63478,0.63504,127.0,Interval.in_5_minute,55839900.0
909,2023-10-09 07:10:00,OANDA:AUDUSD,0.63504,0.63541,0.63504,0.6354,117.0,Interval.in_5_minute,55840200.0
910,2023-10-09 07:15:00,OANDA:AUDUSD,0.6354,0.63556,0.63538,0.63538,90.0,Interval.in_5_minute,55840500.0
911,2023-10-09 07:20:00,OANDA:AUDUSD,0.63538,0.63553,0.63534,0.6354,101.0,Interval.in_5_minute,55840800.0
912,2023-10-09 07:25:00,OANDA:AUDUSD,0.6354,0.63541,0.63522,0.63525,61.0,Interval.in_5_minute,55841100.0
913,2023-10-09 07:30:00,OANDA:AUDUSD,0.63525,0.63526,0.63482,0.63484,95.0,Interval.in_5_minute,55841400.0
914,2023-10-09 07:35:00,OANDA:AUDUSD,0.63484,0.63502,0.63484,0.63489,89.0,Interval.in_5_minute,55841700.0
915,2023-10-09 07:40:00,OANDA:AUDUSD,0.63489,0.63502,0.63487,0.6349,80.0,Interval.in_5_minute,55842000.0
916,2023-10-09 07:45:00,OANDA:AUDUSD,0.6349,0.63498,0.63474,0.63492,124.0,Interval.in_5_minute,55842300.0
917,2023-10-09 07:50:00,OANDA:AUDUSD,0.63492,0.63498,0.63479,0.63479,53.0,Interval.in_5_minute,55842600.0
918,2023-10-09 07:55:00,OANDA:AUDUSD,0.63479,0.63494,0.63474,0.63484,86.0,Interval.in_5_minute,55842900.0
919,2023-10-09 08:00:00,OANDA:AUDUSD,0.63484,0.63528,0.63482,0.63516,176.0,Interval.in_5_minute,55843200.0
920,2023-10-09 08:05:00,OANDA:AUDUSD,0.63516,0.63522,0.63486,0.63487,113.0,Interval.in_5_minute,55843500.0
921,2023-10-09 08:10:00,OANDA:AUDUSD,0.63487,0.635,0.6346,0.63466,123.0,Interval.in_5_minute,55843800.0
922,2023-10-09 08:15:00,OANDA:AUDUSD,0.63466,0.6349,0.63466,0.63478,118.0,Interval.in_5_minute,55844100.0
923,2023-10-09 08:20:00,OANDA:AUDUSD,0.63478,0.63485,0.63478,0.6348,94.0,Interval.in_5_minute,55844400.0
924,2023-10-09 08:25:00,OANDA:AUDUSD,0.6348,0.6349,0.63468,0.6349,58.0,Interval.in_5_minute,55844700.0
925,2023-10-09 08:30:00,OANDA:AUDUSD,0.6349,0.63506,0.63479,0.635,148.0,Interval.in_5_minute,55845000.0
926,2023-10-09 08:35:00,OANDA:AUDUSD,0.635,0.63528,0.63497,0.63528,130.0,Interval.in_5_minute,55845300.0
927,2023-10-09 08:40:00,OANDA:AUDUSD,0.63528,0.63584,0.63528,0.63537,262.0,Interval.in_5_minute,55845600.0
928,2023-10-09 08:45:00,OANDA:AUDUSD,0.63537,0.63556,0.63528,0.6355,117.0,Interval.in_5_minute,55845900.0
929,2023-10-09 08:50:00,OANDA:AUDUSD,0.6355,0.63572,0.6355,0.63564,195.0,Interval.in_5_minute,55846200.0
930,2023-10-09 08:55:00,OANDA:AUDUSD,0.63564,0.63574,0.63548,0.63556,152.0,Interval.in_5_minute,55846500.0
931,2023-10-09 09:00:00,OANDA:AUDUSD,0.63556,0.6358,0.63544,0.63576,297.0,Interval.in_5_minute,55846800.0
932,2023-10-09 09:05:00,OANDA:AUDUSD,0.63576,0.6361,0.63565,0.6361,242.0,Interval.in_5_minute,55847100.0
933,2023-10-09 09:10:00,OANDA:AUDUSD,0.6361,0.6363,0.63588,0.63614,207.0,Interval.in_5_minute,55847400.0
934,2023-10-09 09:15:00,OANDA:AUDUSD,0.63614,0.6362,0.63585,0.63604,207.0,Interval.in_5_minute,55847700.0
935,2023-10-09 09:20:00,OANDA:AUDUSD,0.63604,0.63616,0.63586,0.6359,243.0,Interval.in_5_minute,55848000.0
936,2023-10-09 09:25:00,OANDA:AUDUSD,0.6359,0.63596,0.63542,0.63559,214.0,Interval.in_5_minute,55848300.0
937,2023-10-09 09:30:00,OANDA:AUDUSD,0.63559,0.63559,0.63512,0.6352,246.0,Interval.in_5_minute,55848600.0
938,2023-10-09 09:35:00,OANDA:AUDUSD,0.6352,0.63548,0.63514,0.6353,239.0,Interval.in_5_minute,55848900.0
939,2023-10-09 09:40:00,OANDA:AUDUSD,0.6353,0.63542,0.63515,0.6353,221.0,Interval.in_5_minute,55849200.0
940,2023-10-09 09:45:00,OANDA:AUDUSD,0.6353,0.63543,0.63499,0.635,183.0,Interval.in_5_minute,55849500.0
941,2023-10-09 09:50:00,OANDA:AUDUSD,0.635,0.635,0.63454,0.63464,294.0,Interval.in_5_minute,55849800.0
942,2023-10-09 09:55:00,OANDA:AUDUSD,0.63464,0.63464,0.6344,0.63452,161.0,Interval.in_5_minute,55850100.0
943,2023-10-09 10:00:00,OANDA:AUDUSD,0.63452,0.63517,0.63428,0.63516,313.0,Interval.in_5_minute,55850400.0
944,2023-10-09 10:05:00,OANDA:AUDUSD,0.63516,0.63532,0.63478,0.63482,268.0,Interval.in_5_minute,55850700.0
945,2023-10-09 10:10:00,OANDA:AUDUSD,0.63482,0.63527,0.63482,0.63521,387.0,Interval.in_5_minute,55851000.0
946,2023-10-09 10:15:00,OANDA:AUDUSD,0.63521,0.63544,0.63492,0.63523,375.0,Interval.in_5_minute,55851300.0
947,2023-10-09 10:20:00,OANDA:AUDUSD,0.63523,0.63586,0.63516,0.63576,396.0,Interval.in_5_minute,55851600.0
948,2023-10-09 10:25:00,OANDA:AUDUSD,0.63576,0.63612,0.63574,0.63604,371.0,Interval.in_5_minute,55851900.0
949,2023-10-09 10:30:00,OANDA:AUDUSD,0.63604,0.63616,0.63563,0.6357,361.0,Interval.in_5_minute,55852200.0
950,2023-10-09 10:35:00,OANDA:AUDUSD,0.6357,0.63603,0.6357,0.63572,351.0,Interval.in_5_minute,55852500.0
951,2023-10-09 10:40:00,OANDA:AUDUSD,0.63572,0.63574,0.63515,0.6352,249.0,Interval.in_5_minute,55852800.0
952,2023-10-09 10:45:00,OANDA:AUDUSD,0.6352,0.63542,0.63509,0.63526,172.0,Interval.in_5_minute,55853100.0
953,2023-10-09 10:50:00,OANDA:AUDUSD,0.63526,0.63561,0.63518,0.63543,288.0,Interval.in_5_minute,55853400.0
954,2023-10-09 10:55:00,OANDA:AUDUSD,0.63543,0.63562,0.63543,0.63551,212.0,Interval.in_5_minute,55853700.0
955,2023-10-09 11:00:00,OANDA:AUDUSD,0.63551,0.63584,0.63536,0.63566,258.0,Interval.in_5_minute,55854000.0
956,2023-10-09 11:05:00,OANDA:AUDUSD,0.63566,0.63586,0.6354,0.63556,363.0,Interval.in_5_minute,55854300.0
957,2023-10-09 11:10:00,OANDA:AUDUSD,0.63556,0.6358,0.63556,0.63569,260.0,Interval.in_5_minute,55854600.0
958,2023-10-09 11:15:00,OANDA:AUDUSD,0.63569,0.63602,0.63566,0.636,186.0,Interval.in_5_minute,55854900.0
959,2023-10-09 11:20:00,OANDA:AUDUSD,0.636,0.63609,0.63556,0.63556,178.0,Interval.in_5_minute,55855200.0
960,2023-10-09 11:25:00,OANDA:AUDUSD,0.63556,0.63566,0.63541,0.63546,224.0,Interval.in_5_minute,55855500.0
961,2023-10-09 11:30:00,OANDA:AUDUSD,0.63546,0.63575,0.63546,0.6356,199.0,Interval.in_5_minute,55855800.0
962,2023-10-09 11:35:00,OANDA:AUDUSD,0.6356,0.63586,0.63546,0.63574,181.0,Interval.in_5_minute,55856100.0
963,2023-10-09 11:40:00,OANDA:AUDUSD,0.63574,0.6362,0.63574,0.63611,218.0,Interval.in_5_minute,55856400.0
964,2023-10-09 11:45:00,OANDA:AUDUSD,0.63611,0.63618,0.63583,0.63594,155.0,Interval.in_5_minute,55856700.0
965,2023-10-09 11:50:00,OANDA:AUDUSD,0.63594,0.63602,0.63588,0.63596,167.0,Interval.in_5_minute,55857000.0
966,2023-10-09 11:55:00,OANDA:AUDUSD,0.63596,0.63606,0.63586,0.63596,172.0,Interval.in_5_minute,55857300.0
967,2023-10-09 12:00:00,OANDA:AUDUSD,0.63596,0.63618,0.6359,0.63618,167.0,Interval.in_5_minute,55857600.0
968,2023-10-09 12:05:00,OANDA:AUDUSD,0.63618,0.63629,0.63602,0.63602,186.0,Interval.in_5_minute,55857900.0
969,2023-10-09 12:10:00,OANDA:AUDUSD,0.63602,0.63615,0.63592,0.63614,135.0,Interval.in_5_minute,55858200.0
970,2023-10-09 12:15:00,OANDA:AUDUSD,0.63614,0.63648,0.63614,0.63635,160.0,Interval.in_5_minute,55858500.0
971,2023-10-09 12:20:00,OANDA:AUDUSD,0.63635,0.63679,0.63632,0.63674,136.0,Interval.in_5_minute,55858800.0
972,2023-10-09 12:25:00,OANDA:AUDUSD,0.63674,0.6368,0.63654,0.63656,216.0,Interval.in_5_minute,55859100.0
973,2023-10-09 12:30:00,OANDA:AUDUSD,0.63656,0.63664,0.63644,0.63652,112.0,Interval.in_5_minute,55859400.0
974,2023-10-09 12:35:00,OANDA:AUDUSD,0.63652,0.63676,0.63649,0.6365,135.0,Interval.in_5_minute,55859700.0
975,2023-10-09 12:40:00,OANDA:AUDUSD,0.6365,0.6365,0.63627,0.63638,148.0,Interval.in_5_minute,55860000.0
976,2023-10-09 12:45:00,OANDA:AUDUSD,0.63638,0.63643,0.63616,0.63616,226.0,Interval.in_5_minute,55860300.0
977,2023-10-09 12:50:00,OANDA:AUDUSD,0.63616,0.63625,0.6361,0.63614,173.0,Interval.in_5_minute,55860600.0
978,2023-10-09 12:55:00,OANDA:AUDUSD,0.63614,0.63626,0.63608,0.63619,99.0,Interval.in_5_minute,55860900.0
979,2023-10-09 13:00:00,OANDA:AUDUSD,0.63619,0.63632,0.63613,0.6362,154.0,Interval.in_5_minute,55861200.0
980,2023-10-09 13:05:00,OANDA:AUDUSD,0.6362,0.63625,0.63596,0.63614,121.0,Interval.in_5_minute,55861500.0
981,2023-10-09 13:10:00,OANDA:AUDUSD,0.63614,0.63623,0.63609,0.63614,137.0,Interval.in_5_minute,55861800.0
982,2023-10-09 13:15:00,OANDA:AUDUSD,0.63614,0.63653,0.63608,0.63636,166.0,Interval.in_5_minute,55862100.0
983,2023-10-09 13:20:00,OANDA:AUDUSD,0.63636,0.6365,0.63617,0.63636,202.0,Interval.in_5_minute,55862400.0
984,2023-10-09 13:25:00,OANDA:AUDUSD,0.63636,0.63644,0.63626,0.63637,153.0,Interval.in_5_minute,55862700.0
985,2023-10-09 13:30:00,OANDA:AUDUSD,0.63637,0.63648,0.63627,0.6363,89.0,Interval.in_5_minute,55863000.0
986,2023-10-09 13:35:00,OANDA:AUDUSD,0.6363,0.63652,0.6361,0.6361,140.0,Interval.in_5_minute,55863300.0
987,2023-10-09 13:40:00,OANDA:AUDUSD,0.6361,0.63612,0.63584,0.63584,105.0,Interval.in_5_minute,55863600.0
988,2023-10-09 13:45:00,OANDA:AUDUSD,0.63584,0.6359,0.63574,0.6358,160.0,Interval.in_5_minute,55863900.0
989,2023-10-09 13:50:00,OANDA:AUDUSD,0.6358,0.63599,0.63576,0.63578,169.0,Interval.in_5_minute,55864200.0
990,2023-10-09 13:55:00,OANDA:AUDUSD,0.63578,0.63591,0.63564,0.63584,154.0,Interval.in_5_minute,55864500.0
991,2023-10-09 14:00:00,OANDA:AUDUSD,0.63584,0.63606,0.63584,0.63595,197.0,Interval.in_5_minute,55864800.0
992,2023-10-09 14:05:00,OANDA:AUDUSD,0.63595,0.63619,0.63595,0.63614,155.0,Interval.in_5_minute,55865100.0
993,2023-10-09 14:10:00,OANDA:AUDUSD,0.63614,0.63641,0.63612,0.63621,100.0,Interval.in_5_minute,55865400.0
994,2023-10-09 14:15:00,OANDA:AUDUSD,0.63621,0.63631,0.63615,0.63622,73.0,Interval.in_5_minute,55865700.0
995,2023-10-09 14:20:00,OANDA:AUDUSD,0.63622,0.63654,0.6362,0.63641,95.0,Interval.in_5_minute,55866000.0
996,2023-10-09 14:25:00,OANDA:AUDUSD,0.63641,0.6365,0.63627,0.6364,150.0,Interval.in_5_minute,55866300.0
997,2023-10-09 14:30:00,OANDA:AUDUSD,0.6364,0.63681,0.6364,0.63672,204.0,Interval.in_5_minute,55866600.0
998,2023-10-09 14:35:00,OANDA:AUDUSD,0.63672,0.6368,0.63666,0.63674,185.0,Interval.in_5_minute,55866900.0
999,2023-10-09 14:40:00,OANDA:AUDUSD,0.63674,0.63674,0.63614,0.63623,128.0,Interval.in_5_minute,55867200.0
1000,2023-10-09 14:45:00,OANDA:AUDUSD,0.63623,0.63658,0.63612,0.6365,211.0,Interval.in_5_minute,55867500.0
1001,2023-10-09 14:50:00,OANDA:AUDUSD,0.6365,0.63658,0.63645,0.63652,110.0,Interval.in_5_minute,55867800.0
1002,2023-10-09 14:55:00,OANDA:AUDUSD,0.63652,0.63652,0.63634,0.63645,119.0,Interval.in_5_minute,55868100.0
1003,2023-10-09 15:00:00,OANDA:AUDUSD,0.63645,0.63645,0.63605,0.63609,170.0,Interval.in_5_minute,55868400.0
1004,2023-10-09 15:05:00,OANDA:AUDUSD,0.63609,0.63652,0.63608,0.63646,138.0,Interval.in_5_minute,55868700.0
1005,2023-10-09 15:10:00,OANDA:AUDUSD,0.63646,0.63646,0.63613,0.63616,131.0,Interval.in_5_minute,55869000.0
1006,2023-10-09 15:15:00,OANDA:AUDUSD,0.63616,0.6363,0.63592,0.63604,164.0,Interval.in_5_minute,55869300.0
1007,2023-10-09 15:20:00,OANDA:AUDUSD,0.63604,0.6363,0.63594,0.63618,348.0,Interval.in_5_minute,55869600.0
1008,2023-10-09 15:25:00,OANDA:AUDUSD,0.63618,0.63654,0.63618,0.63654,217.0,Interval.in_5_minute,55869900.0
1009,2023-10-09 15:30:00,OANDA:AUDUSD,0.63654,0.63654,0.63618,0.63619,225.0,Interval.in_5_minute,55870200.0
1010,2023-10-09 15:35:00,OANDA:AUDUSD,0.63619,0.63634,0.63575,0.63578,255.0,Interval.in_5_minute,55870500.0
1011,2023-10-09 15:40:00,OANDA:AUDUSD,0.63578,0.63599,0.63572,0.63579,230.0,Interval.in_5_minute,55870800.0
1012,2023-10-09 15:45:00,OANDA:AUDUSD,0.63579,0.63613,0.63561,0.63609,222.0,Interval.in_5_minute,55871100.0
1013,2023-10-09 15:50:00,OANDA:AUDUSD,0.63609,0.63686,0.63609,0.63674,195.0,Interval.in_5_minute,55871400.0
1014,2023-10-09 15:55:00,OANDA:AUDUSD,0.63674,0.63689,0.6366,0.63673,237.0,Interval.in_5_minute,55871700.0
1015,2023-10-09 16:00:00,OANDA:AUDUSD,0.63673,0.6375,0.6367,0.63739,495.0,Interval.in_5_minute,55872000.0
1016,2023-10-09 16:05:00,OANDA:AUDUSD,0.63739,0.63742,0.63672,0.637,343.0,Interval.in_5_minute,55872300.0
1017,2023-10-09 16:10:00,OANDA:AUDUSD,0.637,0.63724,0.63696,0.63716,265.0,Interval.in_5_minute,55872600.0
1018,2023-10-09 16:15:00,OANDA:AUDUSD,0.63716,0.6372,0.63683,0.63706,301.0,Interval.in_5_minute,55872900.0
1019,2023-10-09 16:20:00,OANDA:AUDUSD,0.63706,0.63742,0.63706,0.6373,269.0,Interval.in_5_minute,55873200.0
1020,2023-10-09 16:25:00,OANDA:AUDUSD,0.6373,0.63754,0.63728,0.63746,211.0,Interval.in_5_minute,55873500.0
1021,2023-10-09 16:30:00,OANDA:AUDUSD,0.63746,0.6378,0.6373,0.6373,426.0,Interval.in_5_minute,55873800.0
1022,2023-10-09 16:35:00,OANDA:AUDUSD,0.6373,0.63786,0.63721,0.63784,325.0,Interval.in_5_minute,55874100.0
1023,2023-10-09 16:40:00,OANDA:AUDUSD,0.63784,0.63804,0.6376,0.63795,375.0,Interval.in_5_minute,55874400.0
1024,2023-10-09 16:45:00,OANDA:AUDUSD,0.63795,0.63818,0.63762,0.63794,383.0,Interval.in_5_minute,55874700.0
1025,2023-10-09 16:50:00,OANDA:AUDUSD,0.63794,0.63832,0.63768,0.63828,314.0,Interval.in_5_minute,55875000.0
1026,2023-10-09 16:55:00,OANDA:AUDUSD,0.63828,0.63835,0.6379,0.63794,284.0,Interval.in_5_minute,55875300.0
1027,2023-10-09 17:00:00,OANDA:AUDUSD,0.63794,0.63824,0.6374,0.63748,384.0,Interval.in_5_minute,55875600.0
1028,2023-10-09 17:05:00,OANDA:AUDUSD,0.63748,0.63783,0.63731,0.63782,337.0,Interval.in_5_minute,55875900.0
1029,2023-10-09 17:10:00,OANDA:AUDUSD,0.63782,0.63814,0.63766,0.63814,371.0,Interval.in_5_minute,55876200.0
1030,2023-10-09 17:15:00,OANDA:AUDUSD,0.63814,0.63837,0.63809,0.63818,274.0,Interval.in_5_minute,55876500.0
1031,2023-10-09 17:20:00,OANDA:AUDUSD,0.63818,0.63842,0.63811,0.63838,244.0,Interval.in_5_minute,55876800.0
1032,2023-10-09 17:25:00,OANDA:AUDUSD,0.63838,0.63862,0.63817,0.6382,303.0,Interval.in_5_minute,55877100.0
1033,2023-10-09 17:30:00,OANDA:AUDUSD,0.6382,0.63859,0.63812,0.63831,307.0,Interval.in_5_minute,55877400.0
1034,2023-10-09 17:35:00,OANDA:AUDUSD,0.63831,0.6385,0.63822,0.63822,215.0,Interval.in_5_minute,55877700.0
1035,2023-10-09 17:40:00,OANDA:AUDUSD,0.63822,0.63826,0.63788,0.63822,257.0,Interval.in_5_minute,55878000.0
1036,2023-10-09 17:45:00,OANDA:AUDUSD,0.63822,0.63838,0.63774,0.63781,331.0,Interval.in_5_minute,55878300.0
1037,2023-10-09 17:50:00,OANDA:AUDUSD,0.63781,0.63786,0.63739,0.63779,283.0,Interval.in_5_minute,55878600.0
1038,2023-10-09 17:55:00,OANDA:AUDUSD,0.63779,0.63784,0.63762,0.63763,188.0,Interval.in_5_minute,55878900.0
1039,2023-10-09 18:00:00,OANDA:AUDUSD,0.63763,0.63786,0.63744,0.63784,194.0,Interval.in_5_minute,55879200.0
1040,2023-10-09 18:05:00,OANDA:AUDUSD,0.63784,0.63808,0.63782,0.63796,227.0,Interval.in_5_minute,55879500.0
1041,2023-10-09 18:10:00,OANDA:AUDUSD,0.63796,0.63802,0.6377,0.6379,251.0,Interval.in_5_minute,55879800.0
1042,2023-10-09 18:15:00,OANDA:AUDUSD,0.6379,0.63805,0.63772,0.63789,215.0,Interval.in_5_minute,55880100.0
1043,2023-10-09 18:20:00,OANDA:AUDUSD,0.63789,0.63791,0.63754,0.63761,168.0,Interval.in_5_minute,55880400.0
1044,2023-10-09 18:25:00,OANDA:AUDUSD,0.63761,0.638,0.63756,0.638,131.0,Interval.in_5_minute,55880700.0
1045,2023-10-09 18:30:00,OANDA:AUDUSD,0.638,0.63817,0.63799,0.63811,116.0,Interval.in_5_minute,55881000.0
1046,2023-10-09 18:35:00,OANDA:AUDUSD,0.63811,0.6384,0.63805,0.63838,123.0,Interval.in_5_minute,55881300.0
1047,2023-10-09 18:40:00,OANDA:AUDUSD,0.63838,0.63841,0.63812,0.6382,148.0,Interval.in_5_minute,55881600.0
1048,2023-10-09 18:45:00,OANDA:AUDUSD,0.6382,0.63822,0.6379,0.63817,144.0,Interval.in_5_minute,55881900.0
1049,2023-10-09 18:50:00,OANDA:AUDUSD,0.63817,0.63819,0.63808,0.63812,118.0,Interval.in_5_minute,55882200.0
1050,2023-10-09 18:55:00,OANDA:AUDUSD,0.63812,0.63814,0.63781,0.6379,158.0,Interval.in_5_minute,55882500.0
1051,2023-10-09 19:00:00,OANDA:AUDUSD,0.6379,0.63794,0.63754,0.63754,171.0,Interval.in_5_minute,55882800.0
1052,2023-10-09 19:05:00,OANDA:AUDUSD,0.63754,0.63803,0.63754,0.63782,151.0,Interval.in_5_minute,55883100.0
1053,2023-10-09 19:10:00,OANDA:AUDUSD,0.63782,0.6379,0.63754,0.63756,183.0,Interval.in_5_minute,55883400.0
1054,2023-10-09 19:15:00,OANDA:AUDUSD,0.63756,0.63762,0.63745,0.63762,194.0,Interval.in_5_minute,55883700.0
1055,2023-10-09 19:20:00,OANDA:AUDUSD,0.63762,0.63795,0.63761,0.63774,181.0,Interval.in_5_minute,55884000.0
1056,2023-10-09 19:25:00,OANDA:AUDUSD,0.63774,0.63784,0.63754,0.63758,146.0,Interval.in_5_minute,55884300.0
1057,2023-10-09 19:30:00,OANDA:AUDUSD,0.63758,0.63776,0.63756,0.63765,122.0,Interval.in_5_minute,55884600.0
1058,2023-10-09 19:35:00,OANDA:AUDUSD,0.63765,0.63765,0.63746,0.63759,150.0,Interval.in_5_minute,55884900.0
1059,2023-10-09 19:40:00,OANDA:AUDUSD,0.63759,0.6377,0.63754,0.63764,131.0,Interval.in_5_minute,55885200.0
1060,2023-10-09 19:45:00,OANDA:AUDUSD,0.63764,0.63784,0.63757,0.63778,93.0,Interval.in_5_minute,55885500.0
1061,2023-10-09 19:50:00,OANDA:AUDUSD,0.63778,0.63785,0.6376,0.63763,98.0,Interval.in_5_minute,55885800.0
1062,2023-10-09 19:55:00,OANDA:AUDUSD,0.63763,0.63779,0.63754,0.63776,176.0,Interval.in_5_minute,55886100.0
1063,2023-10-09 20:00:00,OANDA:AUDUSD,0.63776,0.63788,0.6377,0.63773,162.0,Interval.in_5_minute,55886400.0
1064,2023-10-09 20:05:00,OANDA:AUDUSD,0.63773,0.63794,0.63769,0.63788,155.0,Interval.in_5_minute,55886700.0
1065,2023-10-09 20:10:00,OANDA:AUDUSD,0.63788,0.63788,0.63768,0.63777,107.0,Interval.in_5_minute,55887000.0
1066,2023-10-09 20:15:00,OANDA:AUDUSD,0.63777,0.63796,0.63777,0.63784,112.0,Interval.in_5_minute,55887300.0
1067,2023-10-09 20:20:00,OANDA:AUDUSD,0.63784,0.63796,0.63774,0.63796,97.0,Interval.in_5_minute,55887600.0
1068,2023-10-09 20:25:00,OANDA:AUDUSD,0.63796,0.63812,0.63796,0.638,112.0,Interval.in_5_minute,55887900.0
1069,2023-10-09 20:30:00,OANDA:AUDUSD,0.638,0.6388,0.638,0.63872,269.0,Interval.in_5_minute,55888200.0
1070,2023-10-09 20:35:00,OANDA:AUDUSD,0.63872,0.63918,0.6386,0.63917,106.0,Interval.in_5_minute,55888500.0
1071,2023-10-09 20:40:00,OANDA:AUDUSD,0.63917,0.63981,0.63917,0.63979,180.0,Interval.in_5_minute,55888800.0
1072,2023-10-09 20:45:00,OANDA:AUDUSD,0.63979,0.64006,0.63973,0.63978,250.0,Interval.in_5_minute,55889100.0
1073,2023-10-09 20:50:00,OANDA:AUDUSD,0.63978,0.63999,0.63975,0.63988,172.0,Interval.in_5_minute,55889400.0
1074,2023-10-09 20:55:00,OANDA:AUDUSD,0.63988,0.6402,0.63987,0.64014,150.0,Interval.in_5_minute,55889700.0
1075,2023-10-09 21:00:00,OANDA:AUDUSD,0.64014,0.6406,0.64011,0.64058,221.0,Interval.in_5_minute,55890000.0
1076,2023-10-09 21:05:00,OANDA:AUDUSD,0.64058,0.64088,0.64054,0.64061,164.0,Interval.in_5_minute,55890300.0
1077,2023-10-09 21:10:00,OANDA:AUDUSD,0.64061,0.64078,0.64054,0.64074,120.0,Interval.in_5_minute,55890600.0
1078,2023-10-09 21:15:00,OANDA:AUDUSD,0.64074,0.64082,0.64068,0.64073,101.0,Interval.in_5_minute,55890900.0
1079,2023-10-09 21:20:00,OANDA:AUDUSD,0.64073,0.64082,0.6407,0.64082,96.0,Interval.in_5_minute,55891200.0
1080,2023-10-09 21:25:00,OANDA:AUDUSD,0.64082,0.64094,0.64078,0.6409,86.0,Interval.in_5_minute,55891500.0
1081,2023-10-09 21:30:00,OANDA:AUDUSD,0.6409,0.64098,0.6407,0.64078,114.0,Interval.in_5_minute,55891800.0
1082,2023-10-09 21:35:00,OANDA:AUDUSD,0.64078,0.64089,0.64064,0.64088,110.0,Interval.in_5_minute,55892100.0
1083,2023-10-09 21:40:00,OANDA:AUDUSD,0.64088,0.64121,0.64086,0.64102,108.0,Interval.in_5_minute,55892400.0
1084,2023-10-09 21:45:00,OANDA:AUDUSD,0.64102,0.64102,0.64082,0.64082,114.0,Interval.in_5_minute,55892700.0
1085,2023-10-09 21:50:00,OANDA:AUDUSD,0.64082,0.64106,0.64082,0.64101,130.0,Interval.in_5_minute,55893000.0
1086,2023-10-09 21:55:00,OANDA:AUDUSD,0.64101,0.64132,0.641,0.64122,190.0,Interval.in_5_minute,55893300.0
1087,2023-10-09 22:00:00,OANDA:AUDUSD,0.64122,0.6415,0.6412,0.64137,164.0,Interval.in_5_minute,55893600.0
1088,2023-10-09 22:05:00,OANDA:AUDUSD,0.64137,0.64143,0.64118,0.6412,142.0,Interval.in_5_minute,55893900.0
1089,2023-10-09 22:10:00,OANDA:AUDUSD,0.6412,0.64132,0.64116,0.6412,144.0,Interval.in_5_minute,55894200.0
1090,2023-10-09 22:15:00,OANDA:AUDUSD,0.6412,0.64136,0.64113,0.64127,156.0,Interval.in_5_minute,55894500.0
1091,2023-10-09 22:20:00,OANDA:AUDUSD,0.64127,0.64138,0.64124,0.64125,191.0,Interval.in_5_minute,55894800.0
1092,2023-10-09 22:25:00,OANDA:AUDUSD,0.64125,0.64135,0.64124,0.6413,123.0,Interval.in_5_minute,55895100.0
1093,2023-10-09 22:30:00,OANDA:AUDUSD,0.6413,0.6413,0.64108,0.6411,188.0,Interval.in_5_minute,55895400.0
1094,2023-10-09 22:35:00,OANDA:AUDUSD,0.6411,0.64116,0.64094,0.6411,95.0,Interval.in_5_minute,55895700.0
1095,2023-10-09 22:40:00,OANDA:AUDUSD,0.6411,0.64118,0.64096,0.64107,71.0,Interval.in_5_minute,55896000.0
1096,2023-10-09 22:45:00,OANDA:AUDUSD,0.64107,0.64115,0.64099,0.64109,96.0,Interval.in_5_minute,55896300.0
1097,2023-10-09 22:50:00,OANDA:AUDUSD,0.64109,0.64122,0.64105,0.64122,119.0,Interval.in_5_minute,55896600.0
1098,2023-10-09 22:55:00,OANDA:AUDUSD,0.64122,0.64132,0.6412,0.6413,149.0,Interval.in_5_minute,55896900.0
1099,2023-10-09 23:00:00,OANDA:AUDUSD,0.6413,0.64147,0.6413,0.64146,81.0,Interval.in_5_minute,55897200.0
1100,2023-10-09 23:05:00,OANDA:AUDUSD,0.64146,0.64146,0.64126,0.64126,59.0,Interval.in_5_minute,55897500.0
1101,2023-10-09 23:10:00,OANDA:AUDUSD,0.64126,0.64127,0.6411,0.6412,34.0,Interval.in_5_minute,55897800.0
1102,2023-10-09 23:15:00,OANDA:AUDUSD,0.6412,0.6412,0.64114,0.64118,55.0,Interval.in_5_minute,55898100.0
1103,2023-10-09 23:20:00,OANDA:AUDUSD,0.64118,0.6412,0.64104,0.6411,94.0,Interval.in_5_minute,55898400.0
1104,2023-10-09 23:25:00,OANDA:AUDUSD,0.6411,0.64112,0.641,0.64106,27.0,Interval.in_5_minute,55898700.0
1105,2023-10-09 23:30:00,OANDA:AUDUSD,0.64106,0.6411,0.64098,0.64098,39.0,Interval.in_5_minute,55899000.0
1106,2023-10-09 23:35:00,OANDA:AUDUSD,0.64098,0.64104,0.64096,0.64097,52.0,Interval.in_5_minute,55899300.0
1107,2023-10-09 23:40:00,OANDA:AUDUSD,0.64097,0.64104,0.64096,0.64102,72.0,Interval.in_5_minute,55899600.0
1108,2023-10-09 23:45:00,OANDA:AUDUSD,0.64102,0.64105,0.641,0.641,50.0,Interval.in_5_minute,55899900.0
1109,2023-10-09 23:50:00,OANDA:AUDUSD,0.641,0.64114,0.641,0.64106,54.0,Interval.in_5_minute,55900200.0
1110,2023-10-09 23:55:00,OANDA:AUDUSD,0.64106,0.64123,0.64102,0.64118,37.0,Interval.in_5_minute,55900500.0
1111,2023-10-10 00:00:00,OANDA:AUDUSD,0.64118,0.64125,0.64104,0.64118,15.0,Interval.in_5_minute,55900800.0
1112,2023-10-10 00:05:00,OANDA:AUDUSD,0.64118,0.64136,0.64112,0.64112,53.0,Interval.in_5_minute,55901100.0
1113,2023-10-10 00:10:00,OANDA:AUDUSD,0.64112,0.64118,0.64112,0.64112,4.0,Interval.in_5_minute,55901400.0
1114,2023-10-10 00:15:00,OANDA:AUDUSD,0.64112,0.64123,0.64096,0.64102,36.0,Interval.in_5_minute,55901700.0
1115,2023-10-10 00:20:00,OANDA:AUDUSD,0.64102,0.64106,0.6409,0.64097,39.0,Interval.in_5_minute,55902000.0
1116,2023-10-10 00:25:00,OANDA:AUDUSD,0.64097,0.64097,0.64093,0.64093,10.0,Interval.in_5_minute,55902300.0
1117,2023-10-10 00:30:00,OANDA:AUDUSD,0.64093,0.64096,0.64091,0.64094,47.0,Interval.in_5_minute,55902600.0
1118,2023-10-10 00:35:00,OANDA:AUDUSD,0.64094,0.64102,0.64093,0.641,54.0,Interval.in_5_minute,55902900.0
1119,2023-10-10 00:40:00,OANDA:AUDUSD,0.641,0.64102,0.64095,0.64096,60.0,Interval.in_5_minute,55903200.0
1120,2023-10-10 00:45:00,OANDA:AUDUSD,0.64096,0.64104,0.64088,0.64104,58.0,Interval.in_5_minute,55903500.0
1121,2023-10-10 00:50:00,OANDA:AUDUSD,0.64104,0.64105,0.64094,0.64099,60.0,Interval.in_5_minute,55903800.0
1122,2023-10-10 00:55:00,OANDA:AUDUSD,0.64099,0.64106,0.64091,0.64096,95.0,Interval.in_5_minute,55904100.0
1123,2023-10-10 01:00:00,OANDA:AUDUSD,0.64096,0.6412,0.64096,0.64116,53.0,Interval.in_5_minute,55904400.0
1124,2023-10-10 01:05:00,OANDA:AUDUSD,0.64116,0.64116,0.64106,0.64106,6.0,Interval.in_5_minute,55904700.0
1125,2023-10-10 01:10:00,OANDA:AUDUSD,0.64106,0.64122,0.64092,0.64116,75.0,Interval.in_5_minute,55905000.0
1126,2023-10-10 01:15:00,OANDA:AUDUSD,0.64116,0.64122,0.64106,0.64112,47.0,Interval.in_5_minute,55905300.0
1127,2023-10-10 01:20:00,OANDA:AUDUSD,0.64112,0.6413,0.64112,0.64126,50.0,Interval.in_5_minute,55905600.0
1128,2023-10-10 01:25:00,OANDA:AUDUSD,0.64126,0.6413,0.64116,0.64124,48.0,Interval.in_5_minute,55905900.0
1129,2023-10-10 01:30:00,OANDA:AUDUSD,0.64124,0.64138,0.64124,0.64138,27.0,Interval.in_5_minute,55906200.0
1130,2023-10-10 01:35:00,OANDA:AUDUSD,0.64138,0.64138,0.6413,0.6413,23.0,Interval.in_5_minute,55906500.0
1131,2023-10-10 01:40:00,OANDA:AUDUSD,0.6413,0.64141,0.6413,0.64138,28.0,Interval.in_5_minute,55906800.0
1132,2023-10-10 01:45:00,OANDA:AUDUSD,0.64138,0.6414,0.64134,0.64139,14.0,Interval.in_5_minute,55907100.0
1133,2023-10-10 01:50:00,OANDA:AUDUSD,0.64139,0.64139,0.64126,0.64128,16.0,Interval.in_5_minute,55907400.0
1134,2023-10-10 01:55:00,OANDA:AUDUSD,0.64128,0.6413,0.64101,0.64103,49.0,Interval.in_5_minute,55907700.0
1135,2023-10-10 02:00:00,OANDA:AUDUSD,0.64103,0.64113,0.64101,0.64112,50.0,Interval.in_5_minute,55908000.0
1136,2023-10-10 02:05:00,OANDA:AUDUSD,0.64112,0.64124,0.64112,0.64118,28.0,Interval.in_5_minute,55908300.0
1137,2023-10-10 02:10:00,OANDA:AUDUSD,0.64118,0.64152,0.64118,0.64152,71.0,Interval.in_5_minute,55908600.0
1138,2023-10-10 02:15:00,OANDA:AUDUSD,0.64152,0.64156,0.64144,0.64149,54.0,Interval.in_5_minute,55908900.0
1139,2023-10-10 02:20:00,OANDA:AUDUSD,0.64149,0.64152,0.6414,0.64144,71.0,Interval.in_5_minute,55909200.0
1140,2023-10-10 02:25:00,OANDA:AUDUSD,0.64144,0.64147,0.64131,0.64134,43.0,Interval.in_5_minute,55909500.0
1141,2023-10-10 02:30:00,OANDA:AUDUSD,0.64134,0.64151,0.64134,0.6415,67.0,Interval.in_5_minute,55909800.0
1142,2023-10-10 02:35:00,OANDA:AUDUSD,0.6415,0.64178,0.64146,0.64176,61.0,Interval.in_5_minute,55910100.0
1143,2023-10-10 02:40:00,OANDA:AUDUSD,0.64176,0.64196,0.64174,0.64184,113.0,Interval.in_5_minute,55910400.0
1144,2023-10-10 02:45:00,OANDA:AUDUSD,0.64184,0.64207,0.64183,0.64188,96.0,Interval.in_5_minute,55910700.0
1145,2023-10-10 02:50:00,OANDA:AUDUSD,0.64188,0.64214,0.64182,0.64214,105.0,Interval.in_5_minute,55911000.0
1146,2023-10-10 02:55:00,OANDA:AUDUSD,0.64214,0.64234,0.64206,0.64214,129.0,Interval.in_5_minute,55911300.0
1147,2023-10-10 03:00:00,OANDA:AUDUSD,0.64214,0.64264,0.64212,0.64246,304.0,Interval.in_5_minute,55911600.0
1148,2023-10-10 03:05:00,OANDA:AUDUSD,0.64246,0.64276,0.64246,0.6425,203.0,Interval.in_5_minute,55911900.0
1149,2023-10-10 03:10:00,OANDA:AUDUSD,0.6425,0.6425,0.64192,0.64203,253.0,Interval.in_5_minute,55912200.0
1150,2023-10-10 03:15:00,OANDA:AUDUSD,0.64203,0.64218,0.64165,0.64204,233.0,Interval.in_5_minute,55912500.0
1151,2023-10-10 03:20:00,OANDA:AUDUSD,0.64204,0.64219,0.64188,0.64201,185.0,Interval.in_5_minute,55912800.0
1152,2023-10-10 03:25:00,OANDA:AUDUSD,0.64201,0.64226,0.64201,0.64218,108.0,Interval.in_5_minute,55913100.0
1153,2023-10-10 03:30:00,OANDA:AUDUSD,0.64218,0.64226,0.64188,0.64193,214.0,Interval.in_5_minute,55913400.0
1154,2023-10-10 03:35:00,OANDA:AUDUSD,0.64193,0.642,0.64162,0.64191,189.0,Interval.in_5_minute,55913700.0
1155,2023-10-10 03:40:00,OANDA:AUDUSD,0.64191,0.64206,0.64178,0.64194,155.0,Interval.in_5_minute,55914000.0
1156,2023-10-10 03:45:00,OANDA:AUDUSD,0.64194,0.64203,0.64182,0.64196,194.0,Interval.in_5_minute,55914300.0
1157,2023-10-10 03:50:00,OANDA:AUDUSD,0.64196,0.64206,0.6419,0.64205,144.0,Interval.in_5_minute,55914600.0
1158,2023-10-10 03:55:00,OANDA:AUDUSD,0.64205,0.64216,0.6416,0.64174,306.0,Interval.in_5_minute,55914900.0
1159,2023-10-10 04:00:00,OANDA:AUDUSD,0.64174,0.64227,0.64172,0.64212,214.0,Interval.in_5_minute,55915200.0
1160,2023-10-10 04:05:00,OANDA:AUDUSD,0.64212,0.64228,0.64192,0.64204,202.0,Interval.in_5_minute,55915500.0
1161,2023-10-10 04:10:00,OANDA:AUDUSD,0.64204,0.64248,0.64199,0.64247,214.0,Interval.in_5_minute,55915800.0
1162,2023-10-10 04:15:00,OANDA:AUDUSD,0.64247,0.64315,0.64247,0.64284,415.0,Interval.in_5_minute,55916100.0
1163,2023-10-10 04:20:00,OANDA:AUDUSD,0.64284,0.64324,0.64284,0.6432,228.0,Interval.in_5_minute,55916400.0
1164,2023-10-10 04:25:00,OANDA:AUDUSD,0.6432,0.64331,0.643,0.6431,220.0,Interval.in_5_minute,55916700.0
1165,2023-10-10 04:30:00,OANDA:AUDUSD,0.6431,0.64324,0.64286,0.64305,400.0,Interval.in_5_minute,55917000.0
1166,2023-10-10 04:35:00,OANDA:AUDUSD,0.64305,0.64313,0.64274,0.64285,371.0,Interval.in_5_minute,55917300.0
1167,2023-10-10 04:40:00,OANDA:AUDUSD,0.64285,0.64304,0.64254,0.64256,274.0,Interval.in_5_minute,55917600.0
1168,2023-10-10 04:45:00,OANDA:AUDUSD,0.64256,0.6427,0.64244,0.64264,188.0,Interval.in_5_minute,55917900.0
1169,2023-10-10 04:50:00,OANDA:AUDUSD,0.64264,0.64276,0.64256,0.64256,198.0,Interval.in_5_minute,55918200.0
1170,2023-10-10 04:55:00,OANDA:AUDUSD,0.64256,0.64258,0.64239,0.64244,217.0,Interval.in_5_minute,55918500.0
1171,2023-10-10 05:00:00,OANDA:AUDUSD,0.64244,0.6426,0.64241,0.64252,159.0,Interval.in_5_minute,55918800.0
1172,2023-10-10 05:05:00,OANDA:AUDUSD,0.64252,0.64296,0.64246,0.64279,175.0,Interval.in_5_minute,55919100.0
1173,2023-10-10 05:10:00,OANDA:AUDUSD,0.64279,0.6428,0.64241,0.64241,117.0,Interval.in_5_minute,55919400.0
1174,2023-10-10 05:15:00,OANDA:AUDUSD,0.64241,0.64264,0.6424,0.64256,150.0,Interval.in_5_minute,55919700.0
1175,2023-10-10 05:20:00,OANDA:AUDUSD,0.64256,0.6426,0.64197,0.64202,126.0,Interval.in_5_minute,55920000.0
1176,2023-10-10 05:25:00,OANDA:AUDUSD,0.64202,0.64237,0.64202,0.64236,140.0,Interval.in_5_minute,55920300.0
1177,2023-10-10 05:30:00,OANDA:AUDUSD,0.64236,0.6424,0.64194,0.64197,156.0,Interval.in_5_minute,55920600.0
1178,2023-10-10 05:35:00,OANDA:AUDUSD,0.64197,0.64218,0.64176,0.64216,192.0,Interval.in_5_minute,55920900.0
1179,2023-10-10 05:40:00,OANDA:AUDUSD,0.64216,0.64235,0.64204,0.64217,203.0,Interval.in_5_minute,55921200.0
1180,2023-10-10 05:45:00,OANDA:AUDUSD,0.64217,0.64218,0.64156,0.64158,164.0,Interval.in_5_minute,55921500.0
1181,2023-10-10 05:50:00,OANDA:AUDUSD,0.64158,0.64158,0.64134,0.64136,253.0,Interval.in_5_minute,55921800.0
1182,2023-10-10 05:55:00,OANDA:AUDUSD,0.64136,0.64142,0.64117,0.64117,205.0,Interval.in_5_minute,55922100.0
1183,2023-10-10 06:00:00,OANDA:AUDUSD,0.64117,0.64127,0.64103,0.64126,153.0,Interval.in_5_minute,55922400.0
1184,2023-10-10 06:05:00,OANDA:AUDUSD,0.64126,0.64146,0.64126,0.64129,105.0,Interval.in_5_minute,55922700.0
1185,2023-10-10 06:10:00,OANDA:AUDUSD,0.64129,0.64164,0.64129,0.64159,137.0,Interval.in_5_minute,55923000.0
1186,2023-10-10 06:15:00,OANDA:AUDUSD,0.64159,0.6416,0.64132,0.64152,138.0,Interval.in_5_minute,55923300.0
1187,2023-10-10 06:20:00,OANDA:AUDUSD,0.64152,0.64152,0.64136,0.6415,149.0,Interval.in_5_minute,55923600.0
1188,2023-10-10 06:25:00,OANDA:AUDUSD,0.6415,0.64172,0.64142,0.64172,129.0,Interval.in_5_minute,55923900.0
1189,2023-10-10 06:30:00,OANDA:AUDUSD,0.64172,0.6418,0.6415,0.6415,131.0,Interval.in_5_minute,55924200.0
1190,2023-10-10 06:35:00,OANDA:AUDUSD,0.6415,0.64174,0.64148,0.64164,167.0,Interval.in_5_minute,55924500.0
1191,2023-10-10 06:40:00,OANDA:AUDUSD,0.64164,0.6417,0.64151,0.64166,156.0,Interval.in_5_minute,55924800.0
1192,2023-10-10 06:45:00,OANDA:AUDUSD,0.64166,0.64166,0.64154,0.6416,129.0,Interval.in_5_minute,55925100.0
1193,2023-10-10 06:50:00,OANDA:AUDUSD,0.6416,0.64166,0.64152,0.64166,110.0,Interval.in_5_minute,55925400.0
1194,2023-10-10 06:55:00,OANDA:AUDUSD,0.64166,0.64168,0.64151,0.64151,200.0,Interval.in_5_minute,55925700.0
1195,2023-10-10 07:00:00,OANDA:AUDUSD,0.64151,0.64152,0.64114,0.6412,129.0,Interval.in_5_minute,55926000.0
1196,2023-10-10 07:05:00,OANDA:AUDUSD,0.6412,0.64135,0.64115,0.64131,109.0,Interval.in_5_minute,55926300.0
1197,2023-10-10 07:10:00,OANDA:AUDUSD,0.64131,0.64145,0.6412,0.64126,87.0,Interval.in_5_minute,55926600.0
1198,2023-10-10 07:15:00,OANDA:AUDUSD,0.64126,0.64126,0.6409,0.64097,227.0,Interval.in_5_minute,55926900.0
1199,2023-10-10 07:20:00,OANDA:AUDUSD,0.64097,0.64116,0.64096,0.64115,163.0,Interval.in_5_minute,55927200.0
1200,2023-10-10 07:25:00,OANDA:AUDUSD,0.64115,0.6413,0.64112,0.64122,93.0,Interval.in_5_minute,55927500.0
1201,2023-10-10 07:30:00,OANDA:AUDUSD,0.64122,0.64135,0.64118,0.64134,133.0,Interval.in_5_minute,55927800.0
1202,2023-10-10 07:35:00,OANDA:AUDUSD,0.64134,0.64134,0.64097,0.64105,104.0,Interval.in_5_minute,55928100.0
1203,2023-10-10 07:40:00,OANDA:AUDUSD,0.64105,0.64138,0.64104,0.64113,122.0,Interval.in_5_minute,55928400.0
1204,2023-10-10 07:45:00,OANDA:AUDUSD,0.64113,0.64115,0.6408,0.64101,129.0,Interval.in_5_minute,55928700.0
1205,2023-10-10 07:50:00,OANDA:AUDUSD,0.64101,0.64108,0.6409,0.64102,98.0,Interval.in_5_minute,55929000.0
1206,2023-10-10 07:55:00,OANDA:AUDUSD,0.64102,0.64106,0.64094,0.64098,83.0,Interval.in_5_minute,55929300.0
1207,2023-10-10 08:00:00,OANDA:AUDUSD,0.64098,0.64113,0.64087,0.64101,117.0,Interval.in_5_minute,55929600.0
1208,2023-10-10 08:05:00,OANDA:AUDUSD,0.64101,0.64116,0.64096,0.64112,102.0,Interval.in_5_minute,55929900.0
1209,2023-10-10 08:10:00,OANDA:AUDUSD,0.64112,0.64116,0.641,0.64112,93.0,Interval.in_5_minute,55930200.0
1210,2023-10-10 08:15:00,OANDA:AUDUSD,0.64112,0.64128,0.64092,0.64126,112.0,Interval.in_5_minute,55930500.0
1211,2023-10-10 08:20:00,OANDA:AUDUSD,0.64126,0.64147,0.64122,0.64133,109.0,Interval.in_5_minute,55930800.0
1212,2023-10-10 08:25:00,OANDA:AUDUSD,0.64133,0.64133,0.64108,0.64114,69.0,Interval.in_5_minute,55931100.0
1213,2023-10-10 08:30:00,OANDA:AUDUSD,0.64114,0.64146,0.64106,0.64115,160.0,Interval.in_5_minute,55931400.0
1214,2023-10-10 08:35:00,OANDA:AUDUSD,0.64115,0.64115,0.64068,0.6411,172.0,Interval.in_5_minute,55931700.0
1215,2023-10-10 08:40:00,OANDA:AUDUSD,0.6411,0.64133,0.64096,0.64116,151.0,Interval.in_5_minute,55932000.0
1216,2023-10-10 08:45:00,OANDA:AUDUSD,0.64116,0.64117,0.64088,0.64102,178.0,Interval.in_5_minute,55932300.0
1217,2023-10-10 08:50:00,OANDA:AUDUSD,0.64102,0.64108,0.6407,0.64075,145.0,Interval.in_5_minute,55932600.0
1218,2023-10-10 08:55:00,OANDA:AUDUSD,0.64075,0.64104,0.64068,0.64094,176.0,Interval.in_5_minute,55932900.0
1219,2023-10-10 09:00:00,OANDA:AUDUSD,0.64094,0.64108,0.64078,0.64092,250.0,Interval.in_5_minute,55933200.0
1220,2023-10-10 09:05:00,OANDA:AUDUSD,0.64092,0.64112,0.64029,0.6403,207.0,Interval.in_5_minute,55933500.0
1221,2023-10-10 09:10:00,OANDA:AUDUSD,0.6403,0.64032,0.63982,0.64012,401.0,Interval.in_5_minute,55933800.0
1222,2023-10-10 09:15:00,OANDA:AUDUSD,0.64012,0.64062,0.64012,0.64052,417.0,Interval.in_5_minute,55934100.0
1223,2023-10-10 09:20:00,OANDA:AUDUSD,0.64052,0.64079,0.64046,0.64072,209.0,Interval.in_5_minute,55934400.0
1224,2023-10-10 09:25:00,OANDA:AUDUSD,0.64072,0.64092,0.64047,0.64053,222.0,Interval.in_5_minute,55934700.0
1225,2023-10-10 09:30:00,OANDA:AUDUSD,0.64053,0.64059,0.64035,0.6405,289.0,Interval.in_5_minute,55935000.0
1226,2023-10-10 09:35:00,OANDA:AUDUSD,0.6405,0.64076,0.64044,0.64051,243.0,Interval.in_5_minute,55935300.0
1227,2023-10-10 09:40:00,OANDA:AUDUSD,0.64051,0.64052,0.63999,0.64001,326.0,Interval.in_5_minute,55935600.0
1228,2023-10-10 09:45:00,OANDA:AUDUSD,0.64001,0.64016,0.6398,0.64012,291.0,Interval.in_5_minute,55935900.0
1229,2023-10-10 09:50:00,OANDA:AUDUSD,0.64012,0.64035,0.63996,0.64028,265.0,Interval.in_5_minute,55936200.0
1230,2023-10-10 09:55:00,OANDA:AUDUSD,0.64028,0.64053,0.64024,0.64036,282.0,Interval.in_5_minute,55936500.0
1231,2023-10-10 10:00:00,OANDA:AUDUSD,0.64036,0.6406,0.64014,0.64016,331.0,Interval.in_5_minute,55936800.0
1232,2023-10-10 10:05:00,OANDA:AUDUSD,0.64016,0.6403,0.63995,0.64005,403.0,Interval.in_5_minute,55937100.0
1233,2023-10-10 10:10:00,OANDA:AUDUSD,0.64005,0.6401,0.63956,0.6396,346.0,Interval.in_5_minute,55937400.0
1234,2023-10-10 10:15:00,OANDA:AUDUSD,0.6396,0.63964,0.63912,0.63927,394.0,Interval.in_5_minute,55937700.0
1235,2023-10-10 10:20:00,OANDA:AUDUSD,0.63927,0.63978,0.63927,0.63976,253.0,Interval.in_5_minute,55938000.0
1236,2023-10-10 10:25:00,OANDA:AUDUSD,0.63976,0.63978,0.6394,0.63966,275.0,Interval.in_5_minute,55938300.0
1237,2023-10-10 10:30:00,OANDA:AUDUSD,0.63966,0.63978,0.6394,0.63952,325.0,Interval.in_5_minute,55938600.0
1238,2023-10-10 10:35:00,OANDA:AUDUSD,0.63952,0.63976,0.63944,0.63964,298.0,Interval.in_5_minute,55938900.0
1239,2023-10-10 10:40:00,OANDA:AUDUSD,0.63964,0.6399,0.6396,0.6398,294.0,Interval.in_5_minute,55939200.0
1240,2023-10-10 10:45:00,OANDA:AUDUSD,0.6398,0.63986,0.63938,0.63939,196.0,Interval.in_5_minute,55939500.0
1241,2023-10-10 10:50:00,OANDA:AUDUSD,0.63939,0.63956,0.63927,0.63956,340.0,Interval.in_5_minute,55939800.0
1242,2023-10-10 10:55:00,OANDA:AUDUSD,0.63956,0.63983,0.63952,0.63983,239.0,Interval.in_5_minute,55940100.0
1243,2023-10-10 11:00:00,OANDA:AUDUSD,0.63983,0.63993,0.63958,0.63958,266.0,Interval.in_5_minute,55940400.0
1244,2023-10-10 11:05:00,OANDA:AUDUSD,0.63958,0.6398,0.63932,0.63932,248.0,Interval.in_5_minute,55940700.0
1245,2023-10-10 11:10:00,OANDA:AUDUSD,0.63932,0.64144,0.63932,0.64062,629.0,Interval.in_5_minute,55941000.0
1246,2023-10-10 11:15:00,OANDA:AUDUSD,0.64062,0.641,0.6403,0.64034,477.0,Interval.in_5_minute,55941300.0
1247,2023-10-10 11:20:00,OANDA:AUDUSD,0.64034,0.64129,0.64032,0.64119,390.0,Interval.in_5_minute,55941600.0
1248,2023-10-10 11:25:00,OANDA:AUDUSD,0.64119,0.64178,0.6411,0.64178,278.0,Interval.in_5_minute,55941900.0
1249,2023-10-10 11:30:00,OANDA:AUDUSD,0.64178,0.64216,0.64178,0.64198,401.0,Interval.in_5_minute,55942200.0
1250,2023-10-10 11:35:00,OANDA:AUDUSD,0.64198,0.64224,0.6418,0.64222,431.0,Interval.in_5_minute,55942500.0
1251,2023-10-10 11:40:00,OANDA:AUDUSD,0.64222,0.64238,0.64199,0.64222,265.0,Interval.in_5_minute,55942800.0
1252,2023-10-10 11:45:00,OANDA:AUDUSD,0.64222,0.64265,0.64214,0.64247,258.0,Interval.in_5_minute,55943100.0
1253,2023-10-10 11:50:00,OANDA:AUDUSD,0.64247,0.64252,0.64224,0.64234,283.0,Interval.in_5_minute,55943400.0
1254,2023-10-10 11:55:00,OANDA:AUDUSD,0.64234,0.64244,0.64191,0.64203,343.0,Interval.in_5_minute,55943700.0
1255,2023-10-10 12:00:00,OANDA:AUDUSD,0.64203,0.64203,0.64126,0.64147,306.0,Interval.in_5_minute,55944000.0
1256,2023-10-10 12:05:00,OANDA:AUDUSD,0.64147,0.64168,0.64132,0.6415,305.0,Interval.in_5_minute,55944300.0
1257,2023-10-10 12:10:00,OANDA:AUDUSD,0.6415,0.64166,0.64098,0.64099,250.0,Interval.in_5_minute,55944600.0
1258,2023-10-10 12:15:00,OANDA:AUDUSD,0.64099,0.64146,0.64096,0.64135,248.0,Interval.in_5_minute,55944900.0
1259,2023-10-10 12:20:00,OANDA:AUDUSD,0.64135,0.64177,0.64131,0.64168,248.0,Interval.in_5_minute,55945200.0
1260,2023-10-10 12:25:00,OANDA:AUDUSD,0.64168,0.64213,0.64162,0.64213,164.0,Interval.in_5_minute,55945500.0
1261,2023-10-10 12:30:00,OANDA:AUDUSD,0.64213,0.64213,0.64147,0.64156,208.0,Interval.in_5_minute,55945800.0
1262,2023-10-10 12:35:00,OANDA:AUDUSD,0.64156,0.64158,0.6411,0.64154,337.0,Interval.in_5_minute,55946100.0
1263,2023-10-10 12:40:00,OANDA:AUDUSD,0.64154,0.64155,0.64129,0.64142,240.0,Interval.in_5_minute,55946400.0
1264,2023-10-10 12:45:00,OANDA:AUDUSD,0.64142,0.64159,0.64133,0.64149,240.0,Interval.in_5_minute,55946700.0
1265,2023-10-10 12:50:00,OANDA:AUDUSD,0.64149,0.64186,0.64143,0.64174,149.0,Interval.in_5_minute,55947000.0
1266,2023-10-10 12:55:00,OANDA:AUDUSD,0.64174,0.64174,0.64149,0.6415,135.0,Interval.in_5_minute,55947300.0
1267,2023-10-10 13:00:00,OANDA:AUDUSD,0.6415,0.64154,0.64132,0.64137,252.0,Interval.in_5_minute,55947600.0
1268,2023-10-10 13:05:00,OANDA:AUDUSD,0.64137,0.64154,0.64124,0.64148,254.0,Interval.in_5_minute,55947900.0
1269,2023-10-10 13:10:00,OANDA:AUDUSD,0.64148,0.64162,0.6413,0.64132,215.0,Interval.in_5_minute,55948200.0
1270,2023-10-10 13:15:00,OANDA:AUDUSD,0.64132,0.64132,0.64091,0.64094,154.0,Interval.in_5_minute,55948500.0
1271,2023-10-10 13:20:00,OANDA:AUDUSD,0.64094,0.6411,0.64089,0.64099,107.0,Interval.in_5_minute,55948800.0
1272,2023-10-10 13:25:00,OANDA:AUDUSD,0.64099,0.64112,0.64098,0.641,161.0,Interval.in_5_minute,55949100.0
1273,2023-10-10 13:30:00,OANDA:AUDUSD,0.641,0.64112,0.64092,0.64095,140.0,Interval.in_5_minute,55949400.0
1274,2023-10-10 13:35:00,OANDA:AUDUSD,0.64095,0.64095,0.64063,0.64066,109.0,Interval.in_5_minute,55949700.0
1275,2023-10-10 13:40:00,OANDA:AUDUSD,0.64066,0.64111,0.64064,0.6411,143.0,Interval.in_5_minute,55950000.0
1276,2023-10-10 13:45:00,OANDA:AUDUSD,0.6411,0.64124,0.641,0.64106,92.0,Interval.in_5_minute,55950300.0
1277,2023-10-10 13:50:00,OANDA:AUDUSD,0.64106,0.64114,0.6408,0.64081,97.0,Interval.in_5_minute,55950600.0
1278,2023-10-10 13:55:00,OANDA:AUDUSD,0.64081,0.64088,0.64049,0.64052,181.0,Interval.in_5_minute,55950900.0
1279,2023-10-10 14:00:00,OANDA:AUDUSD,0.64052,0.64052,0.64008,0.64009,182.0,Interval.in_5_minute,55951200.0
1280,2023-10-10 14:05:00,OANDA:AUDUSD,0.64009,0.64018,0.63996,0.63996,153.0,Interval.in_5_minute,55951500.0
1281,2023-10-10 14:10:00,OANDA:AUDUSD,0.63996,0.63996,0.63956,0.63984,207.0,Interval.in_5_minute,55951800.0
1282,2023-10-10 14:15:00,OANDA:AUDUSD,0.63984,0.63988,0.63973,0.6398,208.0,Interval.in_5_minute,55952100.0
1283,2023-10-10 14:20:00,OANDA:AUDUSD,0.6398,0.6399,0.63942,0.63954,234.0,Interval.in_5_minute,55952400.0
1284,2023-10-10 14:25:00,OANDA:AUDUSD,0.63954,0.63954,0.63934,0.63938,162.0,Interval.in_5_minute,55952700.0
1285,2023-10-10 14:30:00,OANDA:AUDUSD,0.63938,0.63966,0.63912,0.63913,141.0,Interval.in_5_minute,55953000.0
1286,2023-10-10 14:35:00,OANDA:AUDUSD,0.63913,0.63974,0.63904,0.63964,226.0,Interval.in_5_minute,55953300.0
1287,2023-10-10 14:40:00,OANDA:AUDUSD,0.63964,0.63974,0.63948,0.63954,128.0,Interval.in_5_minute,55953600.0
1288,2023-10-10 14:45:00,OANDA:AUDUSD,0.63954,0.63956,0.63934,0.6395,175.0,Interval.in_5_minute,55953900.0
1289,2023-10-10 14:50:00,OANDA:AUDUSD,0.6395,0.6395,0.63932,0.63933,202.0,Interval.in_5_minute,55954200.0
1290,2023-10-10 14:55:00,OANDA:AUDUSD,0.63933,0.63959,0.6392,0.63947,231.0,Interval.in_5_minute,55954500.0
1291,2023-10-10 15:00:00,OANDA:AUDUSD,0.63947,0.63989,0.63938,0.63986,260.0,Interval.in_5_minute,55954800.0
1292,2023-10-10 15:05:00,OANDA:AUDUSD,0.63986,0.63993,0.63974,0.63988,199.0,Interval.in_5_minute,55955100.0
1293,2023-10-10 15:10:00,OANDA:AUDUSD,0.63988,0.63998,0.63968,0.63986,194.0,Interval.in_5_minute,55955400.0
1294,2023-10-10 15:15:00,OANDA:AUDUSD,0.63986,0.63994,0.6394,0.63956,233.0,Interval.in_5_minute,55955700.0
1295,2023-10-10 15:20:00,OANDA:AUDUSD,0.63956,0.63983,0.63934,0.63944,287.0,Interval.in_5_minute,55956000.0
1296,2023-10-10 15:25:00,OANDA:AUDUSD,0.63944,0.63952,0.63913,0.63943,310.0,Interval.in_5_minute,55956300.0
1297,2023-10-10 15:30:00,OANDA:AUDUSD,0.63943,0.63986,0.63939,0.63958,323.0,Interval.in_5_minute,55956600.0
1298,2023-10-10 15:35:00,OANDA:AUDUSD,0.63958,0.63992,0.63944,0.63988,255.0,Interval.in_5_minute,55956900.0
1299,2023-10-10 15:40:00,OANDA:AUDUSD,0.63988,0.63994,0.63948,0.63972,308.0,Interval.in_5_minute,55957200.0
1300,2023-10-10 15:45:00,OANDA:AUDUSD,0.63972,0.63992,0.63956,0.63988,272.0,Interval.in_5_minute,55957500.0
1301,2023-10-10 15:50:00,OANDA:AUDUSD,0.63988,0.64016,0.63966,0.63999,285.0,Interval.in_5_minute,55957800.0
1302,2023-10-10 15:55:00,OANDA:AUDUSD,0.63999,0.64015,0.63988,0.63998,324.0,Interval.in_5_minute,55958100.0
1303,2023-10-10 16:00:00,OANDA:AUDUSD,0.63998,0.63998,0.63951,0.6396,325.0,Interval.in_5_minute,55958400.0
1304,2023-10-10 16:05:00,OANDA:AUDUSD,0.6396,0.63972,0.63936,0.63942,177.0,Interval.in_5_minute,55958700.0
1305,2023-10-10 16:10:00,OANDA:AUDUSD,0.63942,0.64028,0.63941,0.64028,198.0,Interval.in_5_minute,55959000.0
1306,2023-10-10 16:15:00,OANDA:AUDUSD,0.64028,0.64036,0.64003,0.64012,266.0,Interval.in_5_minute,55959300.0
1307,2023-10-10 16:20:00,OANDA:AUDUSD,0.64012,0.64026,0.63956,0.63958,161.0,Interval.in_5_minute,55959600.0
1308,2023-10-10 16:25:00,OANDA:AUDUSD,0.63958,0.63997,0.63956,0.6399,307.0,Interval.in_5_minute,55959900.0
1309,2023-10-10 16:30:00,OANDA:AUDUSD,0.6399,0.64037,0.63968,0.64016,484.0,Interval.in_5_minute,55960200.0
1310,2023-10-10 16:35:00,OANDA:AUDUSD,0.64016,0.64026,0.6397,0.63998,503.0,Interval.in_5_minute,55960500.0
1311,2023-10-10 16:40:00,OANDA:AUDUSD,0.63998,0.6402,0.63975,0.63987,368.0,Interval.in_5_minute,55960800.0
1312,2023-10-10 16:45:00,OANDA:AUDUSD,0.63987,0.6403,0.63974,0.6399,396.0,Interval.in_5_minute,55961100.0
1313,2023-10-10 16:50:00,OANDA:AUDUSD,0.6399,0.64023,0.63983,0.63996,311.0,Interval.in_5_minute,55961400.0
1314,2023-10-10 16:55:00,OANDA:AUDUSD,0.63996,0.64056,0.6399,0.6405,277.0,Interval.in_5_minute,55961700.0
1315,2023-10-10 17:00:00,OANDA:AUDUSD,0.6405,0.64126,0.64048,0.64114,406.0,Interval.in_5_minute,55962000.0
1316,2023-10-10 17:05:00,OANDA:AUDUSD,0.64114,0.64136,0.64094,0.6412,280.0,Interval.in_5_minute,55962300.0
1317,2023-10-10 17:10:00,OANDA:AUDUSD,0.6412,0.64151,0.64102,0.64141,311.0,Interval.in_5_minute,55962600.0
1318,2023-10-10 17:15:00,OANDA:AUDUSD,0.64141,0.64159,0.64122,0.64132,404.0,Interval.in_5_minute,55962900.0
1319,2023-10-10 17:20:00,OANDA:AUDUSD,0.64132,0.6415,0.641,0.64136,304.0,Interval.in_5_minute,55963200.0
1320,2023-10-10 17:25:00,OANDA:AUDUSD,0.64136,0.64203,0.64136,0.64166,315.0,Interval.in_5_minute,55963500.0
1321,2023-10-10 17:30:00,OANDA:AUDUSD,0.64166,0.64186,0.64139,0.64166,328.0,Interval.in_5_minute,55963800.0
1322,2023-10-10 17:35:00,OANDA:AUDUSD,0.64166,0.64174,0.64139,0.64141,318.0,Interval.in_5_minute,55964100.0
1323,2023-10-10 17:40:00,OANDA:AUDUSD,0.64141,0.6415,0.64118,0.64119,238.0,Interval.in_5_minute,55964400.0
1324,2023-10-10 17:45:00,OANDA:AUDUSD,0.64119,0.64124,0.64095,0.6411,256.0,Interval.in_5_minute,55964700.0
1325,2023-10-10 17:50:00,OANDA:AUDUSD,0.6411,0.64156,0.64096,0.64116,291.0,Interval.in_5_minute,55965000.0
1326,2023-10-10 17:55:00,OANDA:AUDUSD,0.64116,0.64133,0.6409,0.64126,269.0,Interval.in_5_minute,55965300.0
1327,2023-10-10 18:00:00,OANDA:AUDUSD,0.64126,0.6416,0.64112,0.6416,171.0,Interval.in_5_minute,55965600.0
1328,2023-10-10 18:05:00,OANDA:AUDUSD,0.6416,0.64204,0.6416,0.64178,209.0,Interval.in_5_minute,55965900.0
1329,2023-10-10 18:10:00,OANDA:AUDUSD,0.64178,0.64225,0.64166,0.64217,224.0,Interval.in_5_minute,55966200.0
1330,2023-10-10 18:15:00,OANDA:AUDUSD,0.64217,0.64245,0.64214,0.64232,211.0,Interval.in_5_minute,55966500.0
1331,2023-10-10 18:20:00,OANDA:AUDUSD,0.64232,0.64232,0.64176,0.64196,277.0,Interval.in_5_minute,55966800.0
1332,2023-10-10 18:25:00,OANDA:AUDUSD,0.64196,0.64212,0.64164,0.64206,286.0,Interval.in_5_minute,55967100.0
1333,2023-10-10 18:30:00,OANDA:AUDUSD,0.64206,0.64248,0.64196,0.64232,195.0,Interval.in_5_minute,55967400.0
1334,2023-10-10 18:35:00,OANDA:AUDUSD,0.64232,0.64254,0.64221,0.64242,180.0,Interval.in_5_minute,55967700.0
1335,2023-10-10 18:40:00,OANDA:AUDUSD,0.64242,0.64266,0.6424,0.64262,156.0,Interval.in_5_minute,55968000.0
1336,2023-10-10 18:45:00,OANDA:AUDUSD,0.64262,0.6427,0.64242,0.64264,269.0,Interval.in_5_minute,55968300.0
1337,2023-10-10 18:50:00,OANDA:AUDUSD,0.64264,0.6428,0.64254,0.6428,209.0,Interval.in_5_minute,55968600.0
1338,2023-10-10 18:55:00,OANDA:AUDUSD,0.6428,0.64312,0.6428,0.64296,149.0,Interval.in_5_minute,55968900.0
1339,2023-10-10 19:00:00,OANDA:AUDUSD,0.64296,0.6432,0.6429,0.64304,150.0,Interval.in_5_minute,55969200.0
1340,2023-10-10 19:05:00,OANDA:AUDUSD,0.64304,0.64311,0.6428,0.64294,154.0,Interval.in_5_minute,55969500.0
1341,2023-10-10 19:10:00,OANDA:AUDUSD,0.64294,0.64304,0.6428,0.6428,141.0,Interval.in_5_minute,55969800.0
1342,2023-10-10 19:15:00,OANDA:AUDUSD,0.6428,0.6428,0.64258,0.64274,143.0,Interval.in_5_minute,55970100.0
1343,2023-10-10 19:20:00,OANDA:AUDUSD,0.64274,0.64278,0.64228,0.64239,221.0,Interval.in_5_minute,55970400.0
1344,2023-10-10 19:25:00,OANDA:AUDUSD,0.64239,0.64281,0.64228,0.64269,204.0,Interval.in_5_minute,55970700.0
1345,2023-10-10 19:30:00,OANDA:AUDUSD,0.64269,0.64283,0.64262,0.64282,162.0,Interval.in_5_minute,55971000.0
1346,2023-10-10 19:35:00,OANDA:AUDUSD,0.64282,0.64282,0.64246,0.64262,201.0,Interval.in_5_minute,55971300.0
1347,2023-10-10 19:40:00,OANDA:AUDUSD,0.64262,0.6429,0.64262,0.6428,179.0,Interval.in_5_minute,55971600.0
1348,2023-10-10 19:45:00,OANDA:AUDUSD,0.6428,0.64298,0.64273,0.64284,213.0,Interval.in_5_minute,55971900.0
1349,2023-10-10 19:50:00,OANDA:AUDUSD,0.64284,0.6431,0.64272,0.64286,167.0,Interval.in_5_minute,55972200.0
1350,2023-10-10 19:55:00,OANDA:AUDUSD,0.64286,0.64286,0.64254,0.64274,207.0,Interval.in_5_minute,55972500.0
1351,2023-10-10 20:00:00,OANDA:AUDUSD,0.64274,0.64276,0.64204,0.64204,247.0,Interval.in_5_minute,55972800.0
1352,2023-10-10 20:05:00,OANDA:AUDUSD,0.64204,0.6424,0.64194,0.6422,336.0,Interval.in_5_minute,55973100.0
1353,2023-10-10 20:10:00,OANDA:AUDUSD,0.6422,0.64246,0.64193,0.64194,254.0,Interval.in_5_minute,55973400.0
1354,2023-10-10 20:15:00,OANDA:AUDUSD,0.64194,0.64225,0.64174,0.64205,237.0,Interval.in_5_minute,55973700.0
1355,2023-10-10 20:20:00,OANDA:AUDUSD,0.64205,0.6422,0.64172,0.64176,285.0,Interval.in_5_minute,55974000.0
1356,2023-10-10 20:25:00,OANDA:AUDUSD,0.64176,0.64178,0.64142,0.64172,206.0,Interval.in_5_minute,55974300.0
1357,2023-10-10 20:30:00,OANDA:AUDUSD,0.64172,0.64181,0.64132,0.64138,205.0,Interval.in_5_minute,55974600.0
1358,2023-10-10 20:35:00,OANDA:AUDUSD,0.64138,0.6416,0.64128,0.64152,212.0,Interval.in_5_minute,55974900.0
1359,2023-10-10 20:40:00,OANDA:AUDUSD,0.64152,0.64173,0.64152,0.6416,202.0,Interval.in_5_minute,55975200.0
1360,2023-10-10 20:45:00,OANDA:AUDUSD,0.6416,0.64189,0.64154,0.64188,145.0,Interval.in_5_minute,55975500.0
1361,2023-10-10 20:50:00,OANDA:AUDUSD,0.64188,0.64192,0.64139,0.64164,124.0,Interval.in_5_minute,55975800.0
1362,2023-10-10 20:55:00,OANDA:AUDUSD,0.64164,0.64174,0.64148,0.64161,195.0,Interval.in_5_minute,55976100.0
1363,2023-10-10 21:00:00,OANDA:AUDUSD,0.64161,0.64194,0.64148,0.6419,212.0,Interval.in_5_minute,55976400.0
1364,2023-10-10 21:05:00,OANDA:AUDUSD,0.6419,0.64195,0.64175,0.6418,184.0,Interval.in_5_minute,55976700.0
1365,2023-10-10 21:10:00,OANDA:AUDUSD,0.6418,0.64196,0.64163,0.64163,202.0,Interval.in_5_minute,55977000.0
1366,2023-10-10 21:15:00,OANDA:AUDUSD,0.64163,0.64185,0.64161,0.64184,159.0,Interval.in_5_minute,55977300.0
1367,2023-10-10 21:20:00,OANDA:AUDUSD,0.64184,0.64194,0.64171,0.64192,201.0,Interval.in_5_minute,55977600.0
1368,2023-10-10 21:25:00,OANDA:AUDUSD,0.64192,0.64223,0.64176,0.6421,194.0,Interval.in_5_minute,55977900.0
1369,2023-10-10 21:30:00,OANDA:AUDUSD,0.6421,0.64232,0.64208,0.64226,217.0,Interval.in_5_minute,55978200.0
1370,2023-10-10 21:35:00,OANDA:AUDUSD,0.64226,0.64236,0.64206,0.64226,199.0,Interval.in_5_minute,55978500.0
1371,2023-10-10 21:40:00,OANDA:AUDUSD,0.64226,0.64248,0.64217,0.64245,180.0,Interval.in_5_minute,55978800.0
1372,2023-10-10 21:45:00,OANDA:AUDUSD,0.64245,0.64259,0.6424,0.64247,134.0,Interval.in_5_minute,55979100.0
1373,2023-10-10 21:50:00,OANDA:AUDUSD,0.64247,0.64247,0.64218,0.64225,116.0,Interval.in_5_minute,55979400.0
1374,2023-10-10 21:55:00,OANDA:AUDUSD,0.64225,0.64242,0.6421,0.64236,152.0,Interval.in_5_minute,55979700.0
1375,2023-10-10 22:00:00,OANDA:AUDUSD,0.64236,0.64246,0.64228,0.64238,162.0,Interval.in_5_minute,55980000.0
1376,2023-10-10 22:05:00,OANDA:AUDUSD,0.64238,0.64238,0.64206,0.64217,123.0,Interval.in_5_minute,55980300.0
1377,2023-10-10 22:10:00,OANDA:AUDUSD,0.64217,0.64223,0.6421,0.6421,109.0,Interval.in_5_minute,55980600.0
1378,2023-10-10 22:15:00,OANDA:AUDUSD,0.6421,0.64246,0.6421,0.6423,87.0,Interval.in_5_minute,55980900.0
1379,2023-10-10 22:20:00,OANDA:AUDUSD,0.6423,0.6423,0.64202,0.64226,122.0,Interval.in_5_minute,55981200.0
1380,2023-10-10 22:25:00,OANDA:AUDUSD,0.64226,0.64244,0.64224,0.64238,108.0,Interval.in_5_minute,55981500.0
1381,2023-10-10 22:30:00,OANDA:AUDUSD,0.64238,0.64256,0.64236,0.64249,74.0,Interval.in_5_minute,55981800.0
1382,2023-10-10 22:35:00,OANDA:AUDUSD,0.64249,0.64258,0.64244,0.6425,160.0,Interval.in_5_minute,55982100.0
1383,2023-10-10 22:40:00,OANDA:AUDUSD,0.6425,0.64264,0.64244,0.64262,146.0,Interval.in_5_minute,55982400.0
1384,2023-10-10 22:45:00,OANDA:AUDUSD,0.64262,0.64284,0.64262,0.64284,116.0,Interval.in_5_minute,55982700.0
1385,2023-10-10 22:50:00,OANDA:AUDUSD,0.64284,0.64292,0.64276,0.64284,179.0,Interval.in_5_minute,55983000.0
1386,2023-10-10 22:55:00,OANDA:AUDUSD,0.64284,0.64298,0.64273,0.64289,195.0,Interval.in_5_minute,55983300.0
1387,2023-10-10 23:00:00,OANDA:AUDUSD,0.64289,0.64304,0.64288,0.643,67.0,Interval.in_5_minute,55983600.0
1388,2023-10-10 23:05:00,OANDA:AUDUSD,0.643,0.64301,0.6429,0.64295,38.0,Interval.in_5_minute,55983900.0
1389,2023-10-10 23:10:00,OANDA:AUDUSD,0.64295,0.64308,0.64294,0.64305,31.0,Interval.in_5_minute,55984200.0
1390,2023-10-10 23:15:00,OANDA:AUDUSD,0.64305,0.6431,0.64299,0.64302,80.0,Interval.in_5_minute,55984500.0
1391,2023-10-10 23:20:00,OANDA:AUDUSD,0.64302,0.6431,0.64302,0.64308,21.0,Interval.in_5_minute,55984800.0
1392,2023-10-10 23:25:00,OANDA:AUDUSD,0.64308,0.64322,0.64308,0.64314,37.0,Interval.in_5_minute,55985100.0
1393,2023-10-10 23:30:00,OANDA:AUDUSD,0.64314,0.64314,0.64302,0.64303,27.0,Interval.in_5_minute,55985400.0
1394,2023-10-10 23:35:00,OANDA:AUDUSD,0.64303,0.64314,0.64302,0.64305,63.0,Interval.in_5_minute,55985700.0
1395,2023-10-10 23:40:00,OANDA:AUDUSD,0.64305,0.64316,0.643,0.64312,57.0,Interval.in_5_minute,55986000.0
1396,2023-10-10 23:45:00,OANDA:AUDUSD,0.64312,0.64314,0.64308,0.64314,62.0,Interval.in_5_minute,55986300.0
1397,2023-10-10 23:50:00,OANDA:AUDUSD,0.64314,0.64318,0.64308,0.6431,34.0,Interval.in_5_minute,55986600.0
1398,2023-10-10 23:55:00,OANDA:AUDUSD,0.6431,0.6432,0.64308,0.64318,46.0,Interval.in_5_minute,55986900.0
1399,2023-10-11 00:00:00,OANDA:AUDUSD,0.64318,0.6432,0.64247,0.64314,10.0,Interval.in_5_minute,55987200.0
1400,2023-10-11 00:05:00,OANDA:AUDUSD,0.64314,0.64324,0.64299,0.64302,28.0,Interval.in_5_minute,55987500.0
1401,2023-10-11 00:10:00,OANDA:AUDUSD,0.64302,0.64318,0.64294,0.64312,24.0,Interval.in_5_minute,55987800.0
1402,2023-10-11 00:15:00,OANDA:AUDUSD,0.64312,0.64313,0.64302,0.64302,9.0,Interval.in_5_minute,55988100.0
1403,2023-10-11 00:20:00,OANDA:AUDUSD,0.64302,0.64308,0.64296,0.643,47.0,Interval.in_5_minute,55988400.0
1404,2023-10-11 00:25:00,OANDA:AUDUSD,0.643,0.64302,0.6429,0.64292,28.0,Interval.in_5_minute,55988700.0
1405,2023-10-11 00:30:00,OANDA:AUDUSD,0.64292,0.6431,0.6429,0.6431,97.0,Interval.in_5_minute,55989000.0
1406,2023-10-11 00:35:00,OANDA:AUDUSD,0.6431,0.6431,0.64304,0.64304,12.0,Interval.in_5_minute,55989300.0
1407,2023-10-11 00:40:00,OANDA:AUDUSD,0.64304,0.64308,0.64303,0.64308,19.0,Interval.in_5_minute,55989600.0
1408,2023-10-11 00:45:00,OANDA:AUDUSD,0.64308,0.64316,0.64308,0.64315,15.0,Interval.in_5_minute,55989900.0
1409,2023-10-11 00:50:00,OANDA:AUDUSD,0.64315,0.64318,0.64314,0.64316,6.0,Interval.in_5_minute,55990200.0
1410,2023-10-11 00:55:00,OANDA:AUDUSD,0.64316,0.64316,0.64298,0.64304,29.0,Interval.in_5_minute,55990500.0
1411,2023-10-11 01:00:00,OANDA:AUDUSD,0.64304,0.64317,0.64292,0.6431,29.0,Interval.in_5_minute,55990800.0
1412,2023-10-11 01:05:00,OANDA:AUDUSD,0.6431,0.64327,0.6431,0.64323,33.0,Interval.in_5_minute,55991100.0
1413,2023-10-11 01:10:00,OANDA:AUDUSD,0.64323,0.64324,0.64314,0.64314,21.0,Interval.in_5_minute,55991400.0
1414,2023-10-11 01:15:00,OANDA:AUDUSD,0.64314,0.64314,0.64304,0.64304,21.0,Interval.in_5_minute,55991700.0
1415,2023-10-11 01:20:00,OANDA:AUDUSD,0.64304,0.64306,0.64297,0.64297,41.0,Interval.in_5_minute,55992000.0
1416,2023-10-11 01:25:00,OANDA:AUDUSD,0.64297,0.64301,0.64296,0.64298,14.0,Interval.in_5_minute,55992300.0
1417,2023-10-11 01:30:00,OANDA:AUDUSD,0.64298,0.64304,0.64298,0.64303,7.0,Interval.in_5_minute,55992600.0
1418,2023-10-11 01:35:00,OANDA:AUDUSD,0.64303,0.64312,0.64296,0.6431,34.0,Interval.in_5_minute,55992900.0
1419,2023-10-11 01:40:00,OANDA:AUDUSD,0.6431,0.64312,0.6431,0.6431,5.0,Interval.in_5_minute,55993200.0
1420,2023-10-11 01:45:00,OANDA:AUDUSD,0.6431,0.6432,0.64302,0.64318,44.0,Interval.in_5_minute,55993500.0
1421,2023-10-11 01:50:00,OANDA:AUDUSD,0.64318,0.64318,0.64298,0.64298,23.0,Interval.in_5_minute,55993800.0
1422,2023-10-11 01:55:00,OANDA:AUDUSD,0.64298,0.64308,0.64292,0.64306,56.0,Interval.in_5_minute,55994100.0
1423,2023-10-11 02:00:00,OANDA:AUDUSD,0.64306,0.64315,0.64298,0.64314,54.0,Interval.in_5_minute,55994400.0
1424,2023-10-11 02:05:00,OANDA:AUDUSD,0.64314,0.64341,0.64314,0.64339,45.0,Interval.in_5_minute,55994700.0
1425,2023-10-11 02:10:00,OANDA:AUDUSD,0.64339,0.64341,0.64329,0.64334,48.0,Interval.in_5_minute,55995000.0
1426,2023-10-11 02:15:00,OANDA:AUDUSD,0.64334,0.64335,0.64326,0.64334,61.0,Interval.in_5_minute,55995300.0
1427,2023-10-11 02:20:00,OANDA:AUDUSD,0.64334,0.64358,0.64334,0.64355,75.0,Interval.in_5_minute,55995600.0
1428,2023-10-11 02:25:00,OANDA:AUDUSD,0.64355,0.64357,0.6435,0.64352,60.0,Interval.in_5_minute,55995900.0
1429,2023-10-11 02:30:00,OANDA:AUDUSD,0.64352,0.64352,0.64339,0.6434,64.0,Interval.in_5_minute,55996200.0
1430,2023-10-11 02:35:00,OANDA:AUDUSD,0.6434,0.64346,0.64332,0.64333,25.0,Interval.in_5_minute,55996500.0
1431,2023-10-11 02:40:00,OANDA:AUDUSD,0.64333,0.64338,0.64327,0.64337,58.0,Interval.in_5_minute,55996800.0
1432,2023-10-11 02:45:00,OANDA:AUDUSD,0.64337,0.64342,0.64321,0.64321,35.0,Interval.in_5_minute,55997100.0
1433,2023-10-11 02:50:00,OANDA:AUDUSD,0.64321,0.64331,0.64318,0.64322,41.0,Interval.in_5_minute,55997400.0
1434,2023-10-11 02:55:00,OANDA:AUDUSD,0.64322,0.64325,0.64313,0.6432,27.0,Interval.in_5_minute,55997700.0
1435,2023-10-11 03:00:00,OANDA:AUDUSD,0.6432,0.64388,0.64316,0.64372,166.0,Interval.in_5_minute,55998000.0
1436,2023-10-11 03:05:00,OANDA:AUDUSD,0.64372,0.64408,0.64366,0.64393,92.0,Interval.in_5_minute,55998300.0
1437,2023-10-11 03:10:00,OANDA:AUDUSD,0.64393,0.64406,0.64376,0.64397,112.0,Interval.in_5_minute,55998600.0
1438,2023-10-11 03:15:00,OANDA:AUDUSD,0.64397,0.64402,0.6437,0.64387,203.0,Interval.in_5_minute,55998900.0
1439,2023-10-11 03:20:00,OANDA:AUDUSD,0.64387,0.64407,0.64379,0.644,137.0,Interval.in_5_minute,55999200.0
1440,2023-10-11 03:25:00,OANDA:AUDUSD,0.644,0.64412,0.64395,0.64402,143.0,Interval.in_5_minute,55999500.0
1441,2023-10-11 03:30:00,OANDA:AUDUSD,0.64402,0.64428,0.64402,0.64407,131.0,Interval.in_5_minute,55999800.0
1442,2023-10-11 03:35:00,OANDA:AUDUSD,0.64407,0.64446,0.64392,0.64426,157.0,Interval.in_5_minute,56000100.0
1443,2023-10-11 03:40:00,OANDA:AUDUSD,0.64426,0.64452,0.64417,0.6444,164.0,Interval.in_5_minute,56000400.0
1444,2023-10-11 03:45:00,OANDA:AUDUSD,0.6444,0.64446,0.64422,0.64422,127.0,Interval.in_5_minute,56000700.0
1445,2023-10-11 03:50:00,OANDA:AUDUSD,0.64422,0.64422,0.64384,0.64394,154.0,Interval.in_5_minute,56001000.0
1446,2023-10-11 03:55:00,OANDA:AUDUSD,0.64394,0.64406,0.64379,0.64386,116.0,Interval.in_5_minute,56001300.0
1447,2023-10-11 04:00:00,OANDA:AUDUSD,0.64386,0.64428,0.64383,0.64416,170.0,Interval.in_5_minute,56001600.0
1448,2023-10-11 04:05:00,OANDA:AUDUSD,0.64416,0.64421,0.64345,0.64351,173.0,Interval.in_5_minute,56001900.0
1449,2023-10-11 04:10:00,OANDA:AUDUSD,0.64351,0.64386,0.64346,0.6437,195.0,Interval.in_5_minute,56002200.0
1450,2023-10-11 04:15:00,OANDA:AUDUSD,0.6437,0.64384,0.64326,0.64331,203.0,Interval.in_5_minute,56002500.0
1451,2023-10-11 04:20:00,OANDA:AUDUSD,0.64331,0.64332,0.64287,0.64292,175.0,Interval.in_5_minute,56002800.0
1452,2023-10-11 04:25:00,OANDA:AUDUSD,0.64292,0.64327,0.64287,0.64323,160.0,Interval.in_5_minute,56003100.0
1453,2023-10-11 04:30:00,OANDA:AUDUSD,0.64323,0.64323,0.64283,0.64297,223.0,Interval.in_5_minute,56003400.0
1454,2023-10-11 04:35:00,OANDA:AUDUSD,0.64297,0.64302,0.64283,0.64292,143.0,Interval.in_5_minute,56003700.0
1455,2023-10-11 04:40:00,OANDA:AUDUSD,0.64292,0.6433,0.64292,0.64323,127.0,Interval.in_5_minute,56004000.0
1456,2023-10-11 04:45:00,OANDA:AUDUSD,0.64323,0.64352,0.64312,0.64316,250.0,Interval.in_5_minute,56004300.0
1457,2023-10-11 04:50:00,OANDA:AUDUSD,0.64316,0.6434,0.64312,0.64316,153.0,Interval.in_5_minute,56004600.0
1458,2023-10-11 04:55:00,OANDA:AUDUSD,0.64316,0.64331,0.64304,0.64328,195.0,Interval.in_5_minute,56004900.0
1459,2023-10-11 05:00:00,OANDA:AUDUSD,0.64328,0.64335,0.6428,0.64283,208.0,Interval.in_5_minute,56005200.0
1460,2023-10-11 05:05:00,OANDA:AUDUSD,0.64283,0.64284,0.64251,0.6427,204.0,Interval.in_5_minute,56005500.0
1461,2023-10-11 05:10:00,OANDA:AUDUSD,0.6427,0.643,0.6427,0.6429,198.0,Interval.in_5_minute,56005800.0
1462,2023-10-11 05:15:00,OANDA:AUDUSD,0.6429,0.643,0.64283,0.64292,169.0,Interval.in_5_minute,56006100.0
1463,2023-10-11 05:20:00,OANDA:AUDUSD,0.64292,0.64296,0.64272,0.64284,216.0,Interval.in_5_minute,56006400.0
1464,2023-10-11 05:25:00,OANDA:AUDUSD,0.64284,0.64297,0.6426,0.64269,148.0,Interval.in_5_minute,56006700.0
1465,2023-10-11 05:30:00,OANDA:AUDUSD,0.64269,0.64276,0.64246,0.6427,189.0,Interval.in_5_minute,56007000.0
1466,2023-10-11 05:35:00,OANDA:AUDUSD,0.6427,0.64276,0.6425,0.64274,132.0,Interval.in_5_minute,56007300.0
1467,2023-10-11 05:40:00,OANDA:AUDUSD,0.64274,0.64292,0.64264,0.6429,129.0,Interval.in_5_minute,56007600.0
1468,2023-10-11 05:45:00,OANDA:AUDUSD,0.6429,0.643,0.64289,0.64291,128.0,Interval.in_5_minute,56007900.0
1469,2023-10-11 05:50:00,OANDA:AUDUSD,0.64291,0.64295,0.64276,0.64288,188.0,Interval.in_5_minute,56008200.0
1470,2023-10-11 05:55:00,OANDA:AUDUSD,0.64288,0.64288,0.64261,0.64261,156.0,Interval.in_5_minute,56008500.0
1471,2023-10-11 06:00:00,OANDA:AUDUSD,0.64261,0.64261,0.64242,0.64246,182.0,Interval.in_5_minute,56008800.0
1472,2023-10-11 06:05:00,OANDA:AUDUSD,0.64246,0.64248,0.64221,0.64232,100.0,Interval.in_5_minute,56009100.0
1473,2023-10-11 06:10:00,OANDA:AUDUSD,0.64232,0.64238,0.64222,0.64235,99.0,Interval.in_5_minute,56009400.0
1474,2023-10-11 06:15:00,OANDA:AUDUSD,0.64235,0.64238,0.64212,0.64224,148.0,Interval.in_5_minute,56009700.0
1475,2023-10-11 06:20:00,OANDA:AUDUSD,0.64224,0.64246,0.64216,0.64232,101.0,Interval.in_5_minute,56010000.0
1476,2023-10-11 06:25:00,OANDA:AUDUSD,0.64232,0.64238,0.64216,0.6422,125.0,Interval.in_5_minute,56010300.0
1477,2023-10-11 06:30:00,OANDA:AUDUSD,0.6422,0.64232,0.64194,0.64207,120.0,Interval.in_5_minute,56010600.0
1478,2023-10-11 06:35:00,OANDA:AUDUSD,0.64207,0.64241,0.64207,0.64235,167.0,Interval.in_5_minute,56010900.0
1479,2023-10-11 06:40:00,OANDA:AUDUSD,0.64235,0.64254,0.64234,0.6425,123.0,Interval.in_5_minute,56011200.0
1480,2023-10-11 06:45:00,OANDA:AUDUSD,0.6425,0.64252,0.64217,0.6422,94.0,Interval.in_5_minute,56011500.0
1481,2023-10-11 06:50:00,OANDA:AUDUSD,0.6422,0.64236,0.64216,0.64217,96.0,Interval.in_5_minute,56011800.0
1482,2023-10-11 06:55:00,OANDA:AUDUSD,0.64217,0.64228,0.64212,0.64226,81.0,Interval.in_5_minute,56012100.0
1483,2023-10-11 07:00:00,OANDA:AUDUSD,0.64226,0.64254,0.64226,0.64236,77.0,Interval.in_5_minute,56012400.0
1484,2023-10-11 07:05:00,OANDA:AUDUSD,0.64236,0.64242,0.64224,0.64224,52.0,Interval.in_5_minute,56012700.0
1485,2023-10-11 07:10:00,OANDA:AUDUSD,0.64224,0.64238,0.64217,0.64236,94.0,Interval.in_5_minute,56013000.0
1486,2023-10-11 07:15:00,OANDA:AUDUSD,0.64236,0.64266,0.64234,0.64257,80.0,Interval.in_5_minute,56013300.0
1487,2023-10-11 07:20:00,OANDA:AUDUSD,0.64257,0.64257,0.6424,0.64243,126.0,Interval.in_5_minute,56013600.0
1488,2023-10-11 07:25:00,OANDA:AUDUSD,0.64243,0.64243,0.64204,0.6421,142.0,Interval.in_5_minute,56013900.0
1489,2023-10-11 07:30:00,OANDA:AUDUSD,0.6421,0.64216,0.64188,0.64192,117.0,Interval.in_5_minute,56014200.0
1490,2023-10-11 07:35:00,OANDA:AUDUSD,0.64192,0.64208,0.6419,0.64196,85.0,Interval.in_5_minute,56014500.0
1491,2023-10-11 07:40:00,OANDA:AUDUSD,0.64196,0.64203,0.64189,0.64195,89.0,Interval.in_5_minute,56014800.0
1492,2023-10-11 07:45:00,OANDA:AUDUSD,0.64195,0.64206,0.64172,0.64192,75.0,Interval.in_5_minute,56015100.0
1493,2023-10-11 07:50:00,OANDA:AUDUSD,0.64192,0.642,0.6419,0.642,69.0,Interval.in_5_minute,56015400.0
1494,2023-10-11 07:55:00,OANDA:AUDUSD,0.642,0.64206,0.64182,0.64201,121.0,Interval.in_5_minute,56015700.0
1495,2023-10-11 08:00:00,OANDA:AUDUSD,0.64201,0.6424,0.64201,0.6424,174.0,Interval.in_5_minute,56016000.0
1496,2023-10-11 08:05:00,OANDA:AUDUSD,0.6424,0.6425,0.64186,0.64212,175.0,Interval.in_5_minute,56016300.0
1497,2023-10-11 08:10:00,OANDA:AUDUSD,0.64212,0.6423,0.64206,0.64208,124.0,Interval.in_5_minute,56016600.0
1498,2023-10-11 08:15:00,OANDA:AUDUSD,0.64208,0.64216,0.64194,0.64198,131.0,Interval.in_5_minute,56016900.0
1499,2023-10-11 08:20:00,OANDA:AUDUSD,0.64198,0.64204,0.64188,0.642,136.0,Interval.in_5_minute,56017200.0
1500,2023-10-11 08:25:00,OANDA:AUDUSD,0.642,0.64224,0.64196,0.64219,86.0,Interval.in_5_minute,56017500.0
1501,2023-10-11 08:30:00,OANDA:AUDUSD,0.64219,0.64246,0.64218,0.64241,142.0,Interval.in_5_minute,56017800.0
1502,2023-10-11 08:35:00,OANDA:AUDUSD,0.64241,0.64242,0.64196,0.64196,88.0,Interval.in_5_minute,56018100.0
1503,2023-10-11 08:40:00,OANDA:AUDUSD,0.64196,0.64198,0.64156,0.64159,101.0,Interval.in_5_minute,56018400.0
1504,2023-10-11 08:45:00,OANDA:AUDUSD,0.64159,0.64178,0.64157,0.64161,101.0,Interval.in_5_minute,56018700.0
1505,2023-10-11 08:50:00,OANDA:AUDUSD,0.64161,0.64161,0.64135,0.64159,271.0,Interval.in_5_minute,56019000.0
1506,2023-10-11 08:55:00,OANDA:AUDUSD,0.64159,0.64161,0.6413,0.64147,112.0,Interval.in_5_minute,56019300.0
1507,2023-10-11 09:00:00,OANDA:AUDUSD,0.64147,0.6415,0.64113,0.64126,226.0,Interval.in_5_minute,56019600.0
1508,2023-10-11 09:05:00,OANDA:AUDUSD,0.64126,0.64136,0.64097,0.64135,204.0,Interval.in_5_minute,56019900.0
1509,2023-10-11 09:10:00,OANDA:AUDUSD,0.64135,0.64155,0.64121,0.6415,216.0,Interval.in_5_minute,56020200.0
1510,2023-10-11 09:15:00,OANDA:AUDUSD,0.6415,0.64172,0.64142,0.64154,155.0,Interval.in_5_minute,56020500.0
1511,2023-10-11 09:20:00,OANDA:AUDUSD,0.64154,0.64176,0.64152,0.64161,155.0,Interval.in_5_minute,56020800.0
1512,2023-10-11 09:25:00,OANDA:AUDUSD,0.64161,0.64176,0.6415,0.64157,124.0,Interval.in_5_minute,56021100.0
1513,2023-10-11 09:30:00,OANDA:AUDUSD,0.64157,0.64166,0.6414,0.64161,244.0,Interval.in_5_minute,56021400.0
1514,2023-10-11 09:35:00,OANDA:AUDUSD,0.64161,0.64196,0.64159,0.64194,248.0,Interval.in_5_minute,56021700.0
1515,2023-10-11 09:40:00,OANDA:AUDUSD,0.64194,0.64219,0.64194,0.642,180.0,Interval.in_5_minute,56022000.0
1516,2023-10-11 09:45:00,OANDA:AUDUSD,0.642,0.64236,0.642,0.64223,186.0,Interval.in_5_minute,56022300.0
1517,2023-10-11 09:50:00,OANDA:AUDUSD,0.64223,0.64228,0.64214,0.64222,166.0,Interval.in_5_minute,56022600.0
1518,2023-10-11 09:55:00,OANDA:AUDUSD,0.64222,0.64229,0.64181,0.64188,234.0,Interval.in_5_minute,56022900.0
1519,2023-10-11 10:00:00,OANDA:AUDUSD,0.64188,0.64218,0.64178,0.64198,478.0,Interval.in_5_minute,56023200.0
1520,2023-10-11 10:05:00,OANDA:AUDUSD,0.64198,0.64226,0.64188,0.64205,242.0,Interval.in_5_minute,56023500.0
1521,2023-10-11 10:10:00,OANDA:AUDUSD,0.64205,0.64248,0.64193,0.64248,232.0,Interval.in_5_minute,56023800.0
1522,2023-10-11 10:15:00,OANDA:AUDUSD,0.64248,0.64271,0.64231,0.64248,278.0,Interval.in_5_minute,56024100.0
1523,2023-10-11 10:20:00,OANDA:AUDUSD,0.64248,0.64284,0.64244,0.64276,214.0,Interval.in_5_minute,56024400.0
1524,2023-10-11 10:25:00,OANDA:AUDUSD,0.64276,0.64278,0.6422,0.64242,283.0,Interval.in_5_minute,56024700.0
1525,2023-10-11 10:30:00,OANDA:AUDUSD,0.64242,0.64272,0.64237,0.6425,243.0,Interval.in_5_minute,56025000.0
1526,2023-10-11 10:35:00,OANDA:AUDUSD,0.6425,0.64254,0.64206,0.64236,302.0,Interval.in_5_minute,56025300.0
1527,2023-10-11 10:40:00,OANDA:AUDUSD,0.64236,0.64344,0.64226,0.64328,454.0,Interval.in_5_minute,56025600.0
1528,2023-10-11 10:45:00,OANDA:AUDUSD,0.64328,0.64328,0.64271,0.64306,362.0,Interval.in_5_minute,56025900.0
1529,2023-10-11 10:50:00,OANDA:AUDUSD,0.64306,0.64308,0.64212,0.64222,230.0,Interval.in_5_minute,56026200.0
1530,2023-10-11 10:55:00,OANDA:AUDUSD,0.64222,0.64237,0.64165,0.6418,284.0,Interval.in_5_minute,56026500.0
1531,2023-10-11 11:00:00,OANDA:AUDUSD,0.6418,0.6418,0.64135,0.64174,370.0,Interval.in_5_minute,56026800.0
1532,2023-10-11 11:05:00,OANDA:AUDUSD,0.64174,0.64186,0.64122,0.64129,316.0,Interval.in_5_minute,56027100.0
1533,2023-10-11 11:10:00,OANDA:AUDUSD,0.64129,0.64164,0.64124,0.6415,403.0,Interval.in_5_minute,56027400.0
1534,2023-10-11 11:15:00,OANDA:AUDUSD,0.6415,0.64204,0.6414,0.64203,243.0,Interval.in_5_minute,56027700.0
1535,2023-10-11 11:20:00,OANDA:AUDUSD,0.64203,0.64208,0.64178,0.64184,259.0,Interval.in_5_minute,56028000.0
1536,2023-10-11 11:25:00,OANDA:AUDUSD,0.64184,0.64194,0.64166,0.64192,221.0,Interval.in_5_minute,56028300.0
1537,2023-10-11 11:30:00,OANDA:AUDUSD,0.64192,0.64192,0.64156,0.64165,159.0,Interval.in_5_minute,56028600.0
1538,2023-10-11 11:35:00,OANDA:AUDUSD,0.64165,0.64192,0.64163,0.64191,205.0,Interval.in_5_minute,56028900.0
1539,2023-10-11 11:40:00,OANDA:AUDUSD,0.64191,0.64232,0.64184,0.64222,173.0,Interval.in_5_minute,56029200.0
1540,2023-10-11 11:45:00,OANDA:AUDUSD,0.64222,0.6424,0.6421,0.6421,199.0,Interval.in_5_minute,56029500.0
1541,2023-10-11 11:50:00,OANDA:AUDUSD,0.6421,0.64214,0.64194,0.64208,222.0,Interval.in_5_minute,56029800.0
1542,2023-10-11 11:55:00,OANDA:AUDUSD,0.64208,0.6423,0.64208,0.64227,166.0,Interval.in_5_minute,56030100.0
1543,2023-10-11 12:00:00,OANDA:AUDUSD,0.64227,0.64262,0.64226,0.64248,192.0,Interval.in_5_minute,56030400.0
1544,2023-10-11 12:05:00,OANDA:AUDUSD,0.64248,0.64248,0.6419,0.6419,225.0,Interval.in_5_minute,56030700.0
1545,2023-10-11 12:10:00,OANDA:AUDUSD,0.6419,0.64202,0.64174,0.64189,186.0,Interval.in_5_minute,56031000.0
1546,2023-10-11 12:15:00,OANDA:AUDUSD,0.64189,0.64231,0.6418,0.64224,132.0,Interval.in_5_minute,56031300.0
1547,2023-10-11 12:20:00,OANDA:AUDUSD,0.64224,0.64242,0.64212,0.64238,188.0,Interval.in_5_minute,56031600.0
1548,2023-10-11 12:25:00,OANDA:AUDUSD,0.64238,0.64259,0.64196,0.64196,167.0,Interval.in_5_minute,56031900.0
1549,2023-10-11 12:30:00,OANDA:AUDUSD,0.64196,0.64208,0.64182,0.64198,247.0,Interval.in_5_minute,56032200.0
1550,2023-10-11 12:35:00,OANDA:AUDUSD,0.64198,0.64212,0.64188,0.64201,158.0,Interval.in_5_minute,56032500.0
1551,2023-10-11 12:40:00,OANDA:AUDUSD,0.64201,0.6423,0.642,0.6423,174.0,Interval.in_5_minute,56032800.0
1552,2023-10-11 12:45:00,OANDA:AUDUSD,0.6423,0.64237,0.64204,0.6421,225.0,Interval.in_5_minute,56033100.0
1553,2023-10-11 12:50:00,OANDA:AUDUSD,0.6421,0.64236,0.6421,0.64226,146.0,Interval.in_5_minute,56033400.0
1554,2023-10-11 12:55:00,OANDA:AUDUSD,0.64226,0.64242,0.642,0.64204,152.0,Interval.in_5_minute,56033700.0
1555,2023-10-11 13:00:00,OANDA:AUDUSD,0.64204,0.64234,0.64194,0.64214,196.0,Interval.in_5_minute,56034000.0
1556,2023-10-11 13:05:00,OANDA:AUDUSD,0.64214,0.64232,0.64202,0.64222,185.0,Interval.in_5_minute,56034300.0
1557,2023-10-11 13:10:00,OANDA:AUDUSD,0.64222,0.64227,0.64158,0.64158,198.0,Interval.in_5_minute,56034600.0
1558,2023-10-11 13:15:00,OANDA:AUDUSD,0.64158,0.64172,0.64146,0.64164,130.0,Interval.in_5_minute,56034900.0
1559,2023-10-11 13:20:00,OANDA:AUDUSD,0.64164,0.64182,0.64158,0.64172,156.0,Interval.in_5_minute,56035200.0
1560,2023-10-11 13:25:00,OANDA:AUDUSD,0.64172,0.64177,0.64156,0.64164,107.0,Interval.in_5_minute,56035500.0
1561,2023-10-11 13:30:00,OANDA:AUDUSD,0.64164,0.64167,0.64132,0.64162,186.0,Interval.in_5_minute,56035800.0
1562,2023-10-11 13:35:00,OANDA:AUDUSD,0.64162,0.64186,0.64162,0.64178,173.0,Interval.in_5_minute,56036100.0
1563,2023-10-11 13:40:00,OANDA:AUDUSD,0.64178,0.64192,0.64173,0.64176,147.0,Interval.in_5_minute,56036400.0
1564,2023-10-11 13:45:00,OANDA:AUDUSD,0.64176,0.64178,0.64156,0.64165,156.0,Interval.in_5_minute,56036700.0
1565,2023-10-11 13:50:00,OANDA:AUDUSD,0.64165,0.64182,0.64149,0.64182,179.0,Interval.in_5_minute,56037000.0
1566,2023-10-11 13:55:00,OANDA:AUDUSD,0.64182,0.64186,0.64162,0.64175,119.0,Interval.in_5_minute,56037300.0
1567,2023-10-11 14:00:00,OANDA:AUDUSD,0.64175,0.642,0.64175,0.6418,160.0,Interval.in_5_minute,56037600.0
1568,2023-10-11 14:05:00,OANDA:AUDUSD,0.6418,0.64231,0.64174,0.64222,174.0,Interval.in_5_minute,56037900.0
1569,2023-10-11 14:10:00,OANDA:AUDUSD,0.64222,0.64224,0.64198,0.64206,131.0,Interval.in_5_minute,56038200.0
1570,2023-10-11 14:15:00,OANDA:AUDUSD,0.64206,0.64212,0.64186,0.64197,212.0,Interval.in_5_minute,56038500.0
1571,2023-10-11 14:20:00,OANDA:AUDUSD,0.64197,0.64208,0.6418,0.64188,176.0,Interval.in_5_minute,56038800.0
1572,2023-10-11 14:25:00,OANDA:AUDUSD,0.64188,0.6419,0.64146,0.64146,210.0,Interval.in_5_minute,56039100.0
1573,2023-10-11 14:30:00,OANDA:AUDUSD,0.64146,0.64178,0.64126,0.64174,164.0,Interval.in_5_minute,56039400.0
1574,2023-10-11 14:35:00,OANDA:AUDUSD,0.64174,0.64174,0.64133,0.6415,221.0,Interval.in_5_minute,56039700.0
1575,2023-10-11 14:40:00,OANDA:AUDUSD,0.6415,0.6416,0.64116,0.6414,244.0,Interval.in_5_minute,56040000.0
1576,2023-10-11 14:45:00,OANDA:AUDUSD,0.6414,0.64164,0.64124,0.64164,184.0,Interval.in_5_minute,56040300.0
1577,2023-10-11 14:50:00,OANDA:AUDUSD,0.64164,0.6417,0.6415,0.64167,147.0,Interval.in_5_minute,56040600.0
1578,2023-10-11 14:55:00,OANDA:AUDUSD,0.64167,0.64167,0.64134,0.64138,190.0,Interval.in_5_minute,56040900.0
1579,2023-10-11 15:00:00,OANDA:AUDUSD,0.64138,0.64141,0.64106,0.64119,206.0,Interval.in_5_minute,56041200.0
1580,2023-10-11 15:05:00,OANDA:AUDUSD,0.64119,0.64152,0.641,0.6415,215.0,Interval.in_5_minute,56041500.0
1581,2023-10-11 15:10:00,OANDA:AUDUSD,0.6415,0.64164,0.64114,0.64152,237.0,Interval.in_5_minute,56041800.0
1582,2023-10-11 15:15:00,OANDA:AUDUSD,0.64152,0.64169,0.64144,0.64152,271.0,Interval.in_5_minute,56042100.0
1583,2023-10-11 15:20:00,OANDA:AUDUSD,0.64152,0.64182,0.64126,0.64154,360.0,Interval.in_5_minute,56042400.0
1584,2023-10-11 15:25:00,OANDA:AUDUSD,0.64154,0.64172,0.64144,0.64162,194.0,Interval.in_5_minute,56042700.0
1585,2023-10-11 15:30:00,OANDA:AUDUSD,0.64162,0.64162,0.64011,0.64113,1000.0,Interval.in_5_minute,56043000.0
1586,2023-10-11 15:35:00,OANDA:AUDUSD,0.64113,0.64166,0.64091,0.64118,625.0,Interval.in_5_minute,56043300.0
1587,2023-10-11 15:40:00,OANDA:AUDUSD,0.64118,0.64162,0.64084,0.6415,619.0,Interval.in_5_minute,56043600.0
1588,2023-10-11 15:45:00,OANDA:AUDUSD,0.6415,0.64196,0.64138,0.6419,595.0,Interval.in_5_minute,56043900.0
1589,2023-10-11 15:50:00,OANDA:AUDUSD,0.6419,0.64234,0.64151,0.64202,390.0,Interval.in_5_minute,56044200.0
1590,2023-10-11 15:55:00,OANDA:AUDUSD,0.64202,0.64221,0.64186,0.64221,227.0,Interval.in_5_minute,56044500.0
1591,2023-10-11 16:00:00,OANDA:AUDUSD,0.64221,0.64258,0.6418,0.64236,349.0,Interval.in_5_minute,56044800.0
1592,2023-10-11 16:05:00,OANDA:AUDUSD,0.64236,0.64275,0.64231,0.64237,413.0,Interval.in_5_minute,56045100.0
1593,2023-10-11 16:10:00,OANDA:AUDUSD,0.64237,0.64259,0.64197,0.64208,402.0,Interval.in_5_minute,56045400.0
1594,2023-10-11 16:15:00,OANDA:AUDUSD,0.64208,0.64243,0.64197,0.6424,408.0,Interval.in_5_minute,56045700.0
1595,2023-10-11 16:20:00,OANDA:AUDUSD,0.6424,0.64242,0.642,0.64216,209.0,Interval.in_5_minute,56046000.0
1596,2023-10-11 16:25:00,OANDA:AUDUSD,0.64216,0.64255,0.64205,0.64218,319.0,Interval.in_5_minute,56046300.0
1597,2023-10-11 16:30:00,OANDA:AUDUSD,0.64218,0.64244,0.64166,0.64187,561.0,Interval.in_5_minute,56046600.0
1598,2023-10-11 16:35:00,OANDA:AUDUSD,0.64187,0.64204,0.64142,0.64192,615.0,Interval.in_5_minute,56046900.0
1599,2023-10-11 16:40:00,OANDA:AUDUSD,0.64192,0.64202,0.64154,0.64179,419.0,Interval.in_5_minute,56047200.0
1600,2023-10-11 16:45:00,OANDA:AUDUSD,0.64179,0.64224,0.64156,0.64194,489.0,Interval.in_5_minute,56047500.0
1601,2023-10-11 16:50:00,OANDA:AUDUSD,0.64194,0.64225,0.64155,0.64212,397.0,Interval.in_5_minute,56047800.0
1602,2023-10-11 16:55:00,OANDA:AUDUSD,0.64212,0.64278,0.64212,0.64252,395.0,Interval.in_5_minute,56048100.0
1603,2023-10-11 17:00:00,OANDA:AUDUSD,0.64252,0.64259,0.6421,0.64236,389.0,Interval.in_5_minute,56048400.0
1604,2023-10-11 17:05:00,OANDA:AUDUSD,0.64236,0.64264,0.64224,0.64246,369.0,Interval.in_5_minute,56048700.0
1605,2023-10-11 17:10:00,OANDA:AUDUSD,0.64246,0.64246,0.6417,0.64173,315.0,Interval.in_5_minute,56049000.0
1606,2023-10-11 17:15:00,OANDA:AUDUSD,0.64173,0.64192,0.64163,0.64174,275.0,Interval.in_5_minute,56049300.0
1607,2023-10-11 17:20:00,OANDA:AUDUSD,0.64174,0.64223,0.64164,0.6421,364.0,Interval.in_5_minute,56049600.0
1608,2023-10-11 17:25:00,OANDA:AUDUSD,0.6421,0.64224,0.64194,0.64214,300.0,Interval.in_5_minute,56049900.0
1609,2023-10-11 17:30:00,OANDA:AUDUSD,0.64214,0.64224,0.64168,0.64178,307.0,Interval.in_5_minute,56050200.0
1610,2023-10-11 17:35:00,OANDA:AUDUSD,0.64178,0.64189,0.64136,0.64182,394.0,Interval.in_5_minute,56050500.0
1611,2023-10-11 17:40:00,OANDA:AUDUSD,0.64182,0.64212,0.64179,0.64202,316.0,Interval.in_5_minute,56050800.0
1612,2023-10-11 17:45:00,OANDA:AUDUSD,0.64202,0.64206,0.64132,0.64142,292.0,Interval.in_5_minute,56051100.0
1613,2023-10-11 17:50:00,OANDA:AUDUSD,0.64142,0.64162,0.64124,0.64146,344.0,Interval.in_5_minute,56051400.0
1614,2023-10-11 17:55:00,OANDA:AUDUSD,0.64146,0.64165,0.64134,0.64156,319.0,Interval.in_5_minute,56051700.0
1615,2023-10-11 18:00:00,OANDA:AUDUSD,0.64156,0.6417,0.64112,0.64122,218.0,Interval.in_5_minute,56052000.0
1616,2023-10-11 18:05:00,OANDA:AUDUSD,0.64122,0.64146,0.6411,0.64116,352.0,Interval.in_5_minute,56052300.0
1617,2023-10-11 18:10:00,OANDA:AUDUSD,0.64116,0.64138,0.64092,0.64111,296.0,Interval.in_5_minute,56052600.0
1618,2023-10-11 18:15:00,OANDA:AUDUSD,0.64111,0.64114,0.64052,0.64054,292.0,Interval.in_5_minute,56052900.0
1619,2023-10-11 18:20:00,OANDA:AUDUSD,0.64054,0.6409,0.64036,0.64089,191.0,Interval.in_5_minute,56053200.0
1620,2023-10-11 18:25:00,OANDA:AUDUSD,0.64089,0.64114,0.64078,0.64108,165.0,Interval.in_5_minute,56053500.0
1621,2023-10-11 18:30:00,OANDA:AUDUSD,0.64108,0.64128,0.64106,0.64124,157.0,Interval.in_5_minute,56053800.0
1622,2023-10-11 18:35:00,OANDA:AUDUSD,0.64124,0.64138,0.64098,0.64108,223.0,Interval.in_5_minute,56054100.0
1623,2023-10-11 18:40:00,OANDA:AUDUSD,0.64108,0.64114,0.64066,0.6407,248.0,Interval.in_5_minute,56054400.0
1624,2023-10-11 18:45:00,OANDA:AUDUSD,0.6407,0.64087,0.64065,0.64076,226.0,Interval.in_5_minute,56054700.0
1625,2023-10-11 18:50:00,OANDA:AUDUSD,0.64076,0.6408,0.64051,0.6407,168.0,Interval.in_5_minute,56055000.0
1626,2023-10-11 18:55:00,OANDA:AUDUSD,0.6407,0.64086,0.64055,0.64064,243.0,Interval.in_5_minute,56055300.0
1627,2023-10-11 19:00:00,OANDA:AUDUSD,0.64064,0.64072,0.64052,0.6407,219.0,Interval.in_5_minute,56055600.0
1628,2023-10-11 19:05:00,OANDA:AUDUSD,0.6407,0.64082,0.64058,0.64072,184.0,Interval.in_5_minute,56055900.0
1629,2023-10-11 19:10:00,OANDA:AUDUSD,0.64072,0.64081,0.64061,0.64066,137.0,Interval.in_5_minute,56056200.0
1630,2023-10-11 19:15:00,OANDA:AUDUSD,0.64066,0.6407,0.64026,0.64054,202.0,Interval.in_5_minute,56056500.0
1631,2023-10-11 19:20:00,OANDA:AUDUSD,0.64054,0.64054,0.64008,0.6402,215.0,Interval.in_5_minute,56056800.0
1632,2023-10-11 19:25:00,OANDA:AUDUSD,0.6402,0.6402,0.63977,0.64005,210.0,Interval.in_5_minute,56057100.0
1633,2023-10-11 19:30:00,OANDA:AUDUSD,0.64005,0.64033,0.6399,0.6401,156.0,Interval.in_5_minute,56057400.0
1634,2023-10-11 19:35:00,OANDA:AUDUSD,0.6401,0.6404,0.64007,0.6404,103.0,Interval.in_5_minute,56057700.0
1635,2023-10-11 19:40:00,OANDA:AUDUSD,0.6404,0.64057,0.6404,0.64052,98.0,Interval.in_5_minute,56058000.0
1636,2023-10-11 19:45:00,OANDA:AUDUSD,0.64052,0.64061,0.64031,0.64032,133.0,Interval.in_5_minute,56058300.0
1637,2023-10-11 19:50:00,OANDA:AUDUSD,0.64032,0.64045,0.64007,0.64024,156.0,Interval.in_5_minute,56058600.0
1638,2023-10-11 19:55:00,OANDA:AUDUSD,0.64024,0.64041,0.64004,0.64035,159.0,Interval.in_5_minute,56058900.0
1639,2023-10-11 20:00:00,OANDA:AUDUSD,0.64035,0.64052,0.64,0.64,252.0,Interval.in_5_minute,56059200.0
1640,2023-10-11 20:05:00,OANDA:AUDUSD,0.64,0.6402,0.63994,0.6402,210.0,Interval.in_5_minute,56059500.0
1641,2023-10-11 20:10:00,OANDA:AUDUSD,0.6402,0.64044,0.64016,0.6403,210.0,Interval.in_5_minute,56059800.0
1642,2023-10-11 20:15:00,OANDA:AUDUSD,0.6403,0.6403,0.63991,0.64006,228.0,Interval.in_5_minute,56060100.0
1643,2023-10-11 20:20:00,OANDA:AUDUSD,0.64006,0.64013,0.63993,0.64002,161.0,Interval.in_5_minute,56060400.0
1644,2023-10-11 20:25:00,OANDA:AUDUSD,0.64002,0.64013,0.6399,0.64004,163.0,Interval.in_5_minute,56060700.0
1645,2023-10-11 20:30:00,OANDA:AUDUSD,0.64004,0.64004,0.6392,0.6392,203.0,Interval.in_5_minute,56061000.0
1646,2023-10-11 20:35:00,OANDA:AUDUSD,0.6392,0.6392,0.63883,0.63884,189.0,Interval.in_5_minute,56061300.0
1647,2023-10-11 20:40:00,OANDA:AUDUSD,0.63884,0.63902,0.63882,0.63901,132.0,Interval.in_5_minute,56061600.0
1648,2023-10-11 20:45:00,OANDA:AUDUSD,0.63901,0.63906,0.63883,0.63889,188.0,Interval.in_5_minute,56061900.0
1649,2023-10-11 20:50:00,OANDA:AUDUSD,0.63889,0.63938,0.63889,0.63926,146.0,Interval.in_5_minute,56062200.0
1650,2023-10-11 20:55:00,OANDA:AUDUSD,0.63926,0.63964,0.63925,0.63962,135.0,Interval.in_5_minute,56062500.0
1651,2023-10-11 21:00:00,OANDA:AUDUSD,0.63962,0.64016,0.63955,0.63965,362.0,Interval.in_5_minute,56062800.0
1652,2023-10-11 21:05:00,OANDA:AUDUSD,0.63965,0.64001,0.63955,0.63974,199.0,Interval.in_5_minute,56063100.0
1653,2023-10-11 21:10:00,OANDA:AUDUSD,0.63974,0.63986,0.63955,0.63962,253.0,Interval.in_5_minute,56063400.0
1654,2023-10-11 21:15:00,OANDA:AUDUSD,0.63962,0.64,0.6396,0.63976,169.0,Interval.in_5_minute,56063700.0
1655,2023-10-11 21:20:00,OANDA:AUDUSD,0.63976,0.64004,0.63972,0.64004,144.0,Interval.in_5_minute,56064000.0
1656,2023-10-11 21:25:00,OANDA:AUDUSD,0.64004,0.64037,0.63999,0.64006,234.0,Interval.in_5_minute,56064300.0
1657,2023-10-11 21:30:00,OANDA:AUDUSD,0.64006,0.64036,0.64002,0.64024,117.0,Interval.in_5_minute,56064600.0
1658,2023-10-11 21:35:00,OANDA:AUDUSD,0.64024,0.64059,0.64024,0.64042,202.0,Interval.in_5_minute,56064900.0
1659,2023-10-11 21:40:00,OANDA:AUDUSD,0.64042,0.64062,0.64035,0.64052,219.0,Interval.in_5_minute,56065200.0
1660,2023-10-11 21:45:00,OANDA:AUDUSD,0.64052,0.64069,0.64034,0.64058,181.0,Interval.in_5_minute,56065500.0
1661,2023-10-11 21:50:00,OANDA:AUDUSD,0.64058,0.64091,0.64048,0.64086,194.0,Interval.in_5_minute,56065800.0
1662,2023-10-11 21:55:00,OANDA:AUDUSD,0.64086,0.64086,0.64047,0.6406,221.0,Interval.in_5_minute,56066100.0
1663,2023-10-11 22:00:00,OANDA:AUDUSD,0.6406,0.64085,0.64059,0.6408,238.0,Interval.in_5_minute,56066400.0
1664,2023-10-11 22:05:00,OANDA:AUDUSD,0.6408,0.64088,0.64071,0.64087,118.0,Interval.in_5_minute,56066700.0
1665,2023-10-11 22:10:00,OANDA:AUDUSD,0.64087,0.64094,0.6407,0.64076,185.0,Interval.in_5_minute,56067000.0
1666,2023-10-11 22:15:00,OANDA:AUDUSD,0.64076,0.64081,0.64053,0.64059,97.0,Interval.in_5_minute,56067300.0
1667,2023-10-11 22:20:00,OANDA:AUDUSD,0.64059,0.64086,0.64044,0.64086,89.0,Interval.in_5_minute,56067600.0
1668,2023-10-11 22:25:00,OANDA:AUDUSD,0.64086,0.64096,0.64075,0.64094,150.0,Interval.in_5_minute,56067900.0
1669,2023-10-11 22:30:00,OANDA:AUDUSD,0.64094,0.64102,0.64085,0.64093,149.0,Interval.in_5_minute,56068200.0
1670,2023-10-11 22:35:00,OANDA:AUDUSD,0.64093,0.64112,0.64092,0.6411,171.0,Interval.in_5_minute,56068500.0
1671,2023-10-11 22:40:00,OANDA:AUDUSD,0.6411,0.64122,0.64102,0.64111,121.0,Interval.in_5_minute,56068800.0
1672,2023-10-11 22:45:00,OANDA:AUDUSD,0.64111,0.64118,0.641,0.64102,98.0,Interval.in_5_minute,56069100.0
1673,2023-10-11 22:50:00,OANDA:AUDUSD,0.64102,0.64111,0.641,0.64106,119.0,Interval.in_5_minute,56069400.0
1674,2023-10-11 22:55:00,OANDA:AUDUSD,0.64106,0.64117,0.64102,0.64107,149.0,Interval.in_5_minute,56069700.0
1675,2023-10-11 23:00:00,OANDA:AUDUSD,0.64107,0.64132,0.64104,0.64132,100.0,Interval.in_5_minute,56070000.0
1676,2023-10-11 23:05:00,OANDA:AUDUSD,0.64132,0.64136,0.6413,0.64132,32.0,Interval.in_5_minute,56070300.0
1677,2023-10-11 23:10:00,OANDA:AUDUSD,0.64132,0.64138,0.64128,0.64137,66.0,Interval.in_5_minute,56070600.0
1678,2023-10-11 23:15:00,OANDA:AUDUSD,0.64137,0.64146,0.64135,0.64146,40.0,Interval.in_5_minute,56070900.0
1679,2023-10-11 23:20:00,OANDA:AUDUSD,0.64146,0.6415,0.64146,0.64147,20.0,Interval.in_5_minute,56071200.0
1680,2023-10-11 23:25:00,OANDA:AUDUSD,0.64147,0.6415,0.64141,0.64142,42.0,Interval.in_5_minute,56071500.0
1681,2023-10-11 23:30:00,OANDA:AUDUSD,0.64142,0.64143,0.64134,0.6414,66.0,Interval.in_5_minute,56071800.0
1682,2023-10-11 23:35:00,OANDA:AUDUSD,0.6414,0.6414,0.64128,0.64132,28.0,Interval.in_5_minute,56072100.0
1683,2023-10-11 23:40:00,OANDA:AUDUSD,0.64132,0.64132,0.64128,0.64132,31.0,Interval.in_5_minute,56072400.0
1684,2023-10-11 23:45:00,OANDA:AUDUSD,0.64132,0.6414,0.6413,0.6414,47.0,Interval.in_5_minute,56072700.0
1685,2023-10-11 23:50:00,OANDA:AUDUSD,0.6414,0.64142,0.64136,0.64137,12.0,Interval.in_5_minute,56073000.0
1686,2023-10-11 23:55:00,OANDA:AUDUSD,0.64137,0.64138,0.64134,0.64136,32.0,Interval.in_5_minute,56073300.0
1687,2023-10-12 00:00:00,OANDA:AUDUSD,0.64136,0.64136,0.64075,0.64077,43.0,Interval.in_5_minute,56073600.0
1688,2023-10-12 00:05:00,OANDA:AUDUSD,0.64077,0.6416,0.64076,0.64159,137.0,Interval.in_5_minute,56073900.0
1689,2023-10-12 00:10:00,OANDA:AUDUSD,0.64159,0.64176,0.64158,0.64168,24.0,Interval.in_5_minute,56074200.0
1690,2023-10-12 00:15:00,OANDA:AUDUSD,0.64168,0.64168,0.64147,0.64147,25.0,Interval.in_5_minute,56074500.0
1691,2023-10-12 00:20:00,OANDA:AUDUSD,0.64147,0.64147,0.64111,0.6412,33.0,Interval.in_5_minute,56074800.0
1692,2023-10-12 00:25:00,OANDA:AUDUSD,0.6412,0.64134,0.6412,0.64134,24.0,Interval.in_5_minute,56075100.0
1693,2023-10-12 00:30:00,OANDA:AUDUSD,0.64134,0.64137,0.64116,0.64125,82.0,Interval.in_5_minute,56075400.0
1694,2023-10-12 00:35:00,OANDA:AUDUSD,0.64125,0.64148,0.64124,0.64148,49.0,Interval.in_5_minute,56075700.0
1695,2023-10-12 00:40:00,OANDA:AUDUSD,0.64148,0.64148,0.64138,0.64144,44.0,Interval.in_5_minute,56076000.0
1696,2023-10-12 00:45:00,OANDA:AUDUSD,0.64144,0.64152,0.64142,0.64152,20.0,Interval.in_5_minute,56076300.0
1697,2023-10-12 00:50:00,OANDA:AUDUSD,0.64152,0.64154,0.64148,0.64152,20.0,Interval.in_5_minute,56076600.0
1698,2023-10-12 00:55:00,OANDA:AUDUSD,0.64152,0.64157,0.64108,0.64146,84.0,Interval.in_5_minute,56076900.0
1699,2023-10-12 01:00:00,OANDA:AUDUSD,0.64146,0.64158,0.64124,0.64128,79.0,Interval.in_5_minute,56077200.0
1700,2023-10-12 01:05:00,OANDA:AUDUSD,0.64128,0.64144,0.64128,0.64141,51.0,Interval.in_5_minute,56077500.0
1701,2023-10-12 01:10:00,OANDA:AUDUSD,0.64141,0.64149,0.6414,0.6414,31.0,Interval.in_5_minute,56077800.0
1702,2023-10-12 01:15:00,OANDA:AUDUSD,0.6414,0.64146,0.64136,0.64145,33.0,Interval.in_5_minute,56078100.0
1703,2023-10-12 01:20:00,OANDA:AUDUSD,0.64145,0.64154,0.64142,0.6415,45.0,Interval.in_5_minute,56078400.0
1704,2023-10-12 01:25:00,OANDA:AUDUSD,0.6415,0.64158,0.6415,0.64153,33.0,Interval.in_5_minute,56078700.0
1705,2023-10-12 01:30:00,OANDA:AUDUSD,0.64153,0.64157,0.64152,0.64154,22.0,Interval.in_5_minute,56079000.0
1706,2023-10-12 01:35:00,OANDA:AUDUSD,0.64154,0.64154,0.64149,0.64153,17.0,Interval.in_5_minute,56079300.0
1707,2023-10-12 01:40:00,OANDA:AUDUSD,0.64153,0.64153,0.64144,0.64148,14.0,Interval.in_5_minute,56079600.0
1708,2023-10-12 01:45:00,OANDA:AUDUSD,0.64148,0.64156,0.64147,0.64156,43.0,Interval.in_5_minute,56079900.0
1709,2023-10-12 01:50:00,OANDA:AUDUSD,0.64156,0.64164,0.64156,0.64162,29.0,Interval.in_5_minute,56080200.0
1710,2023-10-12 01:55:00,OANDA:AUDUSD,0.64162,0.64176,0.64162,0.64176,23.0,Interval.in_5_minute,56080500.0
1711,2023-10-12 02:00:00,OANDA:AUDUSD,0.64176,0.64184,0.64174,0.64178,45.0,Interval.in_5_minute,56080800.0
1712,2023-10-12 02:05:00,OANDA:AUDUSD,0.64178,0.64183,0.64178,0.64179,24.0,Interval.in_5_minute,56081100.0
1713,2023-10-12 02:10:00,OANDA:AUDUSD,0.64179,0.64183,0.64178,0.64181,27.0,Interval.in_5_minute,56081400.0
1714,2023-10-12 02:15:00,OANDA:AUDUSD,0.64181,0.64187,0.64179,0.64184,14.0,Interval.in_5_minute,56081700.0
1715,2023-10-12 02:20:00,OANDA:AUDUSD,0.64184,0.64184,0.64174,0.64182,58.0,Interval.in_5_minute,56082000.0
1716,2023-10-12 02:25:00,OANDA:AUDUSD,0.64182,0.64202,0.64182,0.6419,54.0,Interval.in_5_minute,56082300.0
1717,2023-10-12 02:30:00,OANDA:AUDUSD,0.6419,0.642,0.6419,0.642,28.0,Interval.in_5_minute,56082600.0
1718,2023-10-12 02:35:00,OANDA:AUDUSD,0.642,0.642,0.64172,0.64172,32.0,Interval.in_5_minute,56082900.0
1719,2023-10-12 02:40:00,OANDA:AUDUSD,0.64172,0.64174,0.6416,0.64172,82.0,Interval.in_5_minute,56083200.0
1720,2023-10-12 02:45:00,OANDA:AUDUSD,0.64172,0.64186,0.64171,0.64186,21.0,Interval.in_5_minute,56083500.0
1721,2023-10-12 02:50:00,OANDA:AUDUSD,0.64186,0.6419,0.64179,0.64184,23.0,Interval.in_5_minute,56083800.0
1722,2023-10-12 02:55:00,OANDA:AUDUSD,0.64184,0.64189,0.64175,0.6418,52.0,Interval.in_5_minute,56084100.0
1723,2023-10-12 03:00:00,OANDA:AUDUSD,0.6418,0.64204,0.64176,0.642,177.0,Interval.in_5_minute,56084400.0
1724,2023-10-12 03:05:00,OANDA:AUDUSD,0.642,0.64216,0.64188,0.64212,117.0,Interval.in_5_minute,56084700.0
1725,2023-10-12 03:10:00,OANDA:AUDUSD,0.64212,0.64212,0.64163,0.6417,176.0,Interval.in_5_minute,56085000.0
1726,2023-10-12 03:15:00,OANDA:AUDUSD,0.6417,0.64187,0.64169,0.6417,95.0,Interval.in_5_minute,56085300.0
1727,2023-10-12 03:20:00,OANDA:AUDUSD,0.6417,0.64185,0.64168,0.64177,132.0,Interval.in_5_minute,56085600.0
1728,2023-10-12 03:25:00,OANDA:AUDUSD,0.64177,0.64178,0.64164,0.64164,128.0,Interval.in_5_minute,56085900.0
1729,2023-10-12 03:30:00,OANDA:AUDUSD,0.64164,0.64168,0.64149,0.6415,119.0,Interval.in_5_minute,56086200.0
1730,2023-10-12 03:35:00,OANDA:AUDUSD,0.6415,0.6417,0.64144,0.6417,142.0,Interval.in_5_minute,56086500.0
1731,2023-10-12 03:40:00,OANDA:AUDUSD,0.6417,0.64184,0.64158,0.64182,145.0,Interval.in_5_minute,56086800.0
1732,2023-10-12 03:45:00,OANDA:AUDUSD,0.64182,0.64215,0.6418,0.64206,188.0,Interval.in_5_minute,56087100.0
1733,2023-10-12 03:50:00,OANDA:AUDUSD,0.64206,0.64209,0.64171,0.64188,197.0,Interval.in_5_minute,56087400.0
1734,2023-10-12 03:55:00,OANDA:AUDUSD,0.64188,0.64188,0.64158,0.64174,142.0,Interval.in_5_minute,56087700.0
1735,2023-10-12 04:00:00,OANDA:AUDUSD,0.64174,0.64191,0.64166,0.64182,103.0,Interval.in_5_minute,56088000.0
1736,2023-10-12 04:05:00,OANDA:AUDUSD,0.64182,0.64195,0.64168,0.64191,110.0,Interval.in_5_minute,56088300.0
1737,2023-10-12 04:10:00,OANDA:AUDUSD,0.64191,0.6423,0.64191,0.64226,101.0,Interval.in_5_minute,56088600.0
1738,2023-10-12 04:15:00,OANDA:AUDUSD,0.64226,0.6426,0.64226,0.6424,216.0,Interval.in_5_minute,56088900.0
1739,2023-10-12 04:20:00,OANDA:AUDUSD,0.6424,0.64244,0.64212,0.64219,199.0,Interval.in_5_minute,56089200.0
1740,2023-10-12 04:25:00,OANDA:AUDUSD,0.64219,0.64229,0.64207,0.64219,149.0,Interval.in_5_minute,56089500.0
1741,2023-10-12 04:30:00,OANDA:AUDUSD,0.64219,0.64219,0.64174,0.64206,232.0,Interval.in_5_minute,56089800.0
1742,2023-10-12 04:35:00,OANDA:AUDUSD,0.64206,0.64226,0.642,0.64211,181.0,Interval.in_5_minute,56090100.0
1743,2023-10-12 04:40:00,OANDA:AUDUSD,0.64211,0.6427,0.64205,0.6426,225.0,Interval.in_5_minute,56090400.0
1744,2023-10-12 04:45:00,OANDA:AUDUSD,0.6426,0.6427,0.64232,0.64244,169.0,Interval.in_5_minute,56090700.0
1745,2023-10-12 04:50:00,OANDA:AUDUSD,0.64244,0.64258,0.64238,0.64258,216.0,Interval.in_5_minute,56091000.0
1746,2023-10-12 04:55:00,OANDA:AUDUSD,0.64258,0.6426,0.64214,0.64221,225.0,Interval.in_5_minute,56091300.0
1747,2023-10-12 05:00:00,OANDA:AUDUSD,0.64221,0.6424,0.6421,0.6422,216.0,Interval.in_5_minute,56091600.0
1748,2023-10-12 05:05:00,OANDA:AUDUSD,0.6422,0.64224,0.64199,0.64199,134.0,Interval.in_5_minute,56091900.0
1749,2023-10-12 05:10:00,OANDA:AUDUSD,0.64199,0.64211,0.64164,0.64167,142.0,Interval.in_5_minute,56092200.0
1750,2023-10-12 05:15:00,OANDA:AUDUSD,0.64167,0.642,0.64166,0.64194,116.0,Interval.in_5_minute,56092500.0
1751,2023-10-12 05:20:00,OANDA:AUDUSD,0.64194,0.64196,0.6415,0.64151,165.0,Interval.in_5_minute,56092800.0
1752,2023-10-12 05:25:00,OANDA:AUDUSD,0.64151,0.64158,0.6412,0.64123,132.0,Interval.in_5_minute,56093100.0
1753,2023-10-12 05:30:00,OANDA:AUDUSD,0.64123,0.64174,0.64122,0.64162,166.0,Interval.in_5_minute,56093400.0
1754,2023-10-12 05:35:00,OANDA:AUDUSD,0.64162,0.64164,0.64141,0.64152,107.0,Interval.in_5_minute,56093700.0
1755,2023-10-12 05:40:00,OANDA:AUDUSD,0.64152,0.64164,0.64132,0.6414,148.0,Interval.in_5_minute,56094000.0
1756,2023-10-12 05:45:00,OANDA:AUDUSD,0.6414,0.64142,0.64121,0.64129,148.0,Interval.in_5_minute,56094300.0
1757,2023-10-12 05:50:00,OANDA:AUDUSD,0.64129,0.64135,0.6412,0.64128,128.0,Interval.in_5_minute,56094600.0
1758,2023-10-12 05:55:00,OANDA:AUDUSD,0.64128,0.64138,0.64118,0.64135,97.0,Interval.in_5_minute,56094900.0
1759,2023-10-12 06:00:00,OANDA:AUDUSD,0.64135,0.64154,0.64128,0.64154,86.0,Interval.in_5_minute,56095200.0
1760,2023-10-12 06:05:00,OANDA:AUDUSD,0.64154,0.6416,0.64142,0.64145,100.0,Interval.in_5_minute,56095500.0
1761,2023-10-12 06:10:00,OANDA:AUDUSD,0.64145,0.64151,0.64131,0.64146,96.0,Interval.in_5_minute,56095800.0
1762,2023-10-12 06:15:00,OANDA:AUDUSD,0.64146,0.64165,0.64138,0.64138,111.0,Interval.in_5_minute,56096100.0
1763,2023-10-12 06:20:00,OANDA:AUDUSD,0.64138,0.64178,0.64136,0.64171,137.0,Interval.in_5_minute,56096400.0
1764,2023-10-12 06:25:00,OANDA:AUDUSD,0.64171,0.64173,0.64131,0.64134,187.0,Interval.in_5_minute,56096700.0
1765,2023-10-12 06:30:00,OANDA:AUDUSD,0.64134,0.6418,0.64124,0.64176,189.0,Interval.in_5_minute,56097000.0
1766,2023-10-12 06:35:00,OANDA:AUDUSD,0.64176,0.64187,0.64157,0.64158,169.0,Interval.in_5_minute,56097300.0
1767,2023-10-12 06:40:00,OANDA:AUDUSD,0.64158,0.64176,0.64158,0.64174,93.0,Interval.in_5_minute,56097600.0
1768,2023-10-12 06:45:00,OANDA:AUDUSD,0.64174,0.64183,0.64171,0.64178,77.0,Interval.in_5_minute,56097900.0
1769,2023-10-12 06:50:00,OANDA:AUDUSD,0.64178,0.64186,0.64175,0.64186,51.0,Interval.in_5_minute,56098200.0
1770,2023-10-12 06:55:00,OANDA:AUDUSD,0.64186,0.64209,0.64184,0.64209,85.0,Interval.in_5_minute,56098500.0
1771,2023-10-12 07:00:00,OANDA:AUDUSD,0.64209,0.64222,0.64198,0.64198,63.0,Interval.in_5_minute,56098800.0
1772,2023-10-12 07:05:00,OANDA:AUDUSD,0.64198,0.64226,0.64198,0.6422,138.0,Interval.in_5_minute,56099100.0
1773,2023-10-12 07:10:00,OANDA:AUDUSD,0.6422,0.64224,0.64204,0.64214,85.0,Interval.in_5_minute,56099400.0
1774,2023-10-12 07:15:00,OANDA:AUDUSD,0.64214,0.64225,0.64214,0.64216,65.0,Interval.in_5_minute,56099700.0
1775,2023-10-12 07:20:00,OANDA:AUDUSD,0.64216,0.64223,0.64214,0.64214,38.0,Interval.in_5_minute,56100000.0
1776,2023-10-12 07:25:00,OANDA:AUDUSD,0.64214,0.64214,0.64202,0.64204,46.0,Interval.in_5_minute,56100300.0
1777,2023-10-12 07:30:00,OANDA:AUDUSD,0.64204,0.64223,0.64191,0.64223,84.0,Interval.in_5_minute,56100600.0
1778,2023-10-12 07:35:00,OANDA:AUDUSD,0.64223,0.64225,0.642,0.64204,53.0,Interval.in_5_minute,56100900.0
1779,2023-10-12 07:40:00,OANDA:AUDUSD,0.64204,0.6422,0.64192,0.64217,87.0,Interval.in_5_minute,56101200.0
1780,2023-10-12 07:45:00,OANDA:AUDUSD,0.64217,0.64228,0.642,0.64228,89.0,Interval.in_5_minute,56101500.0
1781,2023-10-12 07:50:00,OANDA:AUDUSD,0.64228,0.64238,0.64222,0.64224,100.0,Interval.in_5_minute,56101800.0
1782,2023-10-12 07:55:00,OANDA:AUDUSD,0.64224,0.64234,0.6422,0.64228,75.0,Interval.in_5_minute,56102100.0
1783,2023-10-12 08:00:00,OANDA:AUDUSD,0.64228,0.64232,0.64216,0.64223,59.0,Interval.in_5_minute,56102400.0
1784,2023-10-12 08:05:00,OANDA:AUDUSD,0.64223,0.64232,0.64214,0.64214,45.0,Interval.in_5_minute,56102700.0
1785,2023-10-12 08:10:00,OANDA:AUDUSD,0.64214,0.64215,0.64204,0.64214,56.0,Interval.in_5_minute,56103000.0
1786,2023-10-12 08:15:00,OANDA:AUDUSD,0.64214,0.64215,0.642,0.64206,79.0,Interval.in_5_minute,56103300.0
1787,2023-10-12 08:20:00,OANDA:AUDUSD,0.64206,0.64206,0.64178,0.64186,91.0,Interval.in_5_minute,56103600.0
1788,2023-10-12 08:25:00,OANDA:AUDUSD,0.64186,0.6421,0.64178,0.64203,56.0,Interval.in_5_minute,56103900.0
1789,2023-10-12 08:30:00,OANDA:AUDUSD,0.64203,0.64203,0.6417,0.64176,116.0,Interval.in_5_minute,56104200.0
1790,2023-10-12 08:35:00,OANDA:AUDUSD,0.64176,0.64198,0.64173,0.6418,161.0,Interval.in_5_minute,56104500.0
1791,2023-10-12 08:40:00,OANDA:AUDUSD,0.6418,0.64187,0.6417,0.64174,169.0,Interval.in_5_minute,56104800.0
1792,2023-10-12 08:45:00,OANDA:AUDUSD,0.64174,0.64192,0.64173,0.6418,112.0,Interval.in_5_minute,56105100.0
1793,2023-10-12 08:50:00,OANDA:AUDUSD,0.6418,0.6418,0.64164,0.64173,71.0,Interval.in_5_minute,56105400.0
1794,2023-10-12 08:55:00,OANDA:AUDUSD,0.64173,0.64176,0.64144,0.64164,124.0,Interval.in_5_minute,56105700.0
1795,2023-10-12 09:00:00,OANDA:AUDUSD,0.64164,0.6421,0.64144,0.6419,288.0,Interval.in_5_minute,56106000.0
1796,2023-10-12 09:05:00,OANDA:AUDUSD,0.6419,0.64198,0.64144,0.64182,261.0,Interval.in_5_minute,56106300.0
1797,2023-10-12 09:10:00,OANDA:AUDUSD,0.64182,0.64202,0.6417,0.64186,162.0,Interval.in_5_minute,56106600.0
1798,2023-10-12 09:15:00,OANDA:AUDUSD,0.64186,0.64204,0.64184,0.64188,168.0,Interval.in_5_minute,56106900.0
1799,2023-10-12 09:20:00,OANDA:AUDUSD,0.64188,0.64194,0.64156,0.6418,194.0,Interval.in_5_minute,56107200.0
1800,2023-10-12 09:25:00,OANDA:AUDUSD,0.6418,0.64225,0.64165,0.6419,254.0,Interval.in_5_minute,56107500.0
1801,2023-10-12 09:30:00,OANDA:AUDUSD,0.6419,0.64212,0.64174,0.64195,194.0,Interval.in_5_minute,56107800.0
1802,2023-10-12 09:35:00,OANDA:AUDUSD,0.64195,0.6427,0.64194,0.64265,258.0,Interval.in_5_minute,56108100.0
1803,2023-10-12 09:40:00,OANDA:AUDUSD,0.64265,0.64311,0.64259,0.643,272.0,Interval.in_5_minute,56108400.0
1804,2023-10-12 09:45:00,OANDA:AUDUSD,0.643,0.64303,0.64283,0.64297,154.0,Interval.in_5_minute,56108700.0
1805,2023-10-12 09:50:00,OANDA:AUDUSD,0.64297,0.64298,0.64243,0.64246,160.0,Interval.in_5_minute,56109000.0
1806,2023-10-12 09:55:00,OANDA:AUDUSD,0.64246,0.64262,0.64229,0.64246,175.0,Interval.in_5_minute,56109300.0
1807,2023-10-12 10:00:00,OANDA:AUDUSD,0.64246,0.64247,0.64204,0.64208,252.0,Interval.in_5_minute,56109600.0
1808,2023-10-12 10:05:00,OANDA:AUDUSD,0.64208,0.64209,0.64164,0.64172,252.0,Interval.in_5_minute,56109900.0
1809,2023-10-12 10:10:00,OANDA:AUDUSD,0.64172,0.64206,0.64162,0.64164,183.0,Interval.in_5_minute,56110200.0
1810,2023-10-12 10:15:00,OANDA:AUDUSD,0.64164,0.64164,0.6413,0.64154,177.0,Interval.in_5_minute,56110500.0
1811,2023-10-12 10:20:00,OANDA:AUDUSD,0.64154,0.64172,0.64144,0.64166,171.0,Interval.in_5_minute,56110800.0
1812,2023-10-12 10:25:00,OANDA:AUDUSD,0.64166,0.64174,0.64122,0.64122,142.0,Interval.in_5_minute,56111100.0
1813,2023-10-12 10:30:00,OANDA:AUDUSD,0.64122,0.64162,0.64122,0.64162,204.0,Interval.in_5_minute,56111400.0
1814,2023-10-12 10:35:00,OANDA:AUDUSD,0.64162,0.6417,0.64136,0.64169,151.0,Interval.in_5_minute,56111700.0
1815,2023-10-12 10:40:00,OANDA:AUDUSD,0.64169,0.64174,0.64128,0.64131,164.0,Interval.in_5_minute,56112000.0
1816,2023-10-12 10:45:00,OANDA:AUDUSD,0.64131,0.64138,0.64116,0.64118,190.0,Interval.in_5_minute,56112300.0
1817,2023-10-12 10:50:00,OANDA:AUDUSD,0.64118,0.64123,0.64062,0.64062,203.0,Interval.in_5_minute,56112600.0
1818,2023-10-12 10:55:00,OANDA:AUDUSD,0.64062,0.64114,0.64062,0.641,203.0,Interval.in_5_minute,56112900.0
1819,2023-10-12 11:00:00,OANDA:AUDUSD,0.641,0.64123,0.64078,0.6411,235.0,Interval.in_5_minute,56113200.0
1820,2023-10-12 11:05:00,OANDA:AUDUSD,0.6411,0.6412,0.64086,0.64098,187.0,Interval.in_5_minute,56113500.0
1821,2023-10-12 11:10:00,OANDA:AUDUSD,0.64098,0.64099,0.64074,0.64088,228.0,Interval.in_5_minute,56113800.0
1822,2023-10-12 11:15:00,OANDA:AUDUSD,0.64088,0.64126,0.64078,0.6412,301.0,Interval.in_5_minute,56114100.0
1823,2023-10-12 11:20:00,OANDA:AUDUSD,0.6412,0.64159,0.6412,0.64149,169.0,Interval.in_5_minute,56114400.0
1824,2023-10-12 11:25:00,OANDA:AUDUSD,0.64149,0.64161,0.6414,0.64158,194.0,Interval.in_5_minute,56114700.0
1825,2023-10-12 11:30:00,OANDA:AUDUSD,0.64158,0.64168,0.64136,0.64142,191.0,Interval.in_5_minute,56115000.0
1826,2023-10-12 11:35:00,OANDA:AUDUSD,0.64142,0.64156,0.64134,0.64134,125.0,Interval.in_5_minute,56115300.0
1827,2023-10-12 11:40:00,OANDA:AUDUSD,0.64134,0.6415,0.64129,0.64149,164.0,Interval.in_5_minute,56115600.0
1828,2023-10-12 11:45:00,OANDA:AUDUSD,0.64149,0.64158,0.64126,0.64126,236.0,Interval.in_5_minute,56115900.0
1829,2023-10-12 11:50:00,OANDA:AUDUSD,0.64126,0.64138,0.64099,0.64136,201.0,Interval.in_5_minute,56116200.0
1830,2023-10-12 11:55:00,OANDA:AUDUSD,0.64136,0.64142,0.64114,0.64134,158.0,Interval.in_5_minute,56116500.0
1831,2023-10-12 12:00:00,OANDA:AUDUSD,0.64134,0.64137,0.64116,0.6412,205.0,Interval.in_5_minute,56116800.0
1832,2023-10-12 12:05:00,OANDA:AUDUSD,0.6412,0.64132,0.64098,0.64103,167.0,Interval.in_5_minute,56117100.0
1833,2023-10-12 12:10:00,OANDA:AUDUSD,0.64103,0.64112,0.6409,0.64112,177.0,Interval.in_5_minute,56117400.0
1834,2023-10-12 12:15:00,OANDA:AUDUSD,0.64112,0.64114,0.64093,0.64106,221.0,Interval.in_5_minute,56117700.0
1835,2023-10-12 12:20:00,OANDA:AUDUSD,0.64106,0.64109,0.64082,0.64086,182.0,Interval.in_5_minute,56118000.0
1836,2023-10-12 12:25:00,OANDA:AUDUSD,0.64086,0.64108,0.6408,0.64092,134.0,Interval.in_5_minute,56118300.0
1837,2023-10-12 12:30:00,OANDA:AUDUSD,0.64092,0.64114,0.64088,0.641,149.0,Interval.in_5_minute,56118600.0
1838,2023-10-12 12:35:00,OANDA:AUDUSD,0.641,0.6412,0.64096,0.64116,104.0,Interval.in_5_minute,56118900.0
1839,2023-10-12 12:40:00,OANDA:AUDUSD,0.64116,0.6412,0.64094,0.6412,123.0,Interval.in_5_minute,56119200.0
1840,2023-10-12 12:45:00,OANDA:AUDUSD,0.6412,0.64123,0.64098,0.64104,131.0,Interval.in_5_minute,56119500.0
1841,2023-10-12 12:50:00,OANDA:AUDUSD,0.64104,0.64107,0.64074,0.64084,144.0,Interval.in_5_minute,56119800.0
1842,2023-10-12 12:55:00,OANDA:AUDUSD,0.64084,0.64108,0.64074,0.64104,103.0,Interval.in_5_minute,56120100.0
1843,2023-10-12 13:00:00,OANDA:AUDUSD,0.64104,0.6412,0.64104,0.64118,160.0,Interval.in_5_minute,56120400.0
1844,2023-10-12 13:05:00,OANDA:AUDUSD,0.64118,0.64118,0.6409,0.64099,172.0,Interval.in_5_minute,56120700.0
1845,2023-10-12 13:10:00,OANDA:AUDUSD,0.64099,0.64121,0.64095,0.641,164.0,Interval.in_5_minute,56121000.0
1846,2023-10-12 13:15:00,OANDA:AUDUSD,0.641,0.6412,0.64094,0.64095,159.0,Interval.in_5_minute,56121300.0
1847,2023-10-12 13:20:00,OANDA:AUDUSD,0.64095,0.64109,0.6409,0.64096,157.0,Interval.in_5_minute,56121600.0
1848,2023-10-12 13:25:00,OANDA:AUDUSD,0.64096,0.64097,0.64068,0.64074,91.0,Interval.in_5_minute,56121900.0
1849,2023-10-12 13:30:00,OANDA:AUDUSD,0.64074,0.64098,0.6407,0.64096,66.0,Interval.in_5_minute,56122200.0
1850,2023-10-12 13:35:00,OANDA:AUDUSD,0.64096,0.64104,0.6409,0.64092,47.0,Interval.in_5_minute,56122500.0
1851,2023-10-12 13:40:00,OANDA:AUDUSD,0.64092,0.64092,0.64056,0.64058,107.0,Interval.in_5_minute,56122800.0
1852,2023-10-12 13:45:00,OANDA:AUDUSD,0.64058,0.64062,0.6405,0.64052,66.0,Interval.in_5_minute,56123100.0
1853,2023-10-12 13:50:00,OANDA:AUDUSD,0.64052,0.64058,0.64032,0.64034,95.0,Interval.in_5_minute,56123400.0
1854,2023-10-12 13:55:00,OANDA:AUDUSD,0.64034,0.64058,0.64032,0.64041,120.0,Interval.in_5_minute,56123700.0
1855,2023-10-12 14:00:00,OANDA:AUDUSD,0.64041,0.64049,0.64026,0.64036,123.0,Interval.in_5_minute,56124000.0
1856,2023-10-12 14:05:00,OANDA:AUDUSD,0.64036,0.64036,0.6401,0.64018,145.0,Interval.in_5_minute,56124300.0
1857,2023-10-12 14:10:00,OANDA:AUDUSD,0.64018,0.64036,0.64016,0.6402,125.0,Interval.in_5_minute,56124600.0
1858,2023-10-12 14:15:00,OANDA:AUDUSD,0.6402,0.64037,0.6402,0.64026,152.0,Interval.in_5_minute,56124900.0
1859,2023-10-12 14:20:00,OANDA:AUDUSD,0.64026,0.64034,0.6401,0.64034,106.0,Interval.in_5_minute,56125200.0
1860,2023-10-12 14:25:00,OANDA:AUDUSD,0.64034,0.64052,0.64026,0.64042,117.0,Interval.in_5_minute,56125500.0
1861,2023-10-12 14:30:00,OANDA:AUDUSD,0.64042,0.64051,0.64036,0.64041,136.0,Interval.in_5_minute,56125800.0
1862,2023-10-12 14:35:00,OANDA:AUDUSD,0.64041,0.64056,0.64038,0.64042,150.0,Interval.in_5_minute,56126100.0
1863,2023-10-12 14:40:00,OANDA:AUDUSD,0.64042,0.64062,0.64041,0.6406,131.0,Interval.in_5_minute,56126400.0
1864,2023-10-12 14:45:00,OANDA:AUDUSD,0.6406,0.64094,0.6406,0.64068,171.0,Interval.in_5_minute,56126700.0
1865,2023-10-12 14:50:00,OANDA:AUDUSD,0.64068,0.64084,0.6405,0.6405,131.0,Interval.in_5_minute,56127000.0
1866,2023-10-12 14:55:00,OANDA:AUDUSD,0.6405,0.64077,0.64049,0.64064,189.0,Interval.in_5_minute,56127300.0
1867,2023-10-12 15:00:00,OANDA:AUDUSD,0.64064,0.64073,0.6403,0.6404,274.0,Interval.in_5_minute,56127600.0
1868,2023-10-12 15:05:00,OANDA:AUDUSD,0.6404,0.64044,0.64016,0.64036,215.0,Interval.in_5_minute,56127900.0
1869,2023-10-12 15:10:00,OANDA:AUDUSD,0.64036,0.64052,0.64018,0.64029,202.0,Interval.in_5_minute,56128200.0
1870,2023-10-12 15:15:00,OANDA:AUDUSD,0.64029,0.64052,0.6402,0.64052,186.0,Interval.in_5_minute,56128500.0
1871,2023-10-12 15:20:00,OANDA:AUDUSD,0.64052,0.64054,0.6403,0.64042,184.0,Interval.in_5_minute,56128800.0
1872,2023-10-12 15:25:00,OANDA:AUDUSD,0.64042,0.64088,0.64041,0.6408,213.0,Interval.in_5_minute,56129100.0
1873,2023-10-12 15:30:00,OANDA:AUDUSD,0.6408,0.6408,0.63831,0.63908,1489.0,Interval.in_5_minute,56129400.0
1874,2023-10-12 15:35:00,OANDA:AUDUSD,0.63908,0.63916,0.63802,0.63811,798.0,Interval.in_5_minute,56129700.0
1875,2023-10-12 15:40:00,OANDA:AUDUSD,0.63811,0.63878,0.63732,0.63878,674.0,Interval.in_5_minute,56130000.0
1876,2023-10-12 15:45:00,OANDA:AUDUSD,0.63878,0.6392,0.63846,0.63897,586.0,Interval.in_5_minute,56130300.0
1877,2023-10-12 15:50:00,OANDA:AUDUSD,0.63897,0.63916,0.63834,0.6386,512.0,Interval.in_5_minute,56130600.0
1878,2023-10-12 15:55:00,OANDA:AUDUSD,0.6386,0.63878,0.63834,0.63837,390.0,Interval.in_5_minute,56130900.0
1879,2023-10-12 16:00:00,OANDA:AUDUSD,0.63837,0.63856,0.63808,0.63856,441.0,Interval.in_5_minute,56131200.0
1880,2023-10-12 16:05:00,OANDA:AUDUSD,0.63856,0.63866,0.638,0.63814,499.0,Interval.in_5_minute,56131500.0
1881,2023-10-12 16:10:00,OANDA:AUDUSD,0.63814,0.63816,0.63758,0.63766,450.0,Interval.in_5_minute,56131800.0
1882,2023-10-12 16:15:00,OANDA:AUDUSD,0.63766,0.63793,0.63756,0.63763,491.0,Interval.in_5_minute,56132100.0
1883,2023-10-12 16:20:00,OANDA:AUDUSD,0.63763,0.63772,0.6373,0.63758,427.0,Interval.in_5_minute,56132400.0
1884,2023-10-12 16:25:00,OANDA:AUDUSD,0.63758,0.6377,0.63729,0.63756,336.0,Interval.in_5_minute,56132700.0
1885,2023-10-12 16:30:00,OANDA:AUDUSD,0.63756,0.6377,0.63656,0.6366,566.0,Interval.in_5_minute,56133000.0
1886,2023-10-12 16:35:00,OANDA:AUDUSD,0.6366,0.63712,0.6366,0.63676,519.0,Interval.in_5_minute,56133300.0
1887,2023-10-12 16:40:00,OANDA:AUDUSD,0.63676,0.63678,0.63594,0.63606,488.0,Interval.in_5_minute,56133600.0
1888,2023-10-12 16:45:00,OANDA:AUDUSD,0.63606,0.63624,0.63586,0.63598,534.0,Interval.in_5_minute,56133900.0
1889,2023-10-12 16:50:00,OANDA:AUDUSD,0.63598,0.63634,0.63542,0.63544,305.0,Interval.in_5_minute,56134200.0
1890,2023-10-12 16:55:00,OANDA:AUDUSD,0.63544,0.63552,0.63509,0.63536,453.0,Interval.in_5_minute,56134500.0
1891,2023-10-12 17:00:00,OANDA:AUDUSD,0.63536,0.6354,0.63457,0.63514,477.0,Interval.in_5_minute,56134800.0
1892,2023-10-12 17:05:00,OANDA:AUDUSD,0.63514,0.63582,0.63504,0.63555,439.0,Interval.in_5_minute,56135100.0
1893,2023-10-12 17:10:00,OANDA:AUDUSD,0.63555,0.6359,0.63542,0.63572,341.0,Interval.in_5_minute,56135400.0
1894,2023-10-12 17:15:00,OANDA:AUDUSD,0.63572,0.63579,0.63524,0.63524,320.0,Interval.in_5_minute,56135700.0
1895,2023-10-12 17:20:00,OANDA:AUDUSD,0.63524,0.63528,0.63492,0.63492,385.0,Interval.in_5_minute,56136000.0
1896,2023-10-12 17:25:00,OANDA:AUDUSD,0.63492,0.63503,0.63446,0.63454,350.0,Interval.in_5_minute,56136300.0
1897,2023-10-12 17:30:00,OANDA:AUDUSD,0.63454,0.63475,0.63404,0.63427,357.0,Interval.in_5_minute,56136600.0
1898,2023-10-12 17:35:00,OANDA:AUDUSD,0.63427,0.6347,0.63406,0.63436,357.0,Interval.in_5_minute,56136900.0
1899,2023-10-12 17:40:00,OANDA:AUDUSD,0.63436,0.63466,0.63372,0.63372,235.0,Interval.in_5_minute,56137200.0
1900,2023-10-12 17:45:00,OANDA:AUDUSD,0.63372,0.63442,0.63363,0.63412,430.0,Interval.in_5_minute,56137500.0
1901,2023-10-12 17:50:00,OANDA:AUDUSD,0.63412,0.63432,0.63362,0.63376,296.0,Interval.in_5_minute,56137800.0
1902,2023-10-12 17:55:00,OANDA:AUDUSD,0.63376,0.63414,0.63364,0.63414,218.0,Interval.in_5_minute,56138100.0
1903,2023-10-12 18:00:00,OANDA:AUDUSD,0.63414,0.6342,0.6336,0.63362,364.0,Interval.in_5_minute,56138400.0
1904,2023-10-12 18:05:00,OANDA:AUDUSD,0.63362,0.63382,0.63326,0.63354,298.0,Interval.in_5_minute,56138700.0
1905,2023-10-12 18:10:00,OANDA:AUDUSD,0.63354,0.63396,0.63344,0.63379,277.0,Interval.in_5_minute,56139000.0
1906,2023-10-12 18:15:00,OANDA:AUDUSD,0.63379,0.63382,0.63354,0.63371,178.0,Interval.in_5_minute,56139300.0
1907,2023-10-12 18:20:00,OANDA:AUDUSD,0.63371,0.63372,0.63338,0.63341,261.0,Interval.in_5_minute,56139600.0
1908,2023-10-12 18:25:00,OANDA:AUDUSD,0.63341,0.63345,0.63318,0.63326,344.0,Interval.in_5_minute,56139900.0
1909,2023-10-12 18:30:00,OANDA:AUDUSD,0.63326,0.63346,0.6331,0.63346,260.0,Interval.in_5_minute,56140200.0
1910,2023-10-12 18:35:00,OANDA:AUDUSD,0.63346,0.63366,0.63334,0.63362,240.0,Interval.in_5_minute,56140500.0
1911,2023-10-12 18:40:00,OANDA:AUDUSD,0.63362,0.63366,0.63334,0.63361,185.0,Interval.in_5_minute,56140800.0
1912,2023-10-12 18:45:00,OANDA:AUDUSD,0.63361,0.63366,0.63305,0.63306,230.0,Interval.in_5_minute,56141100.0
1913,2023-10-12 18:50:00,OANDA:AUDUSD,0.63306,0.63355,0.63286,0.63342,226.0,Interval.in_5_minute,56141400.0
1914,2023-10-12 18:55:00,OANDA:AUDUSD,0.63342,0.63342,0.63314,0.6333,214.0,Interval.in_5_minute,56141700.0
1915,2023-10-12 19:00:00,OANDA:AUDUSD,0.6333,0.63376,0.6333,0.63346,293.0,Interval.in_5_minute,56142000.0
1916,2023-10-12 19:05:00,OANDA:AUDUSD,0.63346,0.6338,0.63344,0.6336,262.0,Interval.in_5_minute,56142300.0
1917,2023-10-12 19:10:00,OANDA:AUDUSD,0.6336,0.63368,0.63338,0.63346,203.0,Interval.in_5_minute,56142600.0
1918,2023-10-12 19:15:00,OANDA:AUDUSD,0.63346,0.63368,0.63346,0.63357,150.0,Interval.in_5_minute,56142900.0
1919,2023-10-12 19:20:00,OANDA:AUDUSD,0.63357,0.63363,0.63322,0.6333,189.0,Interval.in_5_minute,56143200.0
1920,2023-10-12 19:25:00,OANDA:AUDUSD,0.6333,0.63332,0.63291,0.633,159.0,Interval.in_5_minute,56143500.0
1921,2023-10-12 19:30:00,OANDA:AUDUSD,0.633,0.63308,0.63294,0.63301,159.0,Interval.in_5_minute,56143800.0
1922,2023-10-12 19:35:00,OANDA:AUDUSD,0.63301,0.63318,0.63298,0.6331,135.0,Interval.in_5_minute,56144100.0
1923,2023-10-12 19:40:00,OANDA:AUDUSD,0.6331,0.63318,0.63298,0.63304,153.0,Interval.in_5_minute,56144400.0
1924,2023-10-12 19:45:00,OANDA:AUDUSD,0.63304,0.63304,0.63278,0.63284,150.0,Interval.in_5_minute,56144700.0
1925,2023-10-12 19:50:00,OANDA:AUDUSD,0.63284,0.63288,0.63258,0.6328,154.0,Interval.in_5_minute,56145000.0
1926,2023-10-12 19:55:00,OANDA:AUDUSD,0.6328,0.63286,0.63257,0.63277,272.0,Interval.in_5_minute,56145300.0
1927,2023-10-12 20:00:00,OANDA:AUDUSD,0.63277,0.63286,0.63216,0.63243,423.0,Interval.in_5_minute,56145600.0
1928,2023-10-12 20:05:00,OANDA:AUDUSD,0.63243,0.63252,0.63182,0.63186,366.0,Interval.in_5_minute,56145900.0
1929,2023-10-12 20:10:00,OANDA:AUDUSD,0.63186,0.6321,0.6318,0.63188,269.0,Interval.in_5_minute,56146200.0
1930,2023-10-12 20:15:00,OANDA:AUDUSD,0.63188,0.63194,0.63156,0.6319,278.0,Interval.in_5_minute,56146500.0
1931,2023-10-12 20:20:00,OANDA:AUDUSD,0.6319,0.63208,0.63176,0.63186,231.0,Interval.in_5_minute,56146800.0
1932,2023-10-12 20:25:00,OANDA:AUDUSD,0.63186,0.63192,0.63158,0.63164,309.0,Interval.in_5_minute,56147100.0
1933,2023-10-12 20:30:00,OANDA:AUDUSD,0.63164,0.63214,0.63156,0.63161,379.0,Interval.in_5_minute,56147400.0
1934,2023-10-12 20:35:00,OANDA:AUDUSD,0.63161,0.63176,0.63144,0.63152,269.0,Interval.in_5_minute,56147700.0
1935,2023-10-12 20:40:00,OANDA:AUDUSD,0.63152,0.63162,0.63133,0.63134,204.0,Interval.in_5_minute,56148000.0
1936,2023-10-12 20:45:00,OANDA:AUDUSD,0.63134,0.63162,0.63132,0.63142,177.0,Interval.in_5_minute,56148300.0
1937,2023-10-12 20:50:00,OANDA:AUDUSD,0.63142,0.63152,0.6312,0.6313,170.0,Interval.in_5_minute,56148600.0
1938,2023-10-12 20:55:00,OANDA:AUDUSD,0.6313,0.63152,0.63122,0.63127,131.0,Interval.in_5_minute,56148900.0
1939,2023-10-12 21:00:00,OANDA:AUDUSD,0.63127,0.63142,0.63102,0.63104,162.0,Interval.in_5_minute,56149200.0
1940,2023-10-12 21:05:00,OANDA:AUDUSD,0.63104,0.63118,0.63084,0.63088,137.0,Interval.in_5_minute,56149500.0
1941,2023-10-12 21:10:00,OANDA:AUDUSD,0.63088,0.63096,0.63072,0.63094,176.0,Interval.in_5_minute,56149800.0
1942,2023-10-12 21:15:00,OANDA:AUDUSD,0.63094,0.63102,0.6308,0.63101,173.0,Interval.in_5_minute,56150100.0
1943,2023-10-12 21:20:00,OANDA:AUDUSD,0.63101,0.63152,0.63101,0.63141,222.0,Interval.in_5_minute,56150400.0
1944,2023-10-12 21:25:00,OANDA:AUDUSD,0.63141,0.63176,0.63136,0.63171,232.0,Interval.in_5_minute,56150700.0
1945,2023-10-12 21:30:00,OANDA:AUDUSD,0.63171,0.63178,0.63162,0.63176,173.0,Interval.in_5_minute,56151000.0
1946,2023-10-12 21:35:00,OANDA:AUDUSD,0.63176,0.63182,0.63153,0.63167,150.0,Interval.in_5_minute,56151300.0
1947,2023-10-12 21:40:00,OANDA:AUDUSD,0.63167,0.63182,0.63148,0.63182,114.0,Interval.in_5_minute,56151600.0
1948,2023-10-12 21:45:00,OANDA:AUDUSD,0.63182,0.63188,0.63164,0.63184,143.0,Interval.in_5_minute,56151900.0
1949,2023-10-12 21:50:00,OANDA:AUDUSD,0.63184,0.63184,0.63142,0.63146,142.0,Interval.in_5_minute,56152200.0
1950,2023-10-12 21:55:00,OANDA:AUDUSD,0.63146,0.63146,0.63112,0.63112,164.0,Interval.in_5_minute,56152500.0
1951,2023-10-12 22:00:00,OANDA:AUDUSD,0.63112,0.63138,0.63106,0.63138,190.0,Interval.in_5_minute,56152800.0
1952,2023-10-12 22:05:00,OANDA:AUDUSD,0.63138,0.63154,0.63122,0.63142,176.0,Interval.in_5_minute,56153100.0
1953,2023-10-12 22:10:00,OANDA:AUDUSD,0.63142,0.63142,0.63119,0.63138,157.0,Interval.in_5_minute,56153400.0
1954,2023-10-12 22:15:00,OANDA:AUDUSD,0.63138,0.6316,0.6313,0.6316,138.0,Interval.in_5_minute,56153700.0
1955,2023-10-12 22:20:00,OANDA:AUDUSD,0.6316,0.63164,0.63144,0.63148,134.0,Interval.in_5_minute,56154000.0
1956,2023-10-12 22:25:00,OANDA:AUDUSD,0.63148,0.63152,0.63136,0.6315,104.0,Interval.in_5_minute,56154300.0
1957,2023-10-12 22:30:00,OANDA:AUDUSD,0.6315,0.63168,0.63149,0.63153,111.0,Interval.in_5_minute,56154600.0
1958,2023-10-12 22:35:00,OANDA:AUDUSD,0.63153,0.63164,0.63143,0.63156,116.0,Interval.in_5_minute,56154900.0
1959,2023-10-12 22:40:00,OANDA:AUDUSD,0.63156,0.63157,0.63144,0.63152,82.0,Interval.in_5_minute,56155200.0
1960,2023-10-12 22:45:00,OANDA:AUDUSD,0.63152,0.63158,0.63142,0.6315,103.0,Interval.in_5_minute,56155500.0
1961,2023-10-12 22:50:00,OANDA:AUDUSD,0.6315,0.63163,0.63148,0.6315,122.0,Interval.in_5_minute,56155800.0
1962,2023-10-12 22:55:00,OANDA:AUDUSD,0.6315,0.63152,0.63126,0.63142,157.0,Interval.in_5_minute,56156100.0
1963,2023-10-12 23:00:00,OANDA:AUDUSD,0.63142,0.63152,0.63138,0.6314,82.0,Interval.in_5_minute,56156400.0
1964,2023-10-12 23:05:00,OANDA:AUDUSD,0.6314,0.6314,0.63124,0.63126,53.0,Interval.in_5_minute,56156700.0
1965,2023-10-12 23:10:00,OANDA:AUDUSD,0.63126,0.6314,0.63126,0.63134,60.0,Interval.in_5_minute,56157000.0
1966,2023-10-12 23:15:00,OANDA:AUDUSD,0.63134,0.63152,0.63132,0.63148,39.0,Interval.in_5_minute,56157300.0
1967,2023-10-12 23:20:00,OANDA:AUDUSD,0.63148,0.63148,0.63136,0.63136,22.0,Interval.in_5_minute,56157600.0
1968,2023-10-12 23:25:00,OANDA:AUDUSD,0.63136,0.63138,0.6313,0.63136,34.0,Interval.in_5_minute,56157900.0
1969,2023-10-12 23:30:00,OANDA:AUDUSD,0.63136,0.63144,0.63136,0.63138,14.0,Interval.in_5_minute,56158200.0
1970,2023-10-12 23:35:00,OANDA:AUDUSD,0.63138,0.63138,0.63131,0.63132,22.0,Interval.in_5_minute,56158500.0
1971,2023-10-12 23:40:00,OANDA:AUDUSD,0.63132,0.63141,0.63131,0.63136,39.0,Interval.in_5_minute,56158800.0
1972,2023-10-12 23:45:00,OANDA:AUDUSD,0.63136,0.63142,0.63136,0.63138,29.0,Interval.in_5_minute,56159100.0
1973,2023-10-12 23:50:00,OANDA:AUDUSD,0.63138,0.63143,0.63133,0.63136,35.0,Interval.in_5_minute,56159400.0
1974,2023-10-12 23:55:00,OANDA:AUDUSD,0.63136,0.63138,0.63134,0.63136,43.0,Interval.in_5_minute,56159700.0
1975,2023-10-13 00:00:00,OANDA:AUDUSD,0.63136,0.6314,0.63133,0.63139,12.0,Interval.in_5_minute,56160000.0
1976,2023-10-13 00:05:00,OANDA:AUDUSD,0.63139,0.6314,0.63126,0.63136,628.0,Interval.in_5_minute,56160300.0
1977,2023-10-13 00:10:00,OANDA:AUDUSD,0.63136,0.63136,0.6311,0.63122,165.0,Interval.in_5_minute,56160600.0
1978,2023-10-13 00:15:00,OANDA:AUDUSD,0.63122,0.63124,0.63113,0.63122,61.0,Interval.in_5_minute,56160900.0
1979,2023-10-13 00:20:00,OANDA:AUDUSD,0.63122,0.6313,0.63122,0.63128,18.0,Interval.in_5_minute,56161200.0
1980,2023-10-13 00:25:00,OANDA:AUDUSD,0.63128,0.63132,0.63126,0.63128,31.0,Interval.in_5_minute,56161500.0
1981,2023-10-13 00:30:00,OANDA:AUDUSD,0.63128,0.63142,0.63128,0.63139,36.0,Interval.in_5_minute,56161800.0
1982,2023-10-13 00:35:00,OANDA:AUDUSD,0.63139,0.63141,0.63132,0.63136,41.0,Interval.in_5_minute,56162100.0
1983,2023-10-13 00:40:00,OANDA:AUDUSD,0.63136,0.63148,0.63135,0.63142,102.0,Interval.in_5_minute,56162400.0
1984,2023-10-13 00:45:00,OANDA:AUDUSD,0.63142,0.63158,0.6314,0.63152,38.0,Interval.in_5_minute,56162700.0
1985,2023-10-13 00:50:00,OANDA:AUDUSD,0.63152,0.63157,0.63151,0.63154,222.0,Interval.in_5_minute,56163000.0
1986,2023-10-13 00:55:00,OANDA:AUDUSD,0.63154,0.63156,0.63153,0.63154,134.0,Interval.in_5_minute,56163300.0
1987,2023-10-13 01:00:00,OANDA:AUDUSD,0.63154,0.63162,0.63139,0.63144,71.0,Interval.in_5_minute,56163600.0
1988,2023-10-13 01:05:00,OANDA:AUDUSD,0.63144,0.63149,0.63142,0.63148,17.0,Interval.in_5_minute,56163900.0
1989,2023-10-13 01:10:00,OANDA:AUDUSD,0.63148,0.63149,0.63144,0.63144,64.0,Interval.in_5_minute,56164200.0
1990,2023-10-13 01:15:00,OANDA:AUDUSD,0.63144,0.63153,0.63141,0.63141,61.0,Interval.in_5_minute,56164500.0
1991,2023-10-13 01:20:00,OANDA:AUDUSD,0.63141,0.6315,0.63141,0.63149,28.0,Interval.in_5_minute,56164800.0
1992,2023-10-13 01:25:00,OANDA:AUDUSD,0.63149,0.63152,0.63144,0.6315,20.0,Interval.in_5_minute,56165100.0
1993,2023-10-13 01:30:00,OANDA:AUDUSD,0.6315,0.63152,0.63144,0.63148,45.0,Interval.in_5_minute,56165400.0
1994,2023-10-13 01:35:00,OANDA:AUDUSD,0.63148,0.63153,0.63148,0.63152,42.0,Interval.in_5_minute,56165700.0
1995,2023-10-13 01:40:00,OANDA:AUDUSD,0.63152,0.63158,0.63151,0.63156,35.0,Interval.in_5_minute,56166000.0
1996,2023-10-13 01:45:00,OANDA:AUDUSD,0.63156,0.63164,0.63152,0.63164,38.0,Interval.in_5_minute,56166300.0
1997,2023-10-13 01:50:00,OANDA:AUDUSD,0.63164,0.63164,0.6315,0.6315,41.0,Interval.in_5_minute,56166600.0
1998,2023-10-13 01:55:00,OANDA:AUDUSD,0.6315,0.63161,0.63148,0.63155,82.0,Interval.in_5_minute,56166900.0
1999,2023-10-13 02:00:00,OANDA:AUDUSD,0.63155,0.63155,0.63144,0.63154,98.0,Interval.in_5_minute,56167200.0
2000,2023-10-13 02:05:00,OANDA:AUDUSD,0.63154,0.63154,0.63136,0.63142,69.0,Interval.in_5_minute,56167500.0
2001,2023-10-13 02:10:00,OANDA:AUDUSD,0.63142,0.6315,0.63132,0.6315,66.0,Interval.in_5_minute,56167800.0
2002,2023-10-13 02:15:00,OANDA:AUDUSD,0.6315,0.63168,0.6315,0.63164,82.0,Interval.in_5_minute,56168100.0
2003,2023-10-13 02:20:00,OANDA:AUDUSD,0.63164,0.6317,0.63149,0.63149,69.0,Interval.in_5_minute,56168400.0
2004,2023-10-13 02:25:00,OANDA:AUDUSD,0.63149,0.63168,0.63149,0.63168,55.0,Interval.in_5_minute,56168700.0
2005,2023-10-13 02:30:00,OANDA:AUDUSD,0.63168,0.63174,0.63164,0.63166,84.0,Interval.in_5_minute,56169000.0
2006,2023-10-13 02:35:00,OANDA:AUDUSD,0.63166,0.63174,0.63158,0.6317,119.0,Interval.in_5_minute,56169300.0
2007,2023-10-13 02:40:00,OANDA:AUDUSD,0.6317,0.63184,0.63166,0.63168,120.0,Interval.in_5_minute,56169600.0
2008,2023-10-13 02:45:00,OANDA:AUDUSD,0.63168,0.63172,0.6316,0.6317,56.0,Interval.in_5_minute,56169900.0
2009,2023-10-13 02:50:00,OANDA:AUDUSD,0.6317,0.63175,0.63166,0.63174,63.0,Interval.in_5_minute,56170200.0
2010,2023-10-13 02:55:00,OANDA:AUDUSD,0.63174,0.63182,0.63162,0.63162,56.0,Interval.in_5_minute,56170500.0
2011,2023-10-13 03:00:00,OANDA:AUDUSD,0.63162,0.6318,0.63158,0.63179,127.0,Interval.in_5_minute,56170800.0
2012,2023-10-13 03:05:00,OANDA:AUDUSD,0.63179,0.63194,0.63174,0.63174,104.0,Interval.in_5_minute,56171100.0
2013,2023-10-13 03:10:00,OANDA:AUDUSD,0.63174,0.6318,0.63158,0.63174,118.0,Interval.in_5_minute,56171400.0
2014,2023-10-13 03:15:00,OANDA:AUDUSD,0.63174,0.632,0.63167,0.63189,169.0,Interval.in_5_minute,56171700.0
2015,2023-10-13 03:20:00,OANDA:AUDUSD,0.63189,0.63203,0.63172,0.63182,105.0,Interval.in_5_minute,56172000.0
2016,2023-10-13 03:25:00,OANDA:AUDUSD,0.63182,0.632,0.63174,0.63194,89.0,Interval.in_5_minute,56172300.0
2017,2023-10-13 03:30:00,OANDA:AUDUSD,0.63194,0.63226,0.6319,0.63218,133.0,Interval.in_5_minute,56172600.0
2018,2023-10-13 03:35:00,OANDA:AUDUSD,0.63218,0.63218,0.63198,0.63212,98.0,Interval.in_5_minute,56172900.0
2019,2023-10-13 03:40:00,OANDA:AUDUSD,0.63212,0.63217,0.63205,0.6321,86.0,Interval.in_5_minute,56173200.0
2020,2023-10-13 03:45:00,OANDA:AUDUSD,0.6321,0.63227,0.63208,0.63222,115.0,Interval.in_5_minute,56173500.0
2021,2023-10-13 03:50:00,OANDA:AUDUSD,0.63222,0.6324,0.63209,0.63212,185.0,Interval.in_5_minute,56173800.0
2022,2023-10-13 03:55:00,OANDA:AUDUSD,0.63212,0.63224,0.632,0.63214,158.0,Interval.in_5_minute,56174100.0
2023,2023-10-13 04:00:00,OANDA:AUDUSD,0.63214,0.63242,0.63214,0.6323,136.0,Interval.in_5_minute,56174400.0
2024,2023-10-13 04:05:00,OANDA:AUDUSD,0.6323,0.63246,0.63229,0.63244,117.0,Interval.in_5_minute,56174700.0
2025,2023-10-13 04:10:00,OANDA:AUDUSD,0.63244,0.63247,0.63205,0.63223,102.0,Interval.in_5_minute,56175000.0
2026,2023-10-13 04:15:00,OANDA:AUDUSD,0.63223,0.63252,0.63218,0.63243,165.0,Interval.in_5_minute,56175300.0
2027,2023-10-13 04:20:00,OANDA:AUDUSD,0.63243,0.63254,0.63233,0.63254,170.0,Interval.in_5_minute,56175600.0
2028,2023-10-13 04:25:00,OANDA:AUDUSD,0.63254,0.63258,0.6324,0.63246,120.0,Interval.in_5_minute,56175900.0
2029,2023-10-13 04:30:00,OANDA:AUDUSD,0.63246,0.6325,0.63187,0.63232,286.0,Interval.in_5_minute,56176200.0
2030,2023-10-13 04:35:00,OANDA:AUDUSD,0.63232,0.63232,0.63194,0.63195,175.0,Interval.in_5_minute,56176500.0
2031,2023-10-13 04:40:00,OANDA:AUDUSD,0.63195,0.63222,0.63188,0.63222,181.0,Interval.in_5_minute,56176800.0
2032,2023-10-13 04:45:00,OANDA:AUDUSD,0.63222,0.63246,0.63208,0.63244,144.0,Interval.in_5_minute,56177100.0
2033,2023-10-13 04:50:00,OANDA:AUDUSD,0.63244,0.6326,0.63242,0.63254,109.0,Interval.in_5_minute,56177400.0
2034,2023-10-13 04:55:00,OANDA:AUDUSD,0.63254,0.63268,0.63238,0.63256,135.0,Interval.in_5_minute,56177700.0
2035,2023-10-13 05:00:00,OANDA:AUDUSD,0.63256,0.63268,0.63232,0.63254,121.0,Interval.in_5_minute,56178000.0
2036,2023-10-13 05:05:00,OANDA:AUDUSD,0.63254,0.63345,0.63254,0.63276,439.0,Interval.in_5_minute,56178300.0
2037,2023-10-13 05:10:00,OANDA:AUDUSD,0.63276,0.63284,0.63266,0.63281,152.0,Interval.in_5_minute,56178600.0
2038,2023-10-13 05:15:00,OANDA:AUDUSD,0.63281,0.63315,0.63272,0.63295,155.0,Interval.in_5_minute,56178900.0
2039,2023-10-13 05:20:00,OANDA:AUDUSD,0.63295,0.63301,0.63277,0.6328,106.0,Interval.in_5_minute,56179200.0
2040,2023-10-13 05:25:00,OANDA:AUDUSD,0.6328,0.63289,0.63261,0.63261,77.0,Interval.in_5_minute,56179500.0
2041,2023-10-13 05:30:00,OANDA:AUDUSD,0.63261,0.63272,0.63256,0.63256,106.0,Interval.in_5_minute,56179800.0
2042,2023-10-13 05:35:00,OANDA:AUDUSD,0.63256,0.63262,0.63246,0.63252,91.0,Interval.in_5_minute,56180100.0
2043,2023-10-13 05:40:00,OANDA:AUDUSD,0.63252,0.63254,0.6323,0.63253,147.0,Interval.in_5_minute,56180400.0
2044,2023-10-13 05:45:00,OANDA:AUDUSD,0.63253,0.63272,0.6325,0.63262,79.0,Interval.in_5_minute,56180700.0
2045,2023-10-13 05:50:00,OANDA:AUDUSD,0.63262,0.63268,0.63256,0.63262,68.0,Interval.in_5_minute,56181000.0
2046,2023-10-13 05:55:00,OANDA:AUDUSD,0.63262,0.63273,0.63253,0.63264,74.0,Interval.in_5_minute,56181300.0
2047,2023-10-13 06:00:00,OANDA:AUDUSD,0.63264,0.63288,0.63264,0.63288,118.0,Interval.in_5_minute,56181600.0
2048,2023-10-13 06:05:00,OANDA:AUDUSD,0.63288,0.633,0.63278,0.63284,133.0,Interval.in_5_minute,56181900.0
2049,2023-10-13 06:10:00,OANDA:AUDUSD,0.63284,0.63284,0.63251,0.63262,98.0,Interval.in_5_minute,56182200.0
2050,2023-10-13 06:15:00,OANDA:AUDUSD,0.63262,0.63276,0.63257,0.63267,149.0,Interval.in_5_minute,56182500.0
2051,2023-10-13 06:20:00,OANDA:AUDUSD,0.63267,0.63268,0.63247,0.63253,157.0,Interval.in_5_minute,56182800.0
2052,2023-10-13 06:25:00,OANDA:AUDUSD,0.63253,0.63256,0.63238,0.63252,128.0,Interval.in_5_minute,56183100.0
2053,2023-10-13 06:30:00,OANDA:AUDUSD,0.63252,0.63262,0.6325,0.63256,81.0,Interval.in_5_minute,56183400.0
2054,2023-10-13 06:35:00,OANDA:AUDUSD,0.63256,0.6328,0.63255,0.63263,107.0,Interval.in_5_minute,56183700.0
2055,2023-10-13 06:40:00,OANDA:AUDUSD,0.63263,0.63286,0.63256,0.63281,118.0,Interval.in_5_minute,56184000.0
2056,2023-10-13 06:45:00,OANDA:AUDUSD,0.63281,0.63294,0.63272,0.63277,95.0,Interval.in_5_minute,56184300.0
2057,2023-10-13 06:50:00,OANDA:AUDUSD,0.63277,0.6329,0.63268,0.63269,42.0,Interval.in_5_minute,56184600.0
2058,2023-10-13 06:55:00,OANDA:AUDUSD,0.63269,0.63279,0.63268,0.63273,58.0,Interval.in_5_minute,56184900.0
2059,2023-10-13 07:00:00,OANDA:AUDUSD,0.63273,0.63273,0.63232,0.6324,99.0,Interval.in_5_minute,56185200.0
2060,2023-10-13 07:05:00,OANDA:AUDUSD,0.6324,0.63257,0.6324,0.63256,117.0,Interval.in_5_minute,56185500.0
2061,2023-10-13 07:10:00,OANDA:AUDUSD,0.63256,0.63266,0.63251,0.63256,82.0,Interval.in_5_minute,56185800.0
2062,2023-10-13 07:15:00,OANDA:AUDUSD,0.63256,0.63266,0.63256,0.63262,154.0,Interval.in_5_minute,56186100.0
2063,2023-10-13 07:20:00,OANDA:AUDUSD,0.63262,0.63276,0.63257,0.63276,61.0,Interval.in_5_minute,56186400.0
2064,2023-10-13 07:25:00,OANDA:AUDUSD,0.63276,0.63277,0.63256,0.63264,64.0,Interval.in_5_minute,56186700.0
2065,2023-10-13 07:30:00,OANDA:AUDUSD,0.63264,0.63264,0.63246,0.6325,53.0,Interval.in_5_minute,56187000.0
2066,2023-10-13 07:35:00,OANDA:AUDUSD,0.6325,0.63258,0.63245,0.63246,33.0,Interval.in_5_minute,56187300.0
2067,2023-10-13 07:40:00,OANDA:AUDUSD,0.63246,0.63252,0.6323,0.63245,58.0,Interval.in_5_minute,56187600.0
2068,2023-10-13 07:45:00,OANDA:AUDUSD,0.63245,0.63256,0.63222,0.63222,105.0,Interval.in_5_minute,56187900.0
2069,2023-10-13 07:50:00,OANDA:AUDUSD,0.63222,0.63226,0.63212,0.63216,70.0,Interval.in_5_minute,56188200.0
2070,2023-10-13 07:55:00,OANDA:AUDUSD,0.63216,0.63216,0.63156,0.63167,188.0,Interval.in_5_minute,56188500.0
2071,2023-10-13 08:00:00,OANDA:AUDUSD,0.63167,0.63194,0.63158,0.6319,186.0,Interval.in_5_minute,56188800.0
2072,2023-10-13 08:05:00,OANDA:AUDUSD,0.6319,0.6319,0.63166,0.6318,134.0,Interval.in_5_minute,56189100.0
2073,2023-10-13 08:10:00,OANDA:AUDUSD,0.6318,0.63192,0.63164,0.6319,105.0,Interval.in_5_minute,56189400.0
2074,2023-10-13 08:15:00,OANDA:AUDUSD,0.6319,0.63204,0.63175,0.63175,90.0,Interval.in_5_minute,56189700.0
2075,2023-10-13 08:20:00,OANDA:AUDUSD,0.63175,0.63186,0.6317,0.63176,133.0,Interval.in_5_minute,56190000.0
2076,2023-10-13 08:25:00,OANDA:AUDUSD,0.63176,0.63188,0.63169,0.63188,84.0,Interval.in_5_minute,56190300.0
2077,2023-10-13 08:30:00,OANDA:AUDUSD,0.63188,0.63204,0.63184,0.632,145.0,Interval.in_5_minute,56190600.0
2078,2023-10-13 08:35:00,OANDA:AUDUSD,0.632,0.6322,0.63196,0.63204,156.0,Interval.in_5_minute,56190900.0
2079,2023-10-13 08:40:00,OANDA:AUDUSD,0.63204,0.63208,0.63185,0.63185,88.0,Interval.in_5_minute,56191200.0
2080,2023-10-13 08:45:00,OANDA:AUDUSD,0.63185,0.63206,0.63182,0.63203,70.0,Interval.in_5_minute,56191500.0
2081,2023-10-13 08:50:00,OANDA:AUDUSD,0.63203,0.63208,0.6319,0.632,124.0,Interval.in_5_minute,56191800.0
2082,2023-10-13 08:55:00,OANDA:AUDUSD,0.632,0.63221,0.632,0.6322,192.0,Interval.in_5_minute,56192100.0
2083,2023-10-13 09:00:00,OANDA:AUDUSD,0.6322,0.63221,0.63161,0.63162,218.0,Interval.in_5_minute,56192400.0
2084,2023-10-13 09:05:00,OANDA:AUDUSD,0.63162,0.63202,0.63139,0.63148,193.0,Interval.in_5_minute,56192700.0
2085,2023-10-13 09:10:00,OANDA:AUDUSD,0.63148,0.63169,0.63144,0.63148,177.0,Interval.in_5_minute,56193000.0
2086,2023-10-13 09:15:00,OANDA:AUDUSD,0.63148,0.63156,0.6313,0.63132,155.0,Interval.in_5_minute,56193300.0
2087,2023-10-13 09:20:00,OANDA:AUDUSD,0.63132,0.63134,0.63106,0.63124,128.0,Interval.in_5_minute,56193600.0
2088,2023-10-13 09:25:00,OANDA:AUDUSD,0.63124,0.63146,0.63109,0.63144,149.0,Interval.in_5_minute,56193900.0
2089,2023-10-13 09:30:00,OANDA:AUDUSD,0.63144,0.63158,0.6313,0.63148,128.0,Interval.in_5_minute,56194200.0
2090,2023-10-13 09:35:00,OANDA:AUDUSD,0.63148,0.6315,0.63136,0.63142,135.0,Interval.in_5_minute,56194500.0
2091,2023-10-13 09:40:00,OANDA:AUDUSD,0.63142,0.6318,0.63139,0.6317,140.0,Interval.in_5_minute,56194800.0
2092,2023-10-13 09:45:00,OANDA:AUDUSD,0.6317,0.63178,0.63155,0.63166,140.0,Interval.in_5_minute,56195100.0
2093,2023-10-13 09:50:00,OANDA:AUDUSD,0.63166,0.6317,0.6315,0.63152,141.0,Interval.in_5_minute,56195400.0
2094,2023-10-13 09:55:00,OANDA:AUDUSD,0.63152,0.63178,0.63144,0.63162,224.0,Interval.in_5_minute,56195700.0
2095,2023-10-13 10:00:00,OANDA:AUDUSD,0.63162,0.63198,0.6316,0.6318,326.0,Interval.in_5_minute,56196000.0
2096,2023-10-13 10:05:00,OANDA:AUDUSD,0.6318,0.63186,0.63153,0.63178,258.0,Interval.in_5_minute,56196300.0
2097,2023-10-13 10:10:00,OANDA:AUDUSD,0.63178,0.63228,0.63174,0.63216,258.0,Interval.in_5_minute,56196600.0
2098,2023-10-13 10:15:00,OANDA:AUDUSD,0.63216,0.63232,0.63203,0.6321,225.0,Interval.in_5_minute,56196900.0
2099,2023-10-13 10:20:00,OANDA:AUDUSD,0.6321,0.63216,0.6319,0.63215,279.0,Interval.in_5_minute,56197200.0
2100,2023-10-13 10:25:00,OANDA:AUDUSD,0.63215,0.63264,0.6321,0.63262,237.0,Interval.in_5_minute,56197500.0
2101,2023-10-13 10:30:00,OANDA:AUDUSD,0.63262,0.63274,0.63253,0.6326,258.0,Interval.in_5_minute,56197800.0
2102,2023-10-13 10:35:00,OANDA:AUDUSD,0.6326,0.63274,0.63238,0.6327,213.0,Interval.in_5_minute,56198100.0
2103,2023-10-13 10:40:00,OANDA:AUDUSD,0.6327,0.63272,0.63247,0.6326,194.0,Interval.in_5_minute,56198400.0
2104,2023-10-13 10:45:00,OANDA:AUDUSD,0.6326,0.63267,0.63256,0.63266,206.0,Interval.in_5_minute,56198700.0
2105,2023-10-13 10:50:00,OANDA:AUDUSD,0.63266,0.63274,0.63253,0.63272,142.0,Interval.in_5_minute,56199000.0
2106,2023-10-13 10:55:00,OANDA:AUDUSD,0.63272,0.63273,0.63251,0.63263,216.0,Interval.in_5_minute,56199300.0
2107,2023-10-13 11:00:00,OANDA:AUDUSD,0.63263,0.63296,0.63246,0.63276,323.0,Interval.in_5_minute,56199600.0
2108,2023-10-13 11:05:00,OANDA:AUDUSD,0.63276,0.63304,0.63276,0.633,193.0,Interval.in_5_minute,56199900.0
2109,2023-10-13 11:10:00,OANDA:AUDUSD,0.633,0.63317,0.6329,0.63296,184.0,Interval.in_5_minute,56200200.0
2110,2023-10-13 11:15:00,OANDA:AUDUSD,0.63296,0.63296,0.6326,0.63272,186.0,Interval.in_5_minute,56200500.0
2111,2023-10-13 11:20:00,OANDA:AUDUSD,0.63272,0.633,0.63268,0.63294,223.0,Interval.in_5_minute,56200800.0
2112,2023-10-13 11:25:00,OANDA:AUDUSD,0.63294,0.63295,0.63278,0.6329,231.0,Interval.in_5_minute,56201100.0
2113,2023-10-13 11:30:00,OANDA:AUDUSD,0.6329,0.63296,0.63258,0.63258,283.0,Interval.in_5_minute,56201400.0
2114,2023-10-13 11:35:00,OANDA:AUDUSD,0.63258,0.63273,0.63246,0.63248,238.0,Interval.in_5_minute,56201700.0
2115,2023-10-13 11:40:00,OANDA:AUDUSD,0.63248,0.63249,0.63216,0.63225,193.0,Interval.in_5_minute,56202000.0
2116,2023-10-13 11:45:00,OANDA:AUDUSD,0.63225,0.63242,0.63216,0.6322,217.0,Interval.in_5_minute,56202300.0
2117,2023-10-13 11:50:00,OANDA:AUDUSD,0.6322,0.6324,0.63214,0.63224,186.0,Interval.in_5_minute,56202600.0
2118,2023-10-13 11:55:00,OANDA:AUDUSD,0.63224,0.63237,0.63216,0.6322,154.0,Interval.in_5_minute,56202900.0
2119,2023-10-13 12:00:00,OANDA:AUDUSD,0.6322,0.6322,0.63195,0.63204,139.0,Interval.in_5_minute,56203200.0
2120,2023-10-13 12:05:00,OANDA:AUDUSD,0.63204,0.63204,0.63158,0.6316,140.0,Interval.in_5_minute,56203500.0
2121,2023-10-13 12:10:00,OANDA:AUDUSD,0.6316,0.6317,0.63153,0.63166,154.0,Interval.in_5_minute,56203800.0
2122,2023-10-13 12:15:00,OANDA:AUDUSD,0.63166,0.63178,0.63157,0.63176,193.0,Interval.in_5_minute,56204100.0
2123,2023-10-13 12:20:00,OANDA:AUDUSD,0.63176,0.63187,0.63152,0.63166,187.0,Interval.in_5_minute,56204400.0
2124,2023-10-13 12:25:00,OANDA:AUDUSD,0.63166,0.63196,0.6316,0.63178,206.0,Interval.in_5_minute,56204700.0
2125,2023-10-13 12:30:00,OANDA:AUDUSD,0.63178,0.63186,0.63166,0.6317,175.0,Interval.in_5_minute,56205000.0
2126,2023-10-13 12:35:00,OANDA:AUDUSD,0.6317,0.63191,0.63169,0.63188,161.0,Interval.in_5_minute,56205300.0
2127,2023-10-13 12:40:00,OANDA:AUDUSD,0.63188,0.63191,0.63151,0.63158,145.0,Interval.in_5_minute,56205600.0
2128,2023-10-13 12:45:00,OANDA:AUDUSD,0.63158,0.63165,0.63106,0.63106,199.0,Interval.in_5_minute,56205900.0
2129,2023-10-13 12:50:00,OANDA:AUDUSD,0.63106,0.63114,0.63087,0.63092,238.0,Interval.in_5_minute,56206200.0
2130,2023-10-13 12:55:00,OANDA:AUDUSD,0.63092,0.63127,0.6309,0.63124,317.0,Interval.in_5_minute,56206500.0
2131,2023-10-13 13:00:00,OANDA:AUDUSD,0.63124,0.63163,0.63124,0.63157,279.0,Interval.in_5_minute,56206800.0
2132,2023-10-13 13:05:00,OANDA:AUDUSD,0.63157,0.63157,0.63135,0.63141,213.0,Interval.in_5_minute,56207100.0
2133,2023-10-13 13:10:00,OANDA:AUDUSD,0.63141,0.63146,0.63104,0.63115,221.0,Interval.in_5_minute,56207400.0
2134,2023-10-13 13:15:00,OANDA:AUDUSD,0.63115,0.63142,0.63114,0.63123,156.0,Interval.in_5_minute,56207700.0
2135,2023-10-13 13:20:00,OANDA:AUDUSD,0.63123,0.63128,0.6308,0.63096,224.0,Interval.in_5_minute,56208000.0
2136,2023-10-13 13:25:00,OANDA:AUDUSD,0.63096,0.631,0.63073,0.63075,217.0,Interval.in_5_minute,56208300.0
2137,2023-10-13 13:30:00,OANDA:AUDUSD,0.63075,0.63075,0.63054,0.63069,188.0,Interval.in_5_minute,56208600.0
2138,2023-10-13 13:35:00,OANDA:AUDUSD,0.63069,0.63102,0.63062,0.631,150.0,Interval.in_5_minute,56208900.0
2139,2023-10-13 13:40:00,OANDA:AUDUSD,0.631,0.63102,0.63083,0.63086,104.0,Interval.in_5_minute,56209200.0
2140,2023-10-13 13:45:00,OANDA:AUDUSD,0.63086,0.63121,0.63086,0.63098,174.0,Interval.in_5_minute,56209500.0
2141,2023-10-13 13:50:00,OANDA:AUDUSD,0.63098,0.63119,0.63087,0.6309,160.0,Interval.in_5_minute,56209800.0
2142,2023-10-13 13:55:00,OANDA:AUDUSD,0.6309,0.63109,0.63056,0.63096,205.0,Interval.in_5_minute,56210100.0
2143,2023-10-13 14:00:00,OANDA:AUDUSD,0.63096,0.63121,0.63086,0.6311,234.0,Interval.in_5_minute,56210400.0
2144,2023-10-13 14:05:00,OANDA:AUDUSD,0.6311,0.63145,0.631,0.63142,219.0,Interval.in_5_minute,56210700.0
2145,2023-10-13 14:10:00,OANDA:AUDUSD,0.63142,0.63142,0.63116,0.63134,199.0,Interval.in_5_minute,56211000.0
2146,2023-10-13 14:15:00,OANDA:AUDUSD,0.63134,0.63134,0.63109,0.6312,178.0,Interval.in_5_minute,56211300.0
2147,2023-10-13 14:20:00,OANDA:AUDUSD,0.6312,0.6316,0.63118,0.63154,208.0,Interval.in_5_minute,56211600.0
2148,2023-10-13 14:25:00,OANDA:AUDUSD,0.63154,0.63161,0.6313,0.63161,210.0,Interval.in_5_minute,56211900.0
2149,2023-10-13 14:30:00,OANDA:AUDUSD,0.63161,0.6317,0.6315,0.63152,161.0,Interval.in_5_minute,56212200.0
2150,2023-10-13 14:35:00,OANDA:AUDUSD,0.63152,0.63191,0.63139,0.63182,210.0,Interval.in_5_minute,56212500.0
2151,2023-10-13 14:40:00,OANDA:AUDUSD,0.63182,0.63188,0.63146,0.63152,178.0,Interval.in_5_minute,56212800.0
2152,2023-10-13 14:45:00,OANDA:AUDUSD,0.63152,0.63152,0.63119,0.63142,155.0,Interval.in_5_minute,56213100.0
2153,2023-10-13 14:50:00,OANDA:AUDUSD,0.63142,0.63195,0.63142,0.63177,276.0,Interval.in_5_minute,56213400.0
2154,2023-10-13 14:55:00,OANDA:AUDUSD,0.63177,0.632,0.63161,0.6317,369.0,Interval.in_5_minute,56213700.0
2155,2023-10-13 15:00:00,OANDA:AUDUSD,0.6317,0.63206,0.63168,0.63206,266.0,Interval.in_5_minute,56214000.0
2156,2023-10-13 15:05:00,OANDA:AUDUSD,0.63206,0.63208,0.6315,0.63159,278.0,Interval.in_5_minute,56214300.0
2157,2023-10-13 15:10:00,OANDA:AUDUSD,0.63159,0.63164,0.63138,0.6315,298.0,Interval.in_5_minute,56214600.0
2158,2023-10-13 15:15:00,OANDA:AUDUSD,0.6315,0.63164,0.63126,0.63158,245.0,Interval.in_5_minute,56214900.0
2159,2023-10-13 15:20:00,OANDA:AUDUSD,0.63158,0.63198,0.63144,0.6319,341.0,Interval.in_5_minute,56215200.0
2160,2023-10-13 15:25:00,OANDA:AUDUSD,0.6319,0.63239,0.63183,0.63232,355.0,Interval.in_5_minute,56215500.0
2161,2023-10-13 15:30:00,OANDA:AUDUSD,0.63232,0.6328,0.63226,0.6327,511.0,Interval.in_5_minute,56215800.0
2162,2023-10-13 15:35:00,OANDA:AUDUSD,0.6327,0.63291,0.63265,0.63281,557.0,Interval.in_5_minute,56216100.0
2163,2023-10-13 15:40:00,OANDA:AUDUSD,0.63281,0.63286,0.63245,0.63268,346.0,Interval.in_5_minute,56216400.0
2164,2023-10-13 15:45:00,OANDA:AUDUSD,0.63268,0.63281,0.63238,0.63248,325.0,Interval.in_5_minute,56216700.0
2165,2023-10-13 15:50:00,OANDA:AUDUSD,0.63248,0.63266,0.63231,0.63236,273.0,Interval.in_5_minute,56217000.0
2166,2023-10-13 15:55:00,OANDA:AUDUSD,0.63236,0.63274,0.63236,0.6326,326.0,Interval.in_5_minute,56217300.0
2167,2023-10-13 16:00:00,OANDA:AUDUSD,0.6326,0.63282,0.63246,0.63253,483.0,Interval.in_5_minute,56217600.0
2168,2023-10-13 16:05:00,OANDA:AUDUSD,0.63253,0.63274,0.63234,0.63235,369.0,Interval.in_5_minute,56217900.0
2169,2023-10-13 16:10:00,OANDA:AUDUSD,0.63235,0.63246,0.63204,0.63204,394.0,Interval.in_5_minute,56218200.0
2170,2023-10-13 16:15:00,OANDA:AUDUSD,0.63204,0.63211,0.63179,0.63181,409.0,Interval.in_5_minute,56218500.0
2171,2023-10-13 16:20:00,OANDA:AUDUSD,0.63181,0.63182,0.63131,0.63133,373.0,Interval.in_5_minute,56218800.0
2172,2023-10-13 16:25:00,OANDA:AUDUSD,0.63133,0.63168,0.63132,0.63166,326.0,Interval.in_5_minute,56219100.0
2173,2023-10-13 16:30:00,OANDA:AUDUSD,0.63166,0.63195,0.63164,0.63182,565.0,Interval.in_5_minute,56219400.0
2174,2023-10-13 16:35:00,OANDA:AUDUSD,0.63182,0.63217,0.63175,0.63204,399.0,Interval.in_5_minute,56219700.0
2175,2023-10-13 16:40:00,OANDA:AUDUSD,0.63204,0.63224,0.6314,0.63142,429.0,Interval.in_5_minute,56220000.0
2176,2023-10-13 16:45:00,OANDA:AUDUSD,0.63142,0.63215,0.63129,0.63214,442.0,Interval.in_5_minute,56220300.0
2177,2023-10-13 16:50:00,OANDA:AUDUSD,0.63214,0.63232,0.632,0.63206,390.0,Interval.in_5_minute,56220600.0
2178,2023-10-13 16:55:00,OANDA:AUDUSD,0.63206,0.63223,0.6317,0.63182,275.0,Interval.in_5_minute,56220900.0
2179,2023-10-13 17:00:00,OANDA:AUDUSD,0.63182,0.63186,0.63099,0.63183,950.0,Interval.in_5_minute,56221200.0
2180,2023-10-13 17:05:00,OANDA:AUDUSD,0.63183,0.63203,0.63104,0.63167,671.0,Interval.in_5_minute,56221500.0
2181,2023-10-13 17:10:00,OANDA:AUDUSD,0.63167,0.63176,0.63118,0.63129,549.0,Interval.in_5_minute,56221800.0
2182,2023-10-13 17:15:00,OANDA:AUDUSD,0.63129,0.63135,0.63063,0.63083,369.0,Interval.in_5_minute,56222100.0
2183,2023-10-13 17:20:00,OANDA:AUDUSD,0.63083,0.63124,0.6307,0.63077,391.0,Interval.in_5_minute,56222400.0
2184,2023-10-13 17:25:00,OANDA:AUDUSD,0.63077,0.63128,0.63068,0.63072,414.0,Interval.in_5_minute,56222700.0
2185,2023-10-13 17:30:00,OANDA:AUDUSD,0.63072,0.63132,0.63072,0.63127,460.0,Interval.in_5_minute,56223000.0
2186,2023-10-13 17:35:00,OANDA:AUDUSD,0.63127,0.63127,0.63058,0.6306,390.0,Interval.in_5_minute,56223300.0
2187,2023-10-13 17:40:00,OANDA:AUDUSD,0.6306,0.63068,0.62997,0.63001,507.0,Interval.in_5_minute,56223600.0
2188,2023-10-13 17:45:00,OANDA:AUDUSD,0.63001,0.63004,0.62976,0.62997,368.0,Interval.in_5_minute,56223900.0
2189,2023-10-13 17:50:00,OANDA:AUDUSD,0.62997,0.63002,0.62958,0.62968,257.0,Interval.in_5_minute,56224200.0
2190,2023-10-13 17:55:00,OANDA:AUDUSD,0.62968,0.6297,0.62917,0.62952,458.0,Interval.in_5_minute,56224500.0
2191,2023-10-13 18:00:00,OANDA:AUDUSD,0.62952,0.62963,0.629,0.6293,298.0,Interval.in_5_minute,56224800.0
2192,2023-10-13 18:05:00,OANDA:AUDUSD,0.6293,0.62944,0.62893,0.62932,328.0,Interval.in_5_minute,56225100.0
2193,2023-10-13 18:10:00,OANDA:AUDUSD,0.62932,0.62943,0.62893,0.62918,269.0,Interval.in_5_minute,56225400.0
2194,2023-10-13 18:15:00,OANDA:AUDUSD,0.62918,0.62948,0.6291,0.6294,224.0,Interval.in_5_minute,56225700.0
2195,2023-10-13 18:20:00,OANDA:AUDUSD,0.6294,0.62948,0.62906,0.62907,225.0,Interval.in_5_minute,56226000.0
2196,2023-10-13 18:25:00,OANDA:AUDUSD,0.62907,0.62944,0.62895,0.62939,274.0,Interval.in_5_minute,56226300.0
2197,2023-10-13 18:30:00,OANDA:AUDUSD,0.62939,0.62944,0.62925,0.62932,151.0,Interval.in_5_minute,56226600.0
2198,2023-10-13 18:35:00,OANDA:AUDUSD,0.62932,0.62954,0.62929,0.62944,131.0,Interval.in_5_minute,56226900.0
2199,2023-10-13 18:40:00,OANDA:AUDUSD,0.62944,0.62967,0.62934,0.6295,210.0,Interval.in_5_minute,56227200.0
2200,2023-10-13 18:45:00,OANDA:AUDUSD,0.6295,0.62954,0.62894,0.62896,223.0,Interval.in_5_minute,56227500.0
2201,2023-10-13 18:50:00,OANDA:AUDUSD,0.62896,0.62904,0.62864,0.62875,205.0,Interval.in_5_minute,56227800.0
2202,2023-10-13 18:55:00,OANDA:AUDUSD,0.62875,0.6289,0.62864,0.6289,189.0,Interval.in_5_minute,56228100.0
2203,2023-10-13 19:00:00,OANDA:AUDUSD,0.6289,0.62924,0.62888,0.629,161.0,Interval.in_5_minute,56228400.0
2204,2023-10-13 19:05:00,OANDA:AUDUSD,0.629,0.6294,0.62899,0.62938,166.0,Interval.in_5_minute,56228700.0
2205,2023-10-13 19:10:00,OANDA:AUDUSD,0.62938,0.62945,0.62922,0.6293,180.0,Interval.in_5_minute,56229000.0
2206,2023-10-13 19:15:00,OANDA:AUDUSD,0.6293,0.62954,0.62927,0.62936,210.0,Interval.in_5_minute,56229300.0
2207,2023-10-13 19:20:00,OANDA:AUDUSD,0.62936,0.62956,0.62924,0.62956,183.0,Interval.in_5_minute,56229600.0
2208,2023-10-13 19:25:00,OANDA:AUDUSD,0.62956,0.6296,0.62942,0.62952,148.0,Interval.in_5_minute,56229900.0
2209,2023-10-13 19:30:00,OANDA:AUDUSD,0.62952,0.62956,0.62932,0.62944,246.0,Interval.in_5_minute,56230200.0
2210,2023-10-13 19:35:00,OANDA:AUDUSD,0.62944,0.62944,0.62919,0.6292,216.0,Interval.in_5_minute,56230500.0
2211,2023-10-13 19:40:00,OANDA:AUDUSD,0.6292,0.62946,0.6292,0.6294,232.0,Interval.in_5_minute,56230800.0
2212,2023-10-13 19:45:00,OANDA:AUDUSD,0.6294,0.62965,0.62938,0.6294,198.0,Interval.in_5_minute,56231100.0
2213,2023-10-13 19:50:00,OANDA:AUDUSD,0.6294,0.6294,0.62898,0.62936,188.0,Interval.in_5_minute,56231400.0
2214,2023-10-13 19:55:00,OANDA:AUDUSD,0.62936,0.6295,0.62929,0.62941,168.0,Interval.in_5_minute,56231700.0
2215,2023-10-13 20:00:00,OANDA:AUDUSD,0.62941,0.62951,0.62927,0.62936,138.0,Interval.in_5_minute,56232000.0
2216,2023-10-13 20:05:00,OANDA:AUDUSD,0.62936,0.62936,0.62903,0.6291,196.0,Interval.in_5_minute,56232300.0
2217,2023-10-13 20:10:00,OANDA:AUDUSD,0.6291,0.62916,0.62896,0.62907,176.0,Interval.in_5_minute,56232600.0
2218,2023-10-13 20:15:00,OANDA:AUDUSD,0.62907,0.62939,0.62905,0.62931,157.0,Interval.in_5_minute,56232900.0
2219,2023-10-13 20:20:00,OANDA:AUDUSD,0.62931,0.6297,0.6293,0.62956,165.0,Interval.in_5_minute,56233200.0
2220,2023-10-13 20:25:00,OANDA:AUDUSD,0.62956,0.62966,0.62924,0.62928,163.0,Interval.in_5_minute,56233500.0
2221,2023-10-13 20:30:00,OANDA:AUDUSD,0.62928,0.62934,0.62924,0.6293,157.0,Interval.in_5_minute,56233800.0
2222,2023-10-13 20:35:00,OANDA:AUDUSD,0.6293,0.62936,0.6292,0.6293,141.0,Interval.in_5_minute,56234100.0
2223,2023-10-13 20:40:00,OANDA:AUDUSD,0.6293,0.62984,0.6293,0.62981,215.0,Interval.in_5_minute,56234400.0
2224,2023-10-13 20:45:00,OANDA:AUDUSD,0.62981,0.62996,0.62975,0.6298,185.0,Interval.in_5_minute,56234700.0
2225,2023-10-13 20:50:00,OANDA:AUDUSD,0.6298,0.63003,0.6298,0.63001,122.0,Interval.in_5_minute,56235000.0
2226,2023-10-13 20:55:00,OANDA:AUDUSD,0.63001,0.6301,0.62986,0.6299,142.0,Interval.in_5_minute,56235300.0
2227,2023-10-13 21:00:00,OANDA:AUDUSD,0.6299,0.62996,0.62978,0.62984,212.0,Interval.in_5_minute,56235600.0
2228,2023-10-13 21:05:00,OANDA:AUDUSD,0.62984,0.63006,0.62976,0.62982,148.0,Interval.in_5_minute,56235900.0
2229,2023-10-13 21:10:00,OANDA:AUDUSD,0.62982,0.62992,0.62971,0.62978,117.0,Interval.in_5_minute,56236200.0
2230,2023-10-13 21:15:00,OANDA:AUDUSD,0.62978,0.6298,0.62962,0.62969,142.0,Interval.in_5_minute,56236500.0
2231,2023-10-13 21:20:00,OANDA:AUDUSD,0.62969,0.62976,0.62946,0.6295,139.0,Interval.in_5_minute,56236800.0
2232,2023-10-13 21:25:00,OANDA:AUDUSD,0.6295,0.62952,0.6294,0.62949,118.0,Interval.in_5_minute,56237100.0
2233,2023-10-13 21:30:00,OANDA:AUDUSD,0.62949,0.62985,0.62947,0.62981,193.0,Interval.in_5_minute,56237400.0
2234,2023-10-13 21:35:00,OANDA:AUDUSD,0.62981,0.62981,0.62942,0.62951,199.0,Interval.in_5_minute,56237700.0
2235,2023-10-13 21:40:00,OANDA:AUDUSD,0.62951,0.62969,0.62946,0.62952,145.0,Interval.in_5_minute,56238000.0
2236,2023-10-13 21:45:00,OANDA:AUDUSD,0.62952,0.62958,0.6294,0.62952,136.0,Interval.in_5_minute,56238300.0
2237,2023-10-13 21:50:00,OANDA:AUDUSD,0.62952,0.62965,0.62948,0.62953,155.0,Interval.in_5_minute,56238600.0
2238,2023-10-13 21:55:00,OANDA:AUDUSD,0.62953,0.62986,0.62953,0.6298,187.0,Interval.in_5_minute,56238900.0
2239,2023-10-13 22:00:00,OANDA:AUDUSD,0.6298,0.63014,0.62978,0.63014,162.0,Interval.in_5_minute,56239200.0
2240,2023-10-13 22:05:00,OANDA:AUDUSD,0.63014,0.63014,0.62972,0.62992,137.0,Interval.in_5_minute,56239500.0
2241,2023-10-13 22:10:00,OANDA:AUDUSD,0.62992,0.63008,0.62984,0.63006,158.0,Interval.in_5_minute,56239800.0
2242,2023-10-13 22:15:00,OANDA:AUDUSD,0.63006,0.6301,0.62976,0.62981,172.0,Interval.in_5_minute,56240100.0
2243,2023-10-13 22:20:00,OANDA:AUDUSD,0.62981,0.6299,0.62971,0.62986,130.0,Interval.in_5_minute,56240400.0
2244,2023-10-13 22:25:00,OANDA:AUDUSD,0.62986,0.62986,0.62962,0.62971,178.0,Interval.in_5_minute,56240700.0
2245,2023-10-13 22:30:00,OANDA:AUDUSD,0.62971,0.63004,0.62971,0.6299,135.0,Interval.in_5_minute,56241000.0
2246,2023-10-13 22:35:00,OANDA:AUDUSD,0.6299,0.62994,0.6297,0.62975,158.0,Interval.in_5_minute,56241300.0
2247,2023-10-13 22:40:00,OANDA:AUDUSD,0.62975,0.62994,0.62965,0.62978,132.0,Interval.in_5_minute,56241600.0
2248,2023-10-13 22:45:00,OANDA:AUDUSD,0.62978,0.62987,0.62976,0.62987,126.0,Interval.in_5_minute,56241900.0
2249,2023-10-13 22:50:00,OANDA:AUDUSD,0.62987,0.62994,0.6298,0.62991,151.0,Interval.in_5_minute,56242200.0
2250,2023-10-13 22:55:00,OANDA:AUDUSD,0.62991,0.62995,0.62976,0.62989,102.0,Interval.in_5_minute,56242500.0
2251,2023-10-13 23:00:00,OANDA:AUDUSD,0.62989,0.62989,0.62976,0.62978,86.0,Interval.in_5_minute,56242800.0
2252,2023-10-13 23:05:00,OANDA:AUDUSD,0.62978,0.6298,0.62964,0.62964,51.0,Interval.in_5_minute,56243100.0
2253,2023-10-13 23:10:00,OANDA:AUDUSD,0.62964,0.62964,0.62945,0.62962,49.0,Interval.in_5_minute,56243400.0
2254,2023-10-13 23:15:00,OANDA:AUDUSD,0.62962,0.62966,0.62954,0.62954,55.0,Interval.in_5_minute,56243700.0
2255,2023-10-13 23:20:00,OANDA:AUDUSD,0.62954,0.6296,0.6295,0.62956,30.0,Interval.in_5_minute,56244000.0
2256,2023-10-13 23:25:00,OANDA:AUDUSD,0.62956,0.62967,0.6295,0.62967,34.0,Interval.in_5_minute,56244300.0
2257,2023-10-13 23:30:00,OANDA:AUDUSD,0.62967,0.62971,0.62962,0.6297,54.0,Interval.in_5_minute,56244600.0
2258,2023-10-13 23:35:00,OANDA:AUDUSD,0.6297,0.6297,0.62956,0.62956,28.0,Interval.in_5_minute,56244900.0
2259,2023-10-13 23:40:00,OANDA:AUDUSD,0.62956,0.62971,0.62956,0.62968,23.0,Interval.in_5_minute,56245200.0
2260,2023-10-13 23:45:00,OANDA:AUDUSD,0.62968,0.6297,0.62961,0.6297,32.0,Interval.in_5_minute,56245500.0
2261,2023-10-13 23:50:00,OANDA:AUDUSD,0.6297,0.62972,0.62958,0.62964,61.0,Interval.in_5_minute,56245800.0
2262,2023-10-13 23:55:00,OANDA:AUDUSD,0.62964,0.62968,0.6295,0.62956,95.0,Interval.in_5_minute,56246100.0
2263,2023-10-16 00:00:00,OANDA:AUDUSD,0.62956,0.63046,0.62956,0.63034,3.0,Interval.in_5_minute,56419200.0
2264,2023-10-16 00:05:00,OANDA:AUDUSD,0.63034,0.63046,0.63027,0.6303,26.0,Interval.in_5_minute,56419500.0
2265,2023-10-16 00:10:00,OANDA:AUDUSD,0.6303,0.63048,0.63027,0.63046,22.0,Interval.in_5_minute,56419800.0
2266,2023-10-16 00:15:00,OANDA:AUDUSD,0.63046,0.63046,0.63044,0.63044,2.0,Interval.in_5_minute,56420100.0
2267,2023-10-16 00:20:00,OANDA:AUDUSD,0.63044,0.63058,0.63042,0.63058,14.0,Interval.in_5_minute,56420400.0
2268,2023-10-16 00:25:00,OANDA:AUDUSD,0.63058,0.6306,0.63058,0.63058,5.0,Interval.in_5_minute,56420700.0
2269,2023-10-16 00:30:00,OANDA:AUDUSD,0.63058,0.63058,0.63018,0.63024,74.0,Interval.in_5_minute,56421000.0
2270,2023-10-16 00:35:00,OANDA:AUDUSD,0.63024,0.6304,0.63024,0.63026,35.0,Interval.in_5_minute,56421300.0
2271,2023-10-16 00:40:00,OANDA:AUDUSD,0.63026,0.63036,0.63026,0.63036,13.0,Interval.in_5_minute,56421600.0
2272,2023-10-16 00:45:00,OANDA:AUDUSD,0.63036,0.63036,0.63026,0.63026,9.0,Interval.in_5_minute,56421900.0
2273,2023-10-16 00:50:00,OANDA:AUDUSD,0.63026,0.6303,0.63026,0.6303,9.0,Interval.in_5_minute,56422200.0
2274,2023-10-16 00:55:00,OANDA:AUDUSD,0.6303,0.6303,0.6301,0.6302,12.0,Interval.in_5_minute,56422500.0
2275,2023-10-16 01:00:00,OANDA:AUDUSD,0.6302,0.63049,0.63014,0.63042,159.0,Interval.in_5_minute,56422800.0
2276,2023-10-16 01:05:00,OANDA:AUDUSD,0.63042,0.63058,0.63033,0.63048,93.0,Interval.in_5_minute,56423100.0
2277,2023-10-16 01:10:00,OANDA:AUDUSD,0.63048,0.63066,0.63048,0.63054,75.0,Interval.in_5_minute,56423400.0
2278,2023-10-16 01:15:00,OANDA:AUDUSD,0.63054,0.63054,0.63017,0.63038,83.0,Interval.in_5_minute,56423700.0
2279,2023-10-16 01:20:00,OANDA:AUDUSD,0.63038,0.63054,0.63032,0.63053,72.0,Interval.in_5_minute,56424000.0
2280,2023-10-16 01:25:00,OANDA:AUDUSD,0.63053,0.63056,0.63049,0.63052,47.0,Interval.in_5_minute,56424300.0
2281,2023-10-16 01:30:00,OANDA:AUDUSD,0.63052,0.63068,0.63052,0.63064,48.0,Interval.in_5_minute,56424600.0
2282,2023-10-16 01:35:00,OANDA:AUDUSD,0.63064,0.63064,0.63045,0.63047,29.0,Interval.in_5_minute,56424900.0
2283,2023-10-16 01:40:00,OANDA:AUDUSD,0.63047,0.63053,0.63038,0.63046,31.0,Interval.in_5_minute,56425200.0
2284,2023-10-16 01:45:00,OANDA:AUDUSD,0.63046,0.63046,0.63038,0.63044,53.0,Interval.in_5_minute,56425500.0
2285,2023-10-16 01:50:00,OANDA:AUDUSD,0.63044,0.63044,0.63021,0.63029,61.0,Interval.in_5_minute,56425800.0
2286,2023-10-16 01:55:00,OANDA:AUDUSD,0.63029,0.6306,0.63024,0.63052,71.0,Interval.in_5_minute,56426100.0
2287,2023-10-16 02:00:00,OANDA:AUDUSD,0.63052,0.63071,0.63046,0.63058,93.0,Interval.in_5_minute,56426400.0
2288,2023-10-16 02:05:00,OANDA:AUDUSD,0.63058,0.63073,0.63048,0.63068,75.0,Interval.in_5_minute,56426700.0
2289,2023-10-16 02:10:00,OANDA:AUDUSD,0.63068,0.63094,0.63068,0.63078,61.0,Interval.in_5_minute,56427000.0
2290,2023-10-16 02:15:00,OANDA:AUDUSD,0.63078,0.63085,0.63071,0.63072,47.0,Interval.in_5_minute,56427300.0
2291,2023-10-16 02:20:00,OANDA:AUDUSD,0.63072,0.63082,0.63066,0.63081,70.0,Interval.in_5_minute,56427600.0
2292,2023-10-16 02:25:00,OANDA:AUDUSD,0.63081,0.63094,0.6308,0.6309,56.0,Interval.in_5_minute,56427900.0
2293,2023-10-16 02:30:00,OANDA:AUDUSD,0.6309,0.63093,0.6308,0.63084,94.0,Interval.in_5_minute,56428200.0
2294,2023-10-16 02:35:00,OANDA:AUDUSD,0.63084,0.63084,0.63072,0.6308,32.0,Interval.in_5_minute,56428500.0
2295,2023-10-16 02:40:00,OANDA:AUDUSD,0.6308,0.63092,0.6308,0.63091,75.0,Interval.in_5_minute,56428800.0
2296,2023-10-16 02:45:00,OANDA:AUDUSD,0.63091,0.63107,0.63088,0.63104,87.0,Interval.in_5_minute,56429100.0
2297,2023-10-16 02:50:00,OANDA:AUDUSD,0.63104,0.63114,0.631,0.6311,41.0,Interval.in_5_minute,56429400.0
2298,2023-10-16 02:55:00,OANDA:AUDUSD,0.6311,0.63115,0.63096,0.63115,69.0,Interval.in_5_minute,56429700.0
2299,2023-10-16 03:00:00,OANDA:AUDUSD,0.63115,0.63129,0.63105,0.63112,226.0,Interval.in_5_minute,56430000.0
2300,2023-10-16 03:05:00,OANDA:AUDUSD,0.63112,0.63115,0.63079,0.63114,224.0,Interval.in_5_minute,56430300.0
2301,2023-10-16 03:10:00,OANDA:AUDUSD,0.63114,0.63119,0.631,0.63102,92.0,Interval.in_5_minute,56430600.0
2302,2023-10-16 03:15:00,OANDA:AUDUSD,0.63102,0.63106,0.63074,0.63078,157.0,Interval.in_5_minute,56430900.0
2303,2023-10-16 03:20:00,OANDA:AUDUSD,0.63078,0.63084,0.6306,0.63061,169.0,Interval.in_5_minute,56431200.0
2304,2023-10-16 03:25:00,OANDA:AUDUSD,0.63061,0.63098,0.63055,0.6309,154.0,Interval.in_5_minute,56431500.0
2305,2023-10-16 03:30:00,OANDA:AUDUSD,0.6309,0.63099,0.63076,0.63085,104.0,Interval.in_5_minute,56431800.0
2306,2023-10-16 03:35:00,OANDA:AUDUSD,0.63085,0.63096,0.63079,0.63088,72.0,Interval.in_5_minute,56432100.0
2307,2023-10-16 03:40:00,OANDA:AUDUSD,0.63088,0.63096,0.63078,0.6308,78.0,Interval.in_5_minute,56432400.0
2308,2023-10-16 03:45:00,OANDA:AUDUSD,0.6308,0.63081,0.63058,0.63058,189.0,Interval.in_5_minute,56432700.0
2309,2023-10-16 03:50:00,OANDA:AUDUSD,0.63058,0.6307,0.63051,0.63068,75.0,Interval.in_5_minute,56433000.0
2310,2023-10-16 03:55:00,OANDA:AUDUSD,0.63068,0.63068,0.6303,0.6303,142.0,Interval.in_5_minute,56433300.0
2311,2023-10-16 04:00:00,OANDA:AUDUSD,0.6303,0.63105,0.6303,0.63095,162.0,Interval.in_5_minute,56433600.0
2312,2023-10-16 04:05:00,OANDA:AUDUSD,0.63095,0.63118,0.63092,0.63106,158.0,Interval.in_5_minute,56433900.0
2313,2023-10-16 04:10:00,OANDA:AUDUSD,0.63106,0.63147,0.63106,0.63144,151.0,Interval.in_5_minute,56434200.0
2314,2023-10-16 04:15:00,OANDA:AUDUSD,0.63144,0.63146,0.63126,0.63142,195.0,Interval.in_5_minute,56434500.0
2315,2023-10-16 04:20:00,OANDA:AUDUSD,0.63142,0.63157,0.6313,0.63154,105.0,Interval.in_5_minute,56434800.0
2316,2023-10-16 04:25:00,OANDA:AUDUSD,0.63154,0.63169,0.63152,0.63162,72.0,Interval.in_5_minute,56435100.0
2317,2023-10-16 04:30:00,OANDA:AUDUSD,0.63162,0.6317,0.63138,0.6315,217.0,Interval.in_5_minute,56435400.0
2318,2023-10-16 04:35:00,OANDA:AUDUSD,0.6315,0.63155,0.6311,0.63154,175.0,Interval.in_5_minute,56435700.0
2319,2023-10-16 04:40:00,OANDA:AUDUSD,0.63154,0.63176,0.63136,0.63155,146.0,Interval.in_5_minute,56436000.0
2320,2023-10-16 04:45:00,OANDA:AUDUSD,0.63155,0.63164,0.63152,0.63164,114.0,Interval.in_5_minute,56436300.0
2321,2023-10-16 04:50:00,OANDA:AUDUSD,0.63164,0.6317,0.63153,0.63159,138.0,Interval.in_5_minute,56436600.0
2322,2023-10-16 04:55:00,OANDA:AUDUSD,0.63159,0.63188,0.63158,0.63177,130.0,Interval.in_5_minute,56436900.0
2323,2023-10-16 05:00:00,OANDA:AUDUSD,0.63177,0.63184,0.63152,0.63154,119.0,Interval.in_5_minute,56437200.0
2324,2023-10-16 05:05:00,OANDA:AUDUSD,0.63154,0.6322,0.63154,0.63217,119.0,Interval.in_5_minute,56437500.0
2325,2023-10-16 05:10:00,OANDA:AUDUSD,0.63217,0.63235,0.63216,0.63228,131.0,Interval.in_5_minute,56437800.0
2326,2023-10-16 05:15:00,OANDA:AUDUSD,0.63228,0.63254,0.63226,0.63234,133.0,Interval.in_5_minute,56438100.0
2327,2023-10-16 05:20:00,OANDA:AUDUSD,0.63234,0.63266,0.63233,0.6326,69.0,Interval.in_5_minute,56438400.0
2328,2023-10-16 05:25:00,OANDA:AUDUSD,0.6326,0.63271,0.63251,0.63251,79.0,Interval.in_5_minute,56438700.0
2329,2023-10-16 05:30:00,OANDA:AUDUSD,0.63251,0.63256,0.63224,0.63232,86.0,Interval.in_5_minute,56439000.0
2330,2023-10-16 05:35:00,OANDA:AUDUSD,0.63232,0.63246,0.63226,0.63232,135.0,Interval.in_5_minute,56439300.0
2331,2023-10-16 05:40:00,OANDA:AUDUSD,0.63232,0.63242,0.63219,0.63219,147.0,Interval.in_5_minute,56439600.0
2332,2023-10-16 05:45:00,OANDA:AUDUSD,0.63219,0.63219,0.63184,0.63184,162.0,Interval.in_5_minute,56439900.0
2333,2023-10-16 05:50:00,OANDA:AUDUSD,0.63184,0.63196,0.63178,0.6318,113.0,Interval.in_5_minute,56440200.0
2334,2023-10-16 05:55:00,OANDA:AUDUSD,0.6318,0.63208,0.63178,0.632,92.0,Interval.in_5_minute,56440500.0
2335,2023-10-16 06:00:00,OANDA:AUDUSD,0.632,0.63204,0.63191,0.63204,97.0,Interval.in_5_minute,56440800.0
2336,2023-10-16 06:05:00,OANDA:AUDUSD,0.63204,0.63214,0.63197,0.63198,102.0,Interval.in_5_minute,56441100.0
2337,2023-10-16 06:10:00,OANDA:AUDUSD,0.63198,0.632,0.63186,0.63188,108.0,Interval.in_5_minute,56441400.0
2338,2023-10-16 06:15:00,OANDA:AUDUSD,0.63188,0.6319,0.63171,0.63172,71.0,Interval.in_5_minute,56441700.0
2339,2023-10-16 06:20:00,OANDA:AUDUSD,0.63172,0.63178,0.63164,0.63174,48.0,Interval.in_5_minute,56442000.0
2340,2023-10-16 06:25:00,OANDA:AUDUSD,0.63174,0.63182,0.63164,0.63176,54.0,Interval.in_5_minute,56442300.0
2341,2023-10-16 06:30:00,OANDA:AUDUSD,0.63176,0.63176,0.63158,0.63167,71.0,Interval.in_5_minute,56442600.0
2342,2023-10-16 06:35:00,OANDA:AUDUSD,0.63167,0.63187,0.63158,0.63186,60.0,Interval.in_5_minute,56442900.0
2343,2023-10-16 06:40:00,OANDA:AUDUSD,0.63186,0.63205,0.6318,0.63199,115.0,Interval.in_5_minute,56443200.0
2344,2023-10-16 06:45:00,OANDA:AUDUSD,0.63199,0.63218,0.6319,0.63216,141.0,Interval.in_5_minute,56443500.0
2345,2023-10-16 06:50:00,OANDA:AUDUSD,0.63216,0.63216,0.632,0.6321,85.0,Interval.in_5_minute,56443800.0
2346,2023-10-16 06:55:00,OANDA:AUDUSD,0.6321,0.63222,0.63208,0.63222,107.0,Interval.in_5_minute,56444100.0
2347,2023-10-16 07:00:00,OANDA:AUDUSD,0.63222,0.63228,0.6321,0.63226,83.0,Interval.in_5_minute,56444400.0
2348,2023-10-16 07:05:00,OANDA:AUDUSD,0.63226,0.63248,0.63226,0.63246,117.0,Interval.in_5_minute,56444700.0
2349,2023-10-16 07:10:00,OANDA:AUDUSD,0.63246,0.6326,0.63241,0.63251,97.0,Interval.in_5_minute,56445000.0
2350,2023-10-16 07:15:00,OANDA:AUDUSD,0.63251,0.63252,0.6323,0.63242,85.0,Interval.in_5_minute,56445300.0
2351,2023-10-16 07:20:00,OANDA:AUDUSD,0.63242,0.63244,0.63234,0.63244,88.0,Interval.in_5_minute,56445600.0
2352,2023-10-16 07:25:00,OANDA:AUDUSD,0.63244,0.63256,0.63237,0.63245,110.0,Interval.in_5_minute,56445900.0
2353,2023-10-16 07:30:00,OANDA:AUDUSD,0.63245,0.63257,0.63236,0.63236,158.0,Interval.in_5_minute,56446200.0
2354,2023-10-16 07:35:00,OANDA:AUDUSD,0.63236,0.6324,0.63224,0.63226,100.0,Interval.in_5_minute,56446500.0
2355,2023-10-16 07:40:00,OANDA:AUDUSD,0.63226,0.63236,0.63218,0.6323,88.0,Interval.in_5_minute,56446800.0
2356,2023-10-16 07:45:00,OANDA:AUDUSD,0.6323,0.6324,0.63225,0.63234,74.0,Interval.in_5_minute,56447100.0
2357,2023-10-16 07:50:00,OANDA:AUDUSD,0.63234,0.63234,0.63222,0.63234,54.0,Interval.in_5_minute,56447400.0
2358,2023-10-16 07:55:00,OANDA:AUDUSD,0.63234,0.63238,0.63226,0.63226,38.0,Interval.in_5_minute,56447700.0
2359,2023-10-16 08:00:00,OANDA:AUDUSD,0.63226,0.63232,0.63214,0.63223,113.0,Interval.in_5_minute,56448000.0
2360,2023-10-16 08:05:00,OANDA:AUDUSD,0.63223,0.63259,0.63216,0.63256,113.0,Interval.in_5_minute,56448300.0
2361,2023-10-16 08:10:00,OANDA:AUDUSD,0.63256,0.63264,0.63249,0.63252,127.0,Interval.in_5_minute,56448600.0
2362,2023-10-16 08:15:00,OANDA:AUDUSD,0.63252,0.63254,0.63242,0.63246,182.0,Interval.in_5_minute,56448900.0
2363,2023-10-16 08:20:00,OANDA:AUDUSD,0.63246,0.63256,0.63237,0.63244,125.0,Interval.in_5_minute,56449200.0
2364,2023-10-16 08:25:00,OANDA:AUDUSD,0.63244,0.63263,0.63244,0.63262,70.0,Interval.in_5_minute,56449500.0
2365,2023-10-16 08:30:00,OANDA:AUDUSD,0.63262,0.63273,0.63244,0.63255,130.0,Interval.in_5_minute,56449800.0
2366,2023-10-16 08:35:00,OANDA:AUDUSD,0.63255,0.63264,0.63242,0.6325,108.0,Interval.in_5_minute,56450100.0
2367,2023-10-16 08:40:00,OANDA:AUDUSD,0.6325,0.63251,0.63212,0.63215,69.0,Interval.in_5_minute,56450400.0
2368,2023-10-16 08:45:00,OANDA:AUDUSD,0.63215,0.6322,0.63182,0.63187,192.0,Interval.in_5_minute,56450700.0
2369,2023-10-16 08:50:00,OANDA:AUDUSD,0.63187,0.63206,0.63187,0.63194,141.0,Interval.in_5_minute,56451000.0
2370,2023-10-16 08:55:00,OANDA:AUDUSD,0.63194,0.63239,0.63194,0.63229,175.0,Interval.in_5_minute,56451300.0
2371,2023-10-16 09:00:00,OANDA:AUDUSD,0.63229,0.6324,0.63192,0.63194,314.0,Interval.in_5_minute,56451600.0
2372,2023-10-16 09:05:00,OANDA:AUDUSD,0.63194,0.63259,0.63194,0.63259,255.0,Interval.in_5_minute,56451900.0
2373,2023-10-16 09:10:00,OANDA:AUDUSD,0.63259,0.63296,0.63244,0.63291,241.0,Interval.in_5_minute,56452200.0
2374,2023-10-16 09:15:00,OANDA:AUDUSD,0.63291,0.63308,0.63281,0.63304,238.0,Interval.in_5_minute,56452500.0
2375,2023-10-16 09:20:00,OANDA:AUDUSD,0.63304,0.63305,0.6328,0.63286,270.0,Interval.in_5_minute,56452800.0
2376,2023-10-16 09:25:00,OANDA:AUDUSD,0.63286,0.63286,0.63257,0.63262,172.0,Interval.in_5_minute,56453100.0
2377,2023-10-16 09:30:00,OANDA:AUDUSD,0.63262,0.6329,0.63259,0.63273,176.0,Interval.in_5_minute,56453400.0
2378,2023-10-16 09:35:00,OANDA:AUDUSD,0.63273,0.63298,0.63264,0.63281,142.0,Interval.in_5_minute,56453700.0
2379,2023-10-16 09:40:00,OANDA:AUDUSD,0.63281,0.63326,0.63271,0.63324,185.0,Interval.in_5_minute,56454000.0
2380,2023-10-16 09:45:00,OANDA:AUDUSD,0.63324,0.63324,0.6328,0.63294,224.0,Interval.in_5_minute,56454300.0
2381,2023-10-16 09:50:00,OANDA:AUDUSD,0.63294,0.63306,0.63274,0.63274,217.0,Interval.in_5_minute,56454600.0
2382,2023-10-16 09:55:00,OANDA:AUDUSD,0.63274,0.63283,0.63253,0.63253,341.0,Interval.in_5_minute,56454900.0
2383,2023-10-16 10:00:00,OANDA:AUDUSD,0.63253,0.63275,0.63224,0.63274,428.0,Interval.in_5_minute,56455200.0
2384,2023-10-16 10:05:00,OANDA:AUDUSD,0.63274,0.63275,0.63216,0.63216,359.0,Interval.in_5_minute,56455500.0
2385,2023-10-16 10:10:00,OANDA:AUDUSD,0.63216,0.63262,0.63216,0.6326,345.0,Interval.in_5_minute,56455800.0
2386,2023-10-16 10:15:00,OANDA:AUDUSD,0.6326,0.6327,0.63228,0.63233,219.0,Interval.in_5_minute,56456100.0
2387,2023-10-16 10:20:00,OANDA:AUDUSD,0.63233,0.63234,0.63204,0.63228,304.0,Interval.in_5_minute,56456400.0
2388,2023-10-16 10:25:00,OANDA:AUDUSD,0.63228,0.63244,0.63204,0.63234,303.0,Interval.in_5_minute,56456700.0
2389,2023-10-16 10:30:00,OANDA:AUDUSD,0.63234,0.63264,0.63228,0.63228,251.0,Interval.in_5_minute,56457000.0
2390,2023-10-16 10:35:00,OANDA:AUDUSD,0.63228,0.63238,0.63208,0.63218,215.0,Interval.in_5_minute,56457300.0
2391,2023-10-16 10:40:00,OANDA:AUDUSD,0.63218,0.63236,0.63213,0.6323,190.0,Interval.in_5_minute,56457600.0
2392,2023-10-16 10:45:00,OANDA:AUDUSD,0.6323,0.63262,0.63227,0.63239,193.0,Interval.in_5_minute,56457900.0
2393,2023-10-16 10:50:00,OANDA:AUDUSD,0.63239,0.63254,0.63214,0.63236,259.0,Interval.in_5_minute,56458200.0
2394,2023-10-16 10:55:00,OANDA:AUDUSD,0.63236,0.63286,0.63236,0.63266,231.0,Interval.in_5_minute,56458500.0
2395,2023-10-16 11:00:00,OANDA:AUDUSD,0.63266,0.63286,0.63253,0.63272,337.0,Interval.in_5_minute,56458800.0
2396,2023-10-16 11:05:00,OANDA:AUDUSD,0.63272,0.63287,0.63262,0.63262,351.0,Interval.in_5_minute,56459100.0
2397,2023-10-16 11:10:00,OANDA:AUDUSD,0.63262,0.63262,0.63229,0.63236,247.0,Interval.in_5_minute,56459400.0
2398,2023-10-16 11:15:00,OANDA:AUDUSD,0.63236,0.63243,0.63218,0.63234,229.0,Interval.in_5_minute,56459700.0
2399,2023-10-16 11:20:00,OANDA:AUDUSD,0.63234,0.63266,0.63224,0.63249,263.0,Interval.in_5_minute,56460000.0
2400,2023-10-16 11:25:00,OANDA:AUDUSD,0.63249,0.63276,0.63246,0.63268,277.0,Interval.in_5_minute,56460300.0
2401,2023-10-16 11:30:00,OANDA:AUDUSD,0.63268,0.633,0.63263,0.6329,217.0,Interval.in_5_minute,56460600.0
2402,2023-10-16 11:35:00,OANDA:AUDUSD,0.6329,0.63318,0.63288,0.63292,183.0,Interval.in_5_minute,56460900.0
2403,2023-10-16 11:40:00,OANDA:AUDUSD,0.63292,0.63306,0.63288,0.63306,142.0,Interval.in_5_minute,56461200.0
2404,2023-10-16 11:45:00,OANDA:AUDUSD,0.63306,0.63316,0.6329,0.63308,171.0,Interval.in_5_minute,56461500.0
2405,2023-10-16 11:50:00,OANDA:AUDUSD,0.63308,0.63308,0.63288,0.6329,136.0,Interval.in_5_minute,56461800.0
2406,2023-10-16 11:55:00,OANDA:AUDUSD,0.6329,0.63293,0.63262,0.63268,182.0,Interval.in_5_minute,56462100.0
2407,2023-10-16 12:00:00,OANDA:AUDUSD,0.63268,0.63269,0.63238,0.6324,203.0,Interval.in_5_minute,56462400.0
2408,2023-10-16 12:05:00,OANDA:AUDUSD,0.6324,0.63262,0.63237,0.63242,162.0,Interval.in_5_minute,56462700.0
2409,2023-10-16 12:10:00,OANDA:AUDUSD,0.63242,0.6327,0.63238,0.63259,129.0,Interval.in_5_minute,56463000.0
2410,2023-10-16 12:15:00,OANDA:AUDUSD,0.63259,0.6328,0.63231,0.63232,128.0,Interval.in_5_minute,56463300.0
2411,2023-10-16 12:20:00,OANDA:AUDUSD,0.63232,0.63241,0.63211,0.63222,166.0,Interval.in_5_minute,56463600.0
2412,2023-10-16 12:25:00,OANDA:AUDUSD,0.63222,0.63248,0.63222,0.6324,144.0,Interval.in_5_minute,56463900.0
2413,2023-10-16 12:30:00,OANDA:AUDUSD,0.6324,0.63246,0.6322,0.63244,135.0,Interval.in_5_minute,56464200.0
2414,2023-10-16 12:35:00,OANDA:AUDUSD,0.63244,0.63268,0.63241,0.63266,146.0,Interval.in_5_minute,56464500.0
2415,2023-10-16 12:40:00,OANDA:AUDUSD,0.63266,0.63267,0.63234,0.63236,125.0,Interval.in_5_minute,56464800.0
2416,2023-10-16 12:45:00,OANDA:AUDUSD,0.63236,0.6324,0.63221,0.63238,115.0,Interval.in_5_minute,56465100.0
2417,2023-10-16 12:50:00,OANDA:AUDUSD,0.63238,0.63257,0.63233,0.63252,110.0,Interval.in_5_minute,56465400.0
2418,2023-10-16 12:55:00,OANDA:AUDUSD,0.63252,0.63252,0.63232,0.63238,132.0,Interval.in_5_minute,56465700.0
2419,2023-10-16 13:00:00,OANDA:AUDUSD,0.63238,0.63243,0.63232,0.63232,193.0,Interval.in_5_minute,56466000.0
2420,2023-10-16 13:05:00,OANDA:AUDUSD,0.63232,0.63237,0.63222,0.63222,137.0,Interval.in_5_minute,56466300.0
2421,2023-10-16 13:10:00,OANDA:AUDUSD,0.63222,0.63228,0.63214,0.63222,68.0,Interval.in_5_minute,56466600.0
2422,2023-10-16 13:15:00,OANDA:AUDUSD,0.63222,0.63258,0.63218,0.63256,117.0,Interval.in_5_minute,56466900.0
2423,2023-10-16 13:20:00,OANDA:AUDUSD,0.63256,0.63268,0.63252,0.6326,124.0,Interval.in_5_minute,56467200.0
2424,2023-10-16 13:25:00,OANDA:AUDUSD,0.6326,0.63264,0.63241,0.63244,139.0,Interval.in_5_minute,56467500.0
2425,2023-10-16 13:30:00,OANDA:AUDUSD,0.63244,0.63257,0.63226,0.63228,147.0,Interval.in_5_minute,56467800.0
2426,2023-10-16 13:35:00,OANDA:AUDUSD,0.63228,0.63228,0.63212,0.63219,98.0,Interval.in_5_minute,56468100.0
2427,2023-10-16 13:40:00,OANDA:AUDUSD,0.63219,0.63229,0.63218,0.63226,60.0,Interval.in_5_minute,56468400.0
2428,2023-10-16 13:45:00,OANDA:AUDUSD,0.63226,0.63242,0.63214,0.63237,113.0,Interval.in_5_minute,56468700.0
2429,2023-10-16 13:50:00,OANDA:AUDUSD,0.63237,0.63242,0.63222,0.63224,160.0,Interval.in_5_minute,56469000.0
2430,2023-10-16 13:55:00,OANDA:AUDUSD,0.63224,0.63225,0.63189,0.6319,115.0,Interval.in_5_minute,56469300.0
2431,2023-10-16 14:00:00,OANDA:AUDUSD,0.6319,0.63194,0.63175,0.63192,201.0,Interval.in_5_minute,56469600.0
2432,2023-10-16 14:05:00,OANDA:AUDUSD,0.63192,0.63192,0.63171,0.63178,126.0,Interval.in_5_minute,56469900.0
2433,2023-10-16 14:10:00,OANDA:AUDUSD,0.63178,0.63192,0.63172,0.6318,123.0,Interval.in_5_minute,56470200.0
2434,2023-10-16 14:15:00,OANDA:AUDUSD,0.6318,0.63193,0.63178,0.6319,131.0,Interval.in_5_minute,56470500.0
2435,2023-10-16 14:20:00,OANDA:AUDUSD,0.6319,0.63222,0.6319,0.6322,138.0,Interval.in_5_minute,56470800.0
2436,2023-10-16 14:25:00,OANDA:AUDUSD,0.6322,0.63243,0.6322,0.6323,77.0,Interval.in_5_minute,56471100.0
2437,2023-10-16 14:30:00,OANDA:AUDUSD,0.6323,0.63245,0.6322,0.63227,118.0,Interval.in_5_minute,56471400.0
2438,2023-10-16 14:35:00,OANDA:AUDUSD,0.63227,0.63276,0.63222,0.63274,83.0,Interval.in_5_minute,56471700.0
2439,2023-10-16 14:40:00,OANDA:AUDUSD,0.63274,0.63292,0.63261,0.63292,125.0,Interval.in_5_minute,56472000.0
2440,2023-10-16 14:45:00,OANDA:AUDUSD,0.63292,0.63293,0.6327,0.63282,144.0,Interval.in_5_minute,56472300.0
2441,2023-10-16 14:50:00,OANDA:AUDUSD,0.63282,0.63288,0.63267,0.6327,157.0,Interval.in_5_minute,56472600.0
2442,2023-10-16 14:55:00,OANDA:AUDUSD,0.6327,0.63301,0.6327,0.63282,139.0,Interval.in_5_minute,56472900.0
2443,2023-10-16 15:00:00,OANDA:AUDUSD,0.63282,0.6329,0.63268,0.6329,138.0,Interval.in_5_minute,56473200.0
2444,2023-10-16 15:05:00,OANDA:AUDUSD,0.6329,0.6329,0.63251,0.63256,198.0,Interval.in_5_minute,56473500.0
2445,2023-10-16 15:10:00,OANDA:AUDUSD,0.63256,0.6327,0.63232,0.63236,146.0,Interval.in_5_minute,56473800.0
2446,2023-10-16 15:15:00,OANDA:AUDUSD,0.63236,0.6326,0.63231,0.63256,233.0,Interval.in_5_minute,56474100.0
2447,2023-10-16 15:20:00,OANDA:AUDUSD,0.63256,0.63327,0.63256,0.63288,547.0,Interval.in_5_minute,56474400.0
2448,2023-10-16 15:25:00,OANDA:AUDUSD,0.63288,0.63288,0.63248,0.63252,230.0,Interval.in_5_minute,56474700.0
2449,2023-10-16 15:30:00,OANDA:AUDUSD,0.63252,0.63279,0.6324,0.63257,388.0,Interval.in_5_minute,56475000.0
2450,2023-10-16 15:35:00,OANDA:AUDUSD,0.63257,0.63292,0.63238,0.63292,338.0,Interval.in_5_minute,56475300.0
2451,2023-10-16 15:40:00,OANDA:AUDUSD,0.63292,0.63294,0.63252,0.63257,275.0,Interval.in_5_minute,56475600.0
2452,2023-10-16 15:45:00,OANDA:AUDUSD,0.63257,0.63293,0.63256,0.63292,277.0,Interval.in_5_minute,56475900.0
2453,2023-10-16 15:50:00,OANDA:AUDUSD,0.63292,0.6333,0.63292,0.63317,276.0,Interval.in_5_minute,56476200.0
2454,2023-10-16 15:55:00,OANDA:AUDUSD,0.63317,0.63336,0.633,0.63306,170.0,Interval.in_5_minute,56476500.0
2455,2023-10-16 16:00:00,OANDA:AUDUSD,0.63306,0.63314,0.63278,0.6328,235.0,Interval.in_5_minute,56476800.0
2456,2023-10-16 16:05:00,OANDA:AUDUSD,0.6328,0.63284,0.63262,0.63274,215.0,Interval.in_5_minute,56477100.0
2457,2023-10-16 16:10:00,OANDA:AUDUSD,0.63274,0.63292,0.63273,0.63288,242.0,Interval.in_5_minute,56477400.0
2458,2023-10-16 16:15:00,OANDA:AUDUSD,0.63288,0.63312,0.63274,0.63294,206.0,Interval.in_5_minute,56477700.0
2459,2023-10-16 16:20:00,OANDA:AUDUSD,0.63294,0.63294,0.63266,0.63274,173.0,Interval.in_5_minute,56478000.0
2460,2023-10-16 16:25:00,OANDA:AUDUSD,0.63274,0.63274,0.63226,0.63229,175.0,Interval.in_5_minute,56478300.0
2461,2023-10-16 16:30:00,OANDA:AUDUSD,0.63229,0.63229,0.63204,0.6321,317.0,Interval.in_5_minute,56478600.0
2462,2023-10-16 16:35:00,OANDA:AUDUSD,0.6321,0.63218,0.63162,0.63174,198.0,Interval.in_5_minute,56478900.0
2463,2023-10-16 16:40:00,OANDA:AUDUSD,0.63174,0.63194,0.63162,0.6319,309.0,Interval.in_5_minute,56479200.0
2464,2023-10-16 16:45:00,OANDA:AUDUSD,0.6319,0.63232,0.63184,0.63215,328.0,Interval.in_5_minute,56479500.0
2465,2023-10-16 16:50:00,OANDA:AUDUSD,0.63215,0.63232,0.63192,0.63222,221.0,Interval.in_5_minute,56479800.0
2466,2023-10-16 16:55:00,OANDA:AUDUSD,0.63222,0.63222,0.63174,0.63186,300.0,Interval.in_5_minute,56480100.0
2467,2023-10-16 17:00:00,OANDA:AUDUSD,0.63186,0.63202,0.63166,0.63182,314.0,Interval.in_5_minute,56480400.0
2468,2023-10-16 17:05:00,OANDA:AUDUSD,0.63182,0.63184,0.63118,0.63152,315.0,Interval.in_5_minute,56480700.0
2469,2023-10-16 17:10:00,OANDA:AUDUSD,0.63152,0.632,0.63149,0.63199,251.0,Interval.in_5_minute,56481000.0
2470,2023-10-16 17:15:00,OANDA:AUDUSD,0.63199,0.63224,0.6319,0.63218,269.0,Interval.in_5_minute,56481300.0
2471,2023-10-16 17:20:00,OANDA:AUDUSD,0.63218,0.63232,0.63214,0.63224,202.0,Interval.in_5_minute,56481600.0
2472,2023-10-16 17:25:00,OANDA:AUDUSD,0.63224,0.63243,0.63206,0.63234,222.0,Interval.in_5_minute,56481900.0
2473,2023-10-16 17:30:00,OANDA:AUDUSD,0.63234,0.6327,0.63224,0.63226,231.0,Interval.in_5_minute,56482200.0
2474,2023-10-16 17:35:00,OANDA:AUDUSD,0.63226,0.63248,0.63224,0.6323,212.0,Interval.in_5_minute,56482500.0
2475,2023-10-16 17:40:00,OANDA:AUDUSD,0.6323,0.63267,0.6323,0.63262,268.0,Interval.in_5_minute,56482800.0
2476,2023-10-16 17:45:00,OANDA:AUDUSD,0.63262,0.63314,0.63262,0.633,221.0,Interval.in_5_minute,56483100.0
2477,2023-10-16 17:50:00,OANDA:AUDUSD,0.633,0.63303,0.63278,0.63284,140.0,Interval.in_5_minute,56483400.0
2478,2023-10-16 17:55:00,OANDA:AUDUSD,0.63284,0.63325,0.63278,0.63321,262.0,Interval.in_5_minute,56483700.0
2479,2023-10-16 18:00:00,OANDA:AUDUSD,0.63321,0.63358,0.63312,0.6335,321.0,Interval.in_5_minute,56484000.0
2480,2023-10-16 18:05:00,OANDA:AUDUSD,0.6335,0.63364,0.6334,0.63353,180.0,Interval.in_5_minute,56484300.0
2481,2023-10-16 18:10:00,OANDA:AUDUSD,0.63353,0.63359,0.63334,0.63334,161.0,Interval.in_5_minute,56484600.0
2482,2023-10-16 18:15:00,OANDA:AUDUSD,0.63334,0.63376,0.63324,0.63352,180.0,Interval.in_5_minute,56484900.0
2483,2023-10-16 18:20:00,OANDA:AUDUSD,0.63352,0.63368,0.63342,0.63362,152.0,Interval.in_5_minute,56485200.0
2484,2023-10-16 18:25:00,OANDA:AUDUSD,0.63362,0.63389,0.63362,0.6337,181.0,Interval.in_5_minute,56485500.0
2485,2023-10-16 18:30:00,OANDA:AUDUSD,0.6337,0.63396,0.63366,0.63386,146.0,Interval.in_5_minute,56485800.0
2486,2023-10-16 18:35:00,OANDA:AUDUSD,0.63386,0.63392,0.63369,0.6337,126.0,Interval.in_5_minute,56486100.0
2487,2023-10-16 18:40:00,OANDA:AUDUSD,0.6337,0.63381,0.63368,0.63378,130.0,Interval.in_5_minute,56486400.0
2488,2023-10-16 18:45:00,OANDA:AUDUSD,0.63378,0.63381,0.63351,0.63366,161.0,Interval.in_5_minute,56486700.0
2489,2023-10-16 18:50:00,OANDA:AUDUSD,0.63366,0.63402,0.63366,0.63396,116.0,Interval.in_5_minute,56487000.0
2490,2023-10-16 18:55:00,OANDA:AUDUSD,0.63396,0.63401,0.63374,0.63381,126.0,Interval.in_5_minute,56487300.0
2491,2023-10-16 19:00:00,OANDA:AUDUSD,0.63381,0.63393,0.63374,0.63374,100.0,Interval.in_5_minute,56487600.0
2492,2023-10-16 19:05:00,OANDA:AUDUSD,0.63374,0.63413,0.63374,0.63406,173.0,Interval.in_5_minute,56487900.0
2493,2023-10-16 19:10:00,OANDA:AUDUSD,0.63406,0.6341,0.63391,0.63394,129.0,Interval.in_5_minute,56488200.0
2494,2023-10-16 19:15:00,OANDA:AUDUSD,0.63394,0.6341,0.6339,0.63406,127.0,Interval.in_5_minute,56488500.0
2495,2023-10-16 19:20:00,OANDA:AUDUSD,0.63406,0.63406,0.63382,0.6339,172.0,Interval.in_5_minute,56488800.0
2496,2023-10-16 19:25:00,OANDA:AUDUSD,0.6339,0.6341,0.6339,0.63405,86.0,Interval.in_5_minute,56489100.0
2497,2023-10-16 19:30:00,OANDA:AUDUSD,0.63405,0.63411,0.6339,0.63411,128.0,Interval.in_5_minute,56489400.0
2498,2023-10-16 19:35:00,OANDA:AUDUSD,0.63411,0.63411,0.63392,0.63395,89.0,Interval.in_5_minute,56489700.0
2499,2023-10-16 19:40:00,OANDA:AUDUSD,0.63395,0.63406,0.6339,0.63401,49.0,Interval.in_5_minute,56490000.0
2500,2023-10-16 19:45:00,OANDA:AUDUSD,0.63401,0.63416,0.63401,0.63406,68.0,Interval.in_5_minute,56490300.0
2501,2023-10-16 19:50:00,OANDA:AUDUSD,0.63406,0.63413,0.634,0.63409,86.0,Interval.in_5_minute,56490600.0
2502,2023-10-16 19:55:00,OANDA:AUDUSD,0.63409,0.63422,0.63396,0.63422,89.0,Interval.in_5_minute,56490900.0
2503,2023-10-16 20:00:00,OANDA:AUDUSD,0.63422,0.63428,0.63417,0.63425,73.0,Interval.in_5_minute,56491200.0
2504,2023-10-16 20:05:00,OANDA:AUDUSD,0.63425,0.63428,0.6342,0.63426,107.0,Interval.in_5_minute,56491500.0
2505,2023-10-16 20:10:00,OANDA:AUDUSD,0.63426,0.63446,0.63426,0.63432,60.0,Interval.in_5_minute,56491800.0
2506,2023-10-16 20:15:00,OANDA:AUDUSD,0.63432,0.63436,0.63404,0.63404,99.0,Interval.in_5_minute,56492100.0
2507,2023-10-16 20:20:00,OANDA:AUDUSD,0.63404,0.63406,0.63378,0.63388,216.0,Interval.in_5_minute,56492400.0
2508,2023-10-16 20:25:00,OANDA:AUDUSD,0.63388,0.63398,0.63362,0.63396,191.0,Interval.in_5_minute,56492700.0
2509,2023-10-16 20:30:00,OANDA:AUDUSD,0.63396,0.63401,0.63385,0.63385,154.0,Interval.in_5_minute,56493000.0
2510,2023-10-16 20:35:00,OANDA:AUDUSD,0.63385,0.63404,0.6338,0.63404,145.0,Interval.in_5_minute,56493300.0
2511,2023-10-16 20:40:00,OANDA:AUDUSD,0.63404,0.63414,0.63404,0.63414,91.0,Interval.in_5_minute,56493600.0
2512,2023-10-16 20:45:00,OANDA:AUDUSD,0.63414,0.63418,0.63404,0.63412,75.0,Interval.in_5_minute,56493900.0
2513,2023-10-16 20:50:00,OANDA:AUDUSD,0.63412,0.63414,0.63404,0.63407,70.0,Interval.in_5_minute,56494200.0
2514,2023-10-16 20:55:00,OANDA:AUDUSD,0.63407,0.63425,0.63407,0.63422,72.0,Interval.in_5_minute,56494500.0
2515,2023-10-16 21:00:00,OANDA:AUDUSD,0.63422,0.63422,0.63404,0.63418,79.0,Interval.in_5_minute,56494800.0
2516,2023-10-16 21:05:00,OANDA:AUDUSD,0.63418,0.6343,0.63414,0.63427,79.0,Interval.in_5_minute,56495100.0
2517,2023-10-16 21:10:00,OANDA:AUDUSD,0.63427,0.6343,0.63416,0.63424,73.0,Interval.in_5_minute,56495400.0
2518,2023-10-16 21:15:00,OANDA:AUDUSD,0.63424,0.63425,0.63412,0.63416,101.0,Interval.in_5_minute,56495700.0
2519,2023-10-16 21:20:00,OANDA:AUDUSD,0.63416,0.6342,0.63404,0.63408,95.0,Interval.in_5_minute,56496000.0
2520,2023-10-16 21:25:00,OANDA:AUDUSD,0.63408,0.63426,0.63406,0.63416,81.0,Interval.in_5_minute,56496300.0
2521,2023-10-16 21:30:00,OANDA:AUDUSD,0.63416,0.63434,0.63416,0.63431,114.0,Interval.in_5_minute,56496600.0
2522,2023-10-16 21:35:00,OANDA:AUDUSD,0.63431,0.63433,0.63411,0.6342,57.0,Interval.in_5_minute,56496900.0
2523,2023-10-16 21:40:00,OANDA:AUDUSD,0.6342,0.63426,0.63412,0.6342,59.0,Interval.in_5_minute,56497200.0
2524,2023-10-16 21:45:00,OANDA:AUDUSD,0.6342,0.63422,0.6341,0.6341,103.0,Interval.in_5_minute,56497500.0
2525,2023-10-16 21:50:00,OANDA:AUDUSD,0.6341,0.63421,0.6341,0.63421,74.0,Interval.in_5_minute,56497800.0
2526,2023-10-16 21:55:00,OANDA:AUDUSD,0.63421,0.63424,0.63406,0.63411,193.0,Interval.in_5_minute,56498100.0
2527,2023-10-16 22:00:00,OANDA:AUDUSD,0.63411,0.63411,0.63392,0.63395,98.0,Interval.in_5_minute,56498400.0
2528,2023-10-16 22:05:00,OANDA:AUDUSD,0.63395,0.63414,0.63394,0.63413,109.0,Interval.in_5_minute,56498700.0
2529,2023-10-16 22:10:00,OANDA:AUDUSD,0.63413,0.63435,0.63411,0.6343,96.0,Interval.in_5_minute,56499000.0
2530,2023-10-16 22:15:00,OANDA:AUDUSD,0.6343,0.63441,0.6341,0.6343,133.0,Interval.in_5_minute,56499300.0
2531,2023-10-16 22:20:00,OANDA:AUDUSD,0.6343,0.6345,0.6343,0.63445,87.0,Interval.in_5_minute,56499600.0
2532,2023-10-16 22:25:00,OANDA:AUDUSD,0.63445,0.6345,0.63444,0.63448,94.0,Interval.in_5_minute,56499900.0
2533,2023-10-16 22:30:00,OANDA:AUDUSD,0.63448,0.6345,0.63437,0.63438,97.0,Interval.in_5_minute,56500200.0
2534,2023-10-16 22:35:00,OANDA:AUDUSD,0.63438,0.63444,0.63428,0.6343,73.0,Interval.in_5_minute,56500500.0
2535,2023-10-16 22:40:00,OANDA:AUDUSD,0.6343,0.63434,0.63424,0.6343,62.0,Interval.in_5_minute,56500800.0
2536,2023-10-16 22:45:00,OANDA:AUDUSD,0.6343,0.6344,0.63427,0.63434,51.0,Interval.in_5_minute,56501100.0
2537,2023-10-16 22:50:00,OANDA:AUDUSD,0.63434,0.63444,0.63428,0.63441,78.0,Interval.in_5_minute,56501400.0
2538,2023-10-16 22:55:00,OANDA:AUDUSD,0.63441,0.63447,0.63434,0.63436,103.0,Interval.in_5_minute,56501700.0
2539,2023-10-16 23:00:00,OANDA:AUDUSD,0.63436,0.63437,0.63428,0.63432,37.0,Interval.in_5_minute,56502000.0
2540,2023-10-16 23:05:00,OANDA:AUDUSD,0.63432,0.63432,0.63429,0.63432,43.0,Interval.in_5_minute,56502300.0
2541,2023-10-16 23:10:00,OANDA:AUDUSD,0.63432,0.63432,0.63425,0.63425,10.0,Interval.in_5_minute,56502600.0
2542,2023-10-16 23:15:00,OANDA:AUDUSD,0.63425,0.63428,0.6342,0.63421,31.0,Interval.in_5_minute,56502900.0
2543,2023-10-16 23:20:00,OANDA:AUDUSD,0.63421,0.63428,0.63419,0.63426,24.0,Interval.in_5_minute,56503200.0
2544,2023-10-16 23:25:00,OANDA:AUDUSD,0.63426,0.63433,0.6342,0.6343,37.0,Interval.in_5_minute,56503500.0
2545,2023-10-16 23:30:00,OANDA:AUDUSD,0.6343,0.63431,0.63424,0.63425,54.0,Interval.in_5_minute,56503800.0
2546,2023-10-16 23:35:00,OANDA:AUDUSD,0.63425,0.63428,0.63421,0.63426,51.0,Interval.in_5_minute,56504100.0
2547,2023-10-16 23:40:00,OANDA:AUDUSD,0.63426,0.63426,0.63418,0.6342,39.0,Interval.in_5_minute,56504400.0
2548,2023-10-16 23:45:00,OANDA:AUDUSD,0.6342,0.63422,0.63412,0.6342,21.0,Interval.in_5_minute,56504700.0
2549,2023-10-16 23:50:00,OANDA:AUDUSD,0.6342,0.63421,0.63416,0.63421,17.0,Interval.in_5_minute,56505000.0
2550,2023-10-16 23:55:00,OANDA:AUDUSD,0.63421,0.63426,0.6342,0.63423,54.0,Interval.in_5_minute,56505300.0
2551,2023-10-17 00:00:00,OANDA:AUDUSD,0.63423,0.63423,0.6336,0.63369,11.0,Interval.in_5_minute,56505600.0
2552,2023-10-17 00:05:00,OANDA:AUDUSD,0.63369,0.63428,0.63368,0.63428,78.0,Interval.in_5_minute,56505900.0
2553,2023-10-17 00:10:00,OANDA:AUDUSD,0.63428,0.63435,0.63423,0.63423,15.0,Interval.in_5_minute,56506200.0
2554,2023-10-17 00:15:00,OANDA:AUDUSD,0.63423,0.6343,0.63367,0.63416,66.0,Interval.in_5_minute,56506500.0
2555,2023-10-17 00:20:00,OANDA:AUDUSD,0.63416,0.6342,0.63415,0.63415,8.0,Interval.in_5_minute,56506800.0
2556,2023-10-17 00:30:00,OANDA:AUDUSD,0.63415,0.63419,0.63408,0.6341,39.0,Interval.in_5_minute,56507400.0
2557,2023-10-17 00:35:00,OANDA:AUDUSD,0.6341,0.63411,0.63399,0.63408,71.0,Interval.in_5_minute,56507700.0
2558,2023-10-17 00:40:00,OANDA:AUDUSD,0.63408,0.63428,0.63408,0.63412,66.0,Interval.in_5_minute,56508000.0
2559,2023-10-17 00:45:00,OANDA:AUDUSD,0.63412,0.63416,0.63386,0.6339,481.0,Interval.in_5_minute,56508300.0
2560,2023-10-17 00:50:00,OANDA:AUDUSD,0.6339,0.63408,0.6338,0.63392,505.0,Interval.in_5_minute,56508600.0
2561,2023-10-17 00:55:00,OANDA:AUDUSD,0.63392,0.63395,0.63382,0.63386,206.0,Interval.in_5_minute,56508900.0
2562,2023-10-17 01:00:00,OANDA:AUDUSD,0.63386,0.63416,0.63386,0.63388,57.0,Interval.in_5_minute,56509200.0
2563,2023-10-17 01:05:00,OANDA:AUDUSD,0.63388,0.63388,0.63356,0.6337,51.0,Interval.in_5_minute,56509500.0
2564,2023-10-17 01:10:00,OANDA:AUDUSD,0.6337,0.6337,0.63352,0.63356,45.0,Interval.in_5_minute,56509800.0
2565,2023-10-17 01:15:00,OANDA:AUDUSD,0.63356,0.6336,0.6335,0.6335,27.0,Interval.in_5_minute,56510100.0
2566,2023-10-17 01:20:00,OANDA:AUDUSD,0.6335,0.63371,0.6335,0.63371,33.0,Interval.in_5_minute,56510400.0
2567,2023-10-17 01:25:00,OANDA:AUDUSD,0.63371,0.63376,0.63371,0.63375,38.0,Interval.in_5_minute,56510700.0
2568,2023-10-17 01:30:00,OANDA:AUDUSD,0.63375,0.63384,0.63373,0.63381,46.0,Interval.in_5_minute,56511000.0
2569,2023-10-17 01:35:00,OANDA:AUDUSD,0.63381,0.63393,0.6338,0.6339,39.0,Interval.in_5_minute,56511300.0
2570,2023-10-17 01:40:00,OANDA:AUDUSD,0.6339,0.6339,0.63374,0.63374,44.0,Interval.in_5_minute,56511600.0
2571,2023-10-17 01:45:00,OANDA:AUDUSD,0.63374,0.63387,0.63373,0.63387,36.0,Interval.in_5_minute,56511900.0
2572,2023-10-17 01:50:00,OANDA:AUDUSD,0.63387,0.63387,0.63374,0.6338,42.0,Interval.in_5_minute,56512200.0
2573,2023-10-17 01:55:00,OANDA:AUDUSD,0.6338,0.6338,0.63355,0.63366,108.0,Interval.in_5_minute,56512500.0
2574,2023-10-17 02:00:00,OANDA:AUDUSD,0.63366,0.6338,0.63356,0.63378,129.0,Interval.in_5_minute,56512800.0
2575,2023-10-17 02:05:00,OANDA:AUDUSD,0.63378,0.63388,0.63374,0.63381,67.0,Interval.in_5_minute,56513100.0
2576,2023-10-17 02:10:00,OANDA:AUDUSD,0.63381,0.63387,0.63381,0.63386,41.0,Interval.in_5_minute,56513400.0
2577,2023-10-17 02:15:00,OANDA:AUDUSD,0.63386,0.63386,0.63373,0.63375,39.0,Interval.in_5_minute,56513700.0
2578,2023-10-17 02:20:00,OANDA:AUDUSD,0.63375,0.63388,0.63374,0.63382,55.0,Interval.in_5_minute,56514000.0
2579,2023-10-17 02:25:00,OANDA:AUDUSD,0.63382,0.63382,0.63374,0.63374,33.0,Interval.in_5_minute,56514300.0
2580,2023-10-17 02:30:00,OANDA:AUDUSD,0.63374,0.63386,0.63366,0.63383,50.0,Interval.in_5_minute,56514600.0
2581,2023-10-17 02:35:00,OANDA:AUDUSD,0.63383,0.63397,0.63383,0.63394,43.0,Interval.in_5_minute,56514900.0
2582,2023-10-17 02:40:00,OANDA:AUDUSD,0.63394,0.63398,0.63378,0.63378,29.0,Interval.in_5_minute,56515200.0
2583,2023-10-17 02:45:00,OANDA:AUDUSD,0.63378,0.63383,0.63378,0.6338,33.0,Interval.in_5_minute,56515500.0
2584,2023-10-17 02:50:00,OANDA:AUDUSD,0.6338,0.63396,0.63373,0.63396,41.0,Interval.in_5_minute,56515800.0
2585,2023-10-17 02:55:00,OANDA:AUDUSD,0.63396,0.63397,0.63372,0.63372,86.0,Interval.in_5_minute,56516100.0
2586,2023-10-17 03:00:00,OANDA:AUDUSD,0.63372,0.63396,0.63367,0.63384,168.0,Interval.in_5_minute,56516400.0
2587,2023-10-17 03:05:00,OANDA:AUDUSD,0.63384,0.63429,0.63384,0.63426,102.0,Interval.in_5_minute,56516700.0
2588,2023-10-17 03:10:00,OANDA:AUDUSD,0.63426,0.63434,0.63419,0.63422,58.0,Interval.in_5_minute,56517000.0
2589,2023-10-17 03:15:00,OANDA:AUDUSD,0.63422,0.63442,0.6342,0.6342,112.0,Interval.in_5_minute,56517300.0
2590,2023-10-17 03:20:00,OANDA:AUDUSD,0.6342,0.63433,0.63412,0.63433,102.0,Interval.in_5_minute,56517600.0
2591,2023-10-17 03:25:00,OANDA:AUDUSD,0.63433,0.63462,0.63433,0.6345,84.0,Interval.in_5_minute,56517900.0
2592,2023-10-17 03:30:00,OANDA:AUDUSD,0.6345,0.63484,0.63448,0.63482,104.0,Interval.in_5_minute,56518200.0
2593,2023-10-17 03:35:00,OANDA:AUDUSD,0.63482,0.63594,0.63482,0.63568,475.0,Interval.in_5_minute,56518500.0
2594,2023-10-17 03:40:00,OANDA:AUDUSD,0.63568,0.63592,0.63552,0.63572,249.0,Interval.in_5_minute,56518800.0
2595,2023-10-17 03:45:00,OANDA:AUDUSD,0.63572,0.63592,0.63564,0.6358,201.0,Interval.in_5_minute,56519100.0
2596,2023-10-17 03:50:00,OANDA:AUDUSD,0.6358,0.63597,0.6355,0.63561,145.0,Interval.in_5_minute,56519400.0
2597,2023-10-17 03:55:00,OANDA:AUDUSD,0.63561,0.63561,0.63534,0.63538,185.0,Interval.in_5_minute,56519700.0
2598,2023-10-17 04:00:00,OANDA:AUDUSD,0.63538,0.63547,0.63506,0.63524,223.0,Interval.in_5_minute,56520000.0
2599,2023-10-17 04:05:00,OANDA:AUDUSD,0.63524,0.6354,0.63506,0.63511,217.0,Interval.in_5_minute,56520300.0
2600,2023-10-17 04:10:00,OANDA:AUDUSD,0.63511,0.63515,0.63498,0.63507,207.0,Interval.in_5_minute,56520600.0
2601,2023-10-17 04:15:00,OANDA:AUDUSD,0.63507,0.63526,0.63507,0.63514,263.0,Interval.in_5_minute,56520900.0
2602,2023-10-17 04:20:00,OANDA:AUDUSD,0.63514,0.6353,0.63476,0.63476,163.0,Interval.in_5_minute,56521200.0
2603,2023-10-17 04:25:00,OANDA:AUDUSD,0.63476,0.63482,0.63448,0.63456,178.0,Interval.in_5_minute,56521500.0
2604,2023-10-17 04:30:00,OANDA:AUDUSD,0.63456,0.63478,0.63444,0.63456,196.0,Interval.in_5_minute,56521800.0
2605,2023-10-17 04:35:00,OANDA:AUDUSD,0.63456,0.63481,0.63451,0.63472,168.0,Interval.in_5_minute,56522100.0
2606,2023-10-17 04:40:00,OANDA:AUDUSD,0.63472,0.63522,0.63468,0.63522,265.0,Interval.in_5_minute,56522400.0
2607,2023-10-17 04:45:00,OANDA:AUDUSD,0.63522,0.63526,0.63504,0.63515,156.0,Interval.in_5_minute,56522700.0
2608,2023-10-17 04:50:00,OANDA:AUDUSD,0.63515,0.63538,0.63515,0.6352,235.0,Interval.in_5_minute,56523000.0
2609,2023-10-17 04:55:00,OANDA:AUDUSD,0.6352,0.6353,0.6351,0.63521,152.0,Interval.in_5_minute,56523300.0
2610,2023-10-17 05:00:00,OANDA:AUDUSD,0.63521,0.63526,0.63494,0.63503,153.0,Interval.in_5_minute,56523600.0
2611,2023-10-17 05:05:00,OANDA:AUDUSD,0.63503,0.63508,0.63458,0.63474,212.0,Interval.in_5_minute,56523900.0
2612,2023-10-17 05:10:00,OANDA:AUDUSD,0.63474,0.63506,0.6347,0.635,120.0,Interval.in_5_minute,56524200.0
2613,2023-10-17 05:15:00,OANDA:AUDUSD,0.635,0.63508,0.6349,0.63493,99.0,Interval.in_5_minute,56524500.0
2614,2023-10-17 05:20:00,OANDA:AUDUSD,0.63493,0.63496,0.63476,0.63484,107.0,Interval.in_5_minute,56524800.0
2615,2023-10-17 05:25:00,OANDA:AUDUSD,0.63484,0.63492,0.63466,0.63478,131.0,Interval.in_5_minute,56525100.0
2616,2023-10-17 05:30:00,OANDA:AUDUSD,0.63478,0.63502,0.63476,0.63486,123.0,Interval.in_5_minute,56525400.0
2617,2023-10-17 05:35:00,OANDA:AUDUSD,0.63486,0.63496,0.6348,0.63488,113.0,Interval.in_5_minute,56525700.0
2618,2023-10-17 05:40:00,OANDA:AUDUSD,0.63488,0.63496,0.6348,0.63485,169.0,Interval.in_5_minute,56526000.0
2619,2023-10-17 05:45:00,OANDA:AUDUSD,0.63485,0.63493,0.63469,0.63482,105.0,Interval.in_5_minute,56526300.0
2620,2023-10-17 05:50:00,OANDA:AUDUSD,0.63482,0.63514,0.63478,0.63512,135.0,Interval.in_5_minute,56526600.0
2621,2023-10-17 05:55:00,OANDA:AUDUSD,0.63512,0.63554,0.63508,0.63534,183.0,Interval.in_5_minute,56526900.0
2622,2023-10-17 06:00:00,OANDA:AUDUSD,0.63534,0.6354,0.63511,0.6352,137.0,Interval.in_5_minute,56527200.0
2623,2023-10-17 06:05:00,OANDA:AUDUSD,0.6352,0.63546,0.63514,0.63536,121.0,Interval.in_5_minute,56527500.0
2624,2023-10-17 06:10:00,OANDA:AUDUSD,0.63536,0.6355,0.63532,0.63538,87.0,Interval.in_5_minute,56527800.0
2625,2023-10-17 06:15:00,OANDA:AUDUSD,0.63538,0.63566,0.63532,0.63562,125.0,Interval.in_5_minute,56528100.0
2626,2023-10-17 06:20:00,OANDA:AUDUSD,0.63562,0.63566,0.63537,0.63544,126.0,Interval.in_5_minute,56528400.0
2627,2023-10-17 06:25:00,OANDA:AUDUSD,0.63544,0.6359,0.63544,0.63586,158.0,Interval.in_5_minute,56528700.0
2628,2023-10-17 06:30:00,OANDA:AUDUSD,0.63586,0.63606,0.63565,0.63606,85.0,Interval.in_5_minute,56529000.0
2629,2023-10-17 06:35:00,OANDA:AUDUSD,0.63606,0.63672,0.63604,0.63639,184.0,Interval.in_5_minute,56529300.0
2630,2023-10-17 06:40:00,OANDA:AUDUSD,0.63639,0.63644,0.63569,0.63574,105.0,Interval.in_5_minute,56529600.0
2631,2023-10-17 06:45:00,OANDA:AUDUSD,0.63574,0.63574,0.63546,0.63548,105.0,Interval.in_5_minute,56529900.0
2632,2023-10-17 06:50:00,OANDA:AUDUSD,0.63548,0.6355,0.63517,0.63523,92.0,Interval.in_5_minute,56530200.0
2633,2023-10-17 06:55:00,OANDA:AUDUSD,0.63523,0.6354,0.63519,0.6354,97.0,Interval.in_5_minute,56530500.0
2634,2023-10-17 07:00:00,OANDA:AUDUSD,0.6354,0.6354,0.6352,0.63526,84.0,Interval.in_5_minute,56530800.0
2635,2023-10-17 07:05:00,OANDA:AUDUSD,0.63526,0.63532,0.6351,0.63514,65.0,Interval.in_5_minute,56531100.0
2636,2023-10-17 07:10:00,OANDA:AUDUSD,0.63514,0.63514,0.63495,0.63503,110.0,Interval.in_5_minute,56531400.0
2637,2023-10-17 07:15:00,OANDA:AUDUSD,0.63503,0.63522,0.635,0.63521,75.0,Interval.in_5_minute,56531700.0
2638,2023-10-17 07:20:00,OANDA:AUDUSD,0.63521,0.63527,0.63516,0.63521,83.0,Interval.in_5_minute,56532000.0
2639,2023-10-17 07:25:00,OANDA:AUDUSD,0.63521,0.63521,0.63507,0.63508,122.0,Interval.in_5_minute,56532300.0
2640,2023-10-17 07:30:00,OANDA:AUDUSD,0.63508,0.63524,0.63506,0.6352,91.0,Interval.in_5_minute,56532600.0
2641,2023-10-17 07:35:00,OANDA:AUDUSD,0.6352,0.63524,0.63505,0.63521,70.0,Interval.in_5_minute,56532900.0
2642,2023-10-17 07:40:00,OANDA:AUDUSD,0.63521,0.63531,0.63508,0.6353,116.0,Interval.in_5_minute,56533200.0
2643,2023-10-17 07:45:00,OANDA:AUDUSD,0.6353,0.63552,0.63528,0.63549,146.0,Interval.in_5_minute,56533500.0
2644,2023-10-17 07:50:00,OANDA:AUDUSD,0.63549,0.63552,0.63538,0.63545,150.0,Interval.in_5_minute,56533800.0
2645,2023-10-17 07:55:00,OANDA:AUDUSD,0.63545,0.63551,0.63532,0.63541,119.0,Interval.in_5_minute,56534100.0
2646,2023-10-17 08:00:00,OANDA:AUDUSD,0.63541,0.63553,0.63514,0.63548,178.0,Interval.in_5_minute,56534400.0
2647,2023-10-17 08:05:00,OANDA:AUDUSD,0.63548,0.63564,0.63544,0.63553,155.0,Interval.in_5_minute,56534700.0
2648,2023-10-17 08:10:00,OANDA:AUDUSD,0.63553,0.6357,0.6355,0.63568,100.0,Interval.in_5_minute,56535000.0
2649,2023-10-17 08:15:00,OANDA:AUDUSD,0.63568,0.63584,0.6356,0.6357,157.0,Interval.in_5_minute,56535300.0
2650,2023-10-17 08:20:00,OANDA:AUDUSD,0.6357,0.63576,0.63542,0.63556,110.0,Interval.in_5_minute,56535600.0
2651,2023-10-17 08:25:00,OANDA:AUDUSD,0.63556,0.63556,0.63523,0.63524,107.0,Interval.in_5_minute,56535900.0
2652,2023-10-17 08:30:00,OANDA:AUDUSD,0.63524,0.63542,0.63516,0.63531,132.0,Interval.in_5_minute,56536200.0
2653,2023-10-17 08:35:00,OANDA:AUDUSD,0.63531,0.63536,0.63501,0.63504,121.0,Interval.in_5_minute,56536500.0
2654,2023-10-17 08:40:00,OANDA:AUDUSD,0.63504,0.6351,0.63483,0.63486,157.0,Interval.in_5_minute,56536800.0
2655,2023-10-17 08:45:00,OANDA:AUDUSD,0.63486,0.63508,0.63482,0.63506,71.0,Interval.in_5_minute,56537100.0
2656,2023-10-17 08:50:00,OANDA:AUDUSD,0.63506,0.63532,0.63506,0.63524,132.0,Interval.in_5_minute,56537400.0
2657,2023-10-17 08:55:00,OANDA:AUDUSD,0.63524,0.63524,0.63497,0.63515,138.0,Interval.in_5_minute,56537700.0
2658,2023-10-17 09:00:00,OANDA:AUDUSD,0.63515,0.6353,0.635,0.63528,212.0,Interval.in_5_minute,56538000.0
2659,2023-10-17 09:05:00,OANDA:AUDUSD,0.63528,0.63564,0.63526,0.63551,143.0,Interval.in_5_minute,56538300.0
2660,2023-10-17 09:10:00,OANDA:AUDUSD,0.63551,0.63569,0.63549,0.63554,129.0,Interval.in_5_minute,56538600.0
2661,2023-10-17 09:15:00,OANDA:AUDUSD,0.63554,0.6356,0.63532,0.6356,157.0,Interval.in_5_minute,56538900.0
2662,2023-10-17 09:20:00,OANDA:AUDUSD,0.6356,0.6356,0.63506,0.63522,151.0,Interval.in_5_minute,56539200.0
2663,2023-10-17 09:25:00,OANDA:AUDUSD,0.63522,0.63552,0.63514,0.63544,139.0,Interval.in_5_minute,56539500.0
2664,2023-10-17 09:30:00,OANDA:AUDUSD,0.63544,0.63564,0.63532,0.63559,188.0,Interval.in_5_minute,56539800.0
2665,2023-10-17 09:35:00,OANDA:AUDUSD,0.63559,0.6356,0.63534,0.63544,172.0,Interval.in_5_minute,56540100.0
2666,2023-10-17 09:40:00,OANDA:AUDUSD,0.63544,0.63576,0.63544,0.6357,87.0,Interval.in_5_minute,56540400.0
2667,2023-10-17 09:45:00,OANDA:AUDUSD,0.6357,0.63584,0.63556,0.63557,157.0,Interval.in_5_minute,56540700.0
2668,2023-10-17 09:50:00,OANDA:AUDUSD,0.63557,0.63558,0.63522,0.63523,214.0,Interval.in_5_minute,56541000.0
2669,2023-10-17 09:55:00,OANDA:AUDUSD,0.63523,0.63526,0.63501,0.63524,197.0,Interval.in_5_minute,56541300.0
2670,2023-10-17 10:00:00,OANDA:AUDUSD,0.63524,0.63554,0.6352,0.63546,249.0,Interval.in_5_minute,56541600.0
2671,2023-10-17 10:05:00,OANDA:AUDUSD,0.63546,0.63601,0.63546,0.63598,285.0,Interval.in_5_minute,56541900.0
2672,2023-10-17 10:10:00,OANDA:AUDUSD,0.63598,0.6361,0.63572,0.63575,170.0,Interval.in_5_minute,56542200.0
2673,2023-10-17 10:15:00,OANDA:AUDUSD,0.63575,0.63575,0.63555,0.63572,194.0,Interval.in_5_minute,56542500.0
2674,2023-10-17 10:20:00,OANDA:AUDUSD,0.63572,0.63592,0.6357,0.63574,203.0,Interval.in_5_minute,56542800.0
2675,2023-10-17 10:25:00,OANDA:AUDUSD,0.63574,0.63582,0.63556,0.63566,151.0,Interval.in_5_minute,56543100.0
2676,2023-10-17 10:30:00,OANDA:AUDUSD,0.63566,0.636,0.6356,0.63595,181.0,Interval.in_5_minute,56543400.0
2677,2023-10-17 10:35:00,OANDA:AUDUSD,0.63595,0.63622,0.6359,0.63612,116.0,Interval.in_5_minute,56543700.0
2678,2023-10-17 10:40:00,OANDA:AUDUSD,0.63612,0.63625,0.63604,0.63615,156.0,Interval.in_5_minute,56544000.0
2679,2023-10-17 10:45:00,OANDA:AUDUSD,0.63615,0.63628,0.63598,0.63628,190.0,Interval.in_5_minute,56544300.0
2680,2023-10-17 10:50:00,OANDA:AUDUSD,0.63628,0.63631,0.63582,0.63595,188.0,Interval.in_5_minute,56544600.0
2681,2023-10-17 10:55:00,OANDA:AUDUSD,0.63595,0.63595,0.63572,0.63582,263.0,Interval.in_5_minute,56544900.0
2682,2023-10-17 11:00:00,OANDA:AUDUSD,0.63582,0.63582,0.63548,0.63566,208.0,Interval.in_5_minute,56545200.0
2683,2023-10-17 11:05:00,OANDA:AUDUSD,0.63566,0.63586,0.6355,0.63579,175.0,Interval.in_5_minute,56545500.0
2684,2023-10-17 11:10:00,OANDA:AUDUSD,0.63579,0.63604,0.63575,0.63584,127.0,Interval.in_5_minute,56545800.0
2685,2023-10-17 11:15:00,OANDA:AUDUSD,0.63584,0.63588,0.63518,0.63518,216.0,Interval.in_5_minute,56546100.0
2686,2023-10-17 11:20:00,OANDA:AUDUSD,0.63518,0.63536,0.63512,0.63522,196.0,Interval.in_5_minute,56546400.0
2687,2023-10-17 11:25:00,OANDA:AUDUSD,0.63522,0.6353,0.63508,0.63514,211.0,Interval.in_5_minute,56546700.0
2688,2023-10-17 11:30:00,OANDA:AUDUSD,0.63514,0.6352,0.6349,0.63498,193.0,Interval.in_5_minute,56547000.0
2689,2023-10-17 11:35:00,OANDA:AUDUSD,0.63498,0.63499,0.63441,0.63444,187.0,Interval.in_5_minute,56547300.0
2690,2023-10-17 11:40:00,OANDA:AUDUSD,0.63444,0.63454,0.63434,0.63446,212.0,Interval.in_5_minute,56547600.0
2691,2023-10-17 11:45:00,OANDA:AUDUSD,0.63446,0.63462,0.63436,0.63441,119.0,Interval.in_5_minute,56547900.0
2692,2023-10-17 11:50:00,OANDA:AUDUSD,0.63441,0.63442,0.63428,0.63435,170.0,Interval.in_5_minute,56548200.0
2693,2023-10-17 11:55:00,OANDA:AUDUSD,0.63435,0.63453,0.63434,0.63444,130.0,Interval.in_5_minute,56548500.0
2694,2023-10-17 12:00:00,OANDA:AUDUSD,0.63444,0.63474,0.6344,0.63464,195.0,Interval.in_5_minute,56548800.0
2695,2023-10-17 12:05:00,OANDA:AUDUSD,0.63464,0.63509,0.63464,0.63507,161.0,Interval.in_5_minute,56549100.0
2696,2023-10-17 12:10:00,OANDA:AUDUSD,0.63507,0.63508,0.63482,0.63484,117.0,Interval.in_5_minute,56549400.0
2697,2023-10-17 12:15:00,OANDA:AUDUSD,0.63484,0.63517,0.63484,0.63511,191.0,Interval.in_5_minute,56549700.0
2698,2023-10-17 12:20:00,OANDA:AUDUSD,0.63511,0.63536,0.6351,0.63514,195.0,Interval.in_5_minute,56550000.0
2699,2023-10-17 12:25:00,OANDA:AUDUSD,0.63514,0.6352,0.63486,0.63502,196.0,Interval.in_5_minute,56550300.0
2700,2023-10-17 12:30:00,OANDA:AUDUSD,0.63502,0.63508,0.63496,0.635,194.0,Interval.in_5_minute,56550600.0
2701,2023-10-17 12:35:00,OANDA:AUDUSD,0.635,0.63501,0.63474,0.6349,116.0,Interval.in_5_minute,56550900.0
2702,2023-10-17 12:40:00,OANDA:AUDUSD,0.6349,0.63501,0.63484,0.63494,110.0,Interval.in_5_minute,56551200.0
2703,2023-10-17 12:45:00,OANDA:AUDUSD,0.63494,0.6352,0.63494,0.63515,125.0,Interval.in_5_minute,56551500.0
2704,2023-10-17 12:50:00,OANDA:AUDUSD,0.63515,0.6353,0.63515,0.6352,124.0,Interval.in_5_minute,56551800.0
2705,2023-10-17 12:55:00,OANDA:AUDUSD,0.6352,0.63538,0.63519,0.63535,153.0,Interval.in_5_minute,56552100.0
2706,2023-10-17 13:00:00,OANDA:AUDUSD,0.63535,0.63556,0.63534,0.63538,82.0,Interval.in_5_minute,56552400.0
2707,2023-10-17 13:05:00,OANDA:AUDUSD,0.63538,0.6354,0.63507,0.63512,84.0,Interval.in_5_minute,56552700.0
2708,2023-10-17 13:10:00,OANDA:AUDUSD,0.63512,0.63581,0.6351,0.63572,369.0,Interval.in_5_minute,56553000.0
2709,2023-10-17 13:15:00,OANDA:AUDUSD,0.63572,0.63577,0.63514,0.63519,239.0,Interval.in_5_minute,56553300.0
2710,2023-10-17 13:20:00,OANDA:AUDUSD,0.63519,0.63556,0.63518,0.63556,223.0,Interval.in_5_minute,56553600.0
2711,2023-10-17 13:25:00,OANDA:AUDUSD,0.63556,0.63564,0.63526,0.63528,222.0,Interval.in_5_minute,56553900.0
2712,2023-10-17 13:30:00,OANDA:AUDUSD,0.63528,0.6353,0.63483,0.63493,210.0,Interval.in_5_minute,56554200.0
2713,2023-10-17 13:35:00,OANDA:AUDUSD,0.63493,0.63502,0.63468,0.63484,125.0,Interval.in_5_minute,56554500.0
2714,2023-10-17 13:40:00,OANDA:AUDUSD,0.63484,0.63486,0.63458,0.63464,76.0,Interval.in_5_minute,56554800.0
2715,2023-10-17 13:45:00,OANDA:AUDUSD,0.63464,0.63481,0.63461,0.63476,140.0,Interval.in_5_minute,56555100.0
2716,2023-10-17 13:50:00,OANDA:AUDUSD,0.63476,0.63493,0.63474,0.63474,111.0,Interval.in_5_minute,56555400.0
2717,2023-10-17 13:55:00,OANDA:AUDUSD,0.63474,0.63507,0.63474,0.63498,142.0,Interval.in_5_minute,56555700.0
2718,2023-10-17 14:00:00,OANDA:AUDUSD,0.63498,0.6352,0.63494,0.6351,168.0,Interval.in_5_minute,56556000.0
2719,2023-10-17 14:05:00,OANDA:AUDUSD,0.6351,0.63521,0.63497,0.63516,152.0,Interval.in_5_minute,56556300.0
2720,2023-10-17 14:10:00,OANDA:AUDUSD,0.63516,0.63552,0.63512,0.63548,149.0,Interval.in_5_minute,56556600.0
2721,2023-10-17 14:15:00,OANDA:AUDUSD,0.63548,0.63578,0.63548,0.63572,139.0,Interval.in_5_minute,56556900.0
2722,2023-10-17 14:20:00,OANDA:AUDUSD,0.63572,0.63581,0.63556,0.63559,161.0,Interval.in_5_minute,56557200.0
2723,2023-10-17 14:25:00,OANDA:AUDUSD,0.63559,0.63587,0.63546,0.63586,192.0,Interval.in_5_minute,56557500.0
2724,2023-10-17 14:30:00,OANDA:AUDUSD,0.63586,0.63596,0.63576,0.6359,180.0,Interval.in_5_minute,56557800.0
2725,2023-10-17 14:35:00,OANDA:AUDUSD,0.6359,0.6364,0.63588,0.6364,149.0,Interval.in_5_minute,56558100.0
2726,2023-10-17 14:40:00,OANDA:AUDUSD,0.6364,0.63652,0.63632,0.63647,115.0,Interval.in_5_minute,56558400.0
2727,2023-10-17 14:45:00,OANDA:AUDUSD,0.63647,0.63658,0.63644,0.63652,155.0,Interval.in_5_minute,56558700.0
2728,2023-10-17 14:50:00,OANDA:AUDUSD,0.63652,0.63657,0.63622,0.63636,128.0,Interval.in_5_minute,56559000.0
2729,2023-10-17 14:55:00,OANDA:AUDUSD,0.63636,0.63642,0.63612,0.63616,162.0,Interval.in_5_minute,56559300.0
2730,2023-10-17 15:00:00,OANDA:AUDUSD,0.63616,0.6364,0.63594,0.63603,186.0,Interval.in_5_minute,56559600.0
2731,2023-10-17 15:05:00,OANDA:AUDUSD,0.63603,0.63608,0.63577,0.63584,254.0,Interval.in_5_minute,56559900.0
2732,2023-10-17 15:10:00,OANDA:AUDUSD,0.63584,0.63632,0.63583,0.63608,176.0,Interval.in_5_minute,56560200.0
2733,2023-10-17 15:15:00,OANDA:AUDUSD,0.63608,0.6363,0.636,0.63621,164.0,Interval.in_5_minute,56560500.0
2734,2023-10-17 15:20:00,OANDA:AUDUSD,0.63621,0.63636,0.63608,0.63614,150.0,Interval.in_5_minute,56560800.0
2735,2023-10-17 15:25:00,OANDA:AUDUSD,0.63614,0.6362,0.63569,0.63574,181.0,Interval.in_5_minute,56561100.0
2736,2023-10-17 15:30:00,OANDA:AUDUSD,0.63574,0.63574,0.63382,0.63382,1042.0,Interval.in_5_minute,56561400.0
2737,2023-10-17 15:35:00,OANDA:AUDUSD,0.63382,0.63422,0.63368,0.6338,434.0,Interval.in_5_minute,56561700.0
2738,2023-10-17 15:40:00,OANDA:AUDUSD,0.6338,0.63414,0.63374,0.63404,368.0,Interval.in_5_minute,56562000.0
2739,2023-10-17 15:45:00,OANDA:AUDUSD,0.63404,0.6342,0.63365,0.63414,404.0,Interval.in_5_minute,56562300.0
2740,2023-10-17 15:50:00,OANDA:AUDUSD,0.63414,0.63466,0.63414,0.6344,402.0,Interval.in_5_minute,56562600.0
2741,2023-10-17 15:55:00,OANDA:AUDUSD,0.6344,0.63442,0.63391,0.63412,382.0,Interval.in_5_minute,56562900.0
2742,2023-10-17 16:00:00,OANDA:AUDUSD,0.63412,0.63455,0.63366,0.63384,317.0,Interval.in_5_minute,56563200.0
2743,2023-10-17 16:05:00,OANDA:AUDUSD,0.63384,0.63468,0.63378,0.63455,321.0,Interval.in_5_minute,56563500.0
2744,2023-10-17 16:10:00,OANDA:AUDUSD,0.63455,0.63472,0.63436,0.63468,271.0,Interval.in_5_minute,56563800.0
2745,2023-10-17 16:15:00,OANDA:AUDUSD,0.63468,0.63506,0.63458,0.63478,418.0,Interval.in_5_minute,56564100.0
2746,2023-10-17 16:20:00,OANDA:AUDUSD,0.63478,0.635,0.63442,0.63464,326.0,Interval.in_5_minute,56564400.0
2747,2023-10-17 16:25:00,OANDA:AUDUSD,0.63464,0.63474,0.63428,0.63439,245.0,Interval.in_5_minute,56564700.0
2748,2023-10-17 16:30:00,OANDA:AUDUSD,0.63439,0.63512,0.63428,0.63484,475.0,Interval.in_5_minute,56565000.0
2749,2023-10-17 16:35:00,OANDA:AUDUSD,0.63484,0.63542,0.63468,0.6353,565.0,Interval.in_5_minute,56565300.0
2750,2023-10-17 16:40:00,OANDA:AUDUSD,0.6353,0.63535,0.63471,0.63496,378.0,Interval.in_5_minute,56565600.0
2751,2023-10-17 16:45:00,OANDA:AUDUSD,0.63496,0.63522,0.63432,0.63443,560.0,Interval.in_5_minute,56565900.0
2752,2023-10-17 16:50:00,OANDA:AUDUSD,0.63443,0.63484,0.63424,0.63426,480.0,Interval.in_5_minute,56566200.0
2753,2023-10-17 16:55:00,OANDA:AUDUSD,0.63426,0.63462,0.63406,0.6344,333.0,Interval.in_5_minute,56566500.0
2754,2023-10-17 17:00:00,OANDA:AUDUSD,0.6344,0.63518,0.6344,0.63476,408.0,Interval.in_5_minute,56566800.0
2755,2023-10-17 17:05:00,OANDA:AUDUSD,0.63476,0.63548,0.63471,0.63548,451.0,Interval.in_5_minute,56567100.0
2756,2023-10-17 17:10:00,OANDA:AUDUSD,0.63548,0.63598,0.63544,0.63579,293.0,Interval.in_5_minute,56567400.0
2757,2023-10-17 17:15:00,OANDA:AUDUSD,0.63579,0.63627,0.63567,0.63615,336.0,Interval.in_5_minute,56567700.0
2758,2023-10-17 17:20:00,OANDA:AUDUSD,0.63615,0.63682,0.63594,0.63662,277.0,Interval.in_5_minute,56568000.0
2759,2023-10-17 17:25:00,OANDA:AUDUSD,0.63662,0.63686,0.63636,0.63644,289.0,Interval.in_5_minute,56568300.0
2760,2023-10-17 17:30:00,OANDA:AUDUSD,0.63644,0.63662,0.63609,0.63662,333.0,Interval.in_5_minute,56568600.0
2761,2023-10-17 17:35:00,OANDA:AUDUSD,0.63662,0.63687,0.63644,0.63658,306.0,Interval.in_5_minute,56568900.0
2762,2023-10-17 17:40:00,OANDA:AUDUSD,0.63658,0.6366,0.636,0.63616,295.0,Interval.in_5_minute,56569200.0
2763,2023-10-17 17:45:00,OANDA:AUDUSD,0.63616,0.63652,0.63616,0.63628,406.0,Interval.in_5_minute,56569500.0
2764,2023-10-17 17:50:00,OANDA:AUDUSD,0.63628,0.63634,0.63598,0.63604,285.0,Interval.in_5_minute,56569800.0
2765,2023-10-17 17:55:00,OANDA:AUDUSD,0.63604,0.63638,0.63604,0.63637,225.0,Interval.in_5_minute,56570100.0
2766,2023-10-17 18:00:00,OANDA:AUDUSD,0.63637,0.6368,0.6363,0.63676,222.0,Interval.in_5_minute,56570400.0
2767,2023-10-17 18:05:00,OANDA:AUDUSD,0.63676,0.63698,0.63626,0.63634,246.0,Interval.in_5_minute,56570700.0
2768,2023-10-17 18:10:00,OANDA:AUDUSD,0.63634,0.6369,0.63634,0.63678,253.0,Interval.in_5_minute,56571000.0
2769,2023-10-17 18:15:00,OANDA:AUDUSD,0.63678,0.63698,0.63666,0.63696,321.0,Interval.in_5_minute,56571300.0
2770,2023-10-17 18:20:00,OANDA:AUDUSD,0.63696,0.63708,0.63665,0.63665,284.0,Interval.in_5_minute,56571600.0
2771,2023-10-17 18:25:00,OANDA:AUDUSD,0.63665,0.63665,0.6364,0.6364,176.0,Interval.in_5_minute,56571900.0
2772,2023-10-17 18:30:00,OANDA:AUDUSD,0.6364,0.63702,0.63634,0.63696,230.0,Interval.in_5_minute,56572200.0
2773,2023-10-17 18:35:00,OANDA:AUDUSD,0.63696,0.63746,0.63696,0.63727,250.0,Interval.in_5_minute,56572500.0
2774,2023-10-17 18:40:00,OANDA:AUDUSD,0.63727,0.63752,0.63718,0.63751,289.0,Interval.in_5_minute,56572800.0
2775,2023-10-17 18:45:00,OANDA:AUDUSD,0.63751,0.6377,0.63739,0.63762,237.0,Interval.in_5_minute,56573100.0
2776,2023-10-17 18:50:00,OANDA:AUDUSD,0.63762,0.63772,0.6374,0.6375,220.0,Interval.in_5_minute,56573400.0
2777,2023-10-17 18:55:00,OANDA:AUDUSD,0.6375,0.63766,0.63739,0.63761,133.0,Interval.in_5_minute,56573700.0
2778,2023-10-17 19:00:00,OANDA:AUDUSD,0.63761,0.63769,0.63734,0.63739,261.0,Interval.in_5_minute,56574000.0
2779,2023-10-17 19:05:00,OANDA:AUDUSD,0.63739,0.63756,0.63728,0.63754,237.0,Interval.in_5_minute,56574300.0
2780,2023-10-17 19:10:00,OANDA:AUDUSD,0.63754,0.63768,0.63747,0.6376,176.0,Interval.in_5_minute,56574600.0
2781,2023-10-17 19:15:00,OANDA:AUDUSD,0.6376,0.63763,0.6374,0.63762,253.0,Interval.in_5_minute,56574900.0
2782,2023-10-17 19:20:00,OANDA:AUDUSD,0.63762,0.63782,0.63754,0.6377,181.0,Interval.in_5_minute,56575200.0
2783,2023-10-17 19:25:00,OANDA:AUDUSD,0.6377,0.63796,0.6377,0.63796,183.0,Interval.in_5_minute,56575500.0
2784,2023-10-17 19:30:00,OANDA:AUDUSD,0.63796,0.63798,0.63762,0.63772,189.0,Interval.in_5_minute,56575800.0
2785,2023-10-17 19:35:00,OANDA:AUDUSD,0.63772,0.63781,0.63767,0.63776,186.0,Interval.in_5_minute,56576100.0
2786,2023-10-17 19:40:00,OANDA:AUDUSD,0.63776,0.63778,0.63756,0.6376,173.0,Interval.in_5_minute,56576400.0
2787,2023-10-17 19:45:00,OANDA:AUDUSD,0.6376,0.6377,0.63734,0.63753,216.0,Interval.in_5_minute,56576700.0
2788,2023-10-17 19:50:00,OANDA:AUDUSD,0.63753,0.63756,0.63729,0.63754,155.0,Interval.in_5_minute,56577000.0
2789,2023-10-17 19:55:00,OANDA:AUDUSD,0.63754,0.63756,0.63705,0.63714,185.0,Interval.in_5_minute,56577300.0
2790,2023-10-17 20:00:00,OANDA:AUDUSD,0.63714,0.63714,0.6368,0.63686,173.0,Interval.in_5_minute,56577600.0
2791,2023-10-17 20:05:00,OANDA:AUDUSD,0.63686,0.63694,0.63668,0.63686,140.0,Interval.in_5_minute,56577900.0
2792,2023-10-17 20:10:00,OANDA:AUDUSD,0.63686,0.63694,0.6367,0.63672,85.0,Interval.in_5_minute,56578200.0
2793,2023-10-17 20:15:00,OANDA:AUDUSD,0.63672,0.63686,0.63668,0.63681,179.0,Interval.in_5_minute,56578500.0
2794,2023-10-17 20:20:00,OANDA:AUDUSD,0.63681,0.63681,0.6366,0.63661,99.0,Interval.in_5_minute,56578800.0
2795,2023-10-17 20:25:00,OANDA:AUDUSD,0.63661,0.63676,0.63657,0.63661,142.0,Interval.in_5_minute,56579100.0
2796,2023-10-17 20:30:00,OANDA:AUDUSD,0.63661,0.63668,0.63639,0.63653,167.0,Interval.in_5_minute,56579400.0
2797,2023-10-17 20:35:00,OANDA:AUDUSD,0.63653,0.6366,0.63632,0.63636,168.0,Interval.in_5_minute,56579700.0
2798,2023-10-17 20:40:00,OANDA:AUDUSD,0.63636,0.6364,0.63589,0.63594,138.0,Interval.in_5_minute,56580000.0
2799,2023-10-17 20:45:00,OANDA:AUDUSD,0.63594,0.63599,0.63582,0.63593,156.0,Interval.in_5_minute,56580300.0
2800,2023-10-17 20:50:00,OANDA:AUDUSD,0.63593,0.63596,0.63549,0.63549,182.0,Interval.in_5_minute,56580600.0
2801,2023-10-17 20:55:00,OANDA:AUDUSD,0.63549,0.63564,0.63539,0.63557,153.0,Interval.in_5_minute,56580900.0
2802,2023-10-17 21:00:00,OANDA:AUDUSD,0.63557,0.63566,0.63538,0.63552,174.0,Interval.in_5_minute,56581200.0
2803,2023-10-17 21:05:00,OANDA:AUDUSD,0.63552,0.6356,0.63546,0.6356,162.0,Interval.in_5_minute,56581500.0
2804,2023-10-17 21:10:00,OANDA:AUDUSD,0.6356,0.63576,0.63553,0.63562,176.0,Interval.in_5_minute,56581800.0
2805,2023-10-17 21:15:00,OANDA:AUDUSD,0.63562,0.63584,0.63549,0.63552,223.0,Interval.in_5_minute,56582100.0
2806,2023-10-17 21:20:00,OANDA:AUDUSD,0.63552,0.63582,0.63551,0.63572,167.0,Interval.in_5_minute,56582400.0
2807,2023-10-17 21:25:00,OANDA:AUDUSD,0.63572,0.63591,0.63572,0.6358,121.0,Interval.in_5_minute,56582700.0
2808,2023-10-17 21:30:00,OANDA:AUDUSD,0.6358,0.63598,0.63572,0.63588,120.0,Interval.in_5_minute,56583000.0
2809,2023-10-17 21:35:00,OANDA:AUDUSD,0.63588,0.63614,0.63582,0.63614,162.0,Interval.in_5_minute,56583300.0
2810,2023-10-17 21:40:00,OANDA:AUDUSD,0.63614,0.63626,0.63608,0.63615,98.0,Interval.in_5_minute,56583600.0
2811,2023-10-17 21:45:00,OANDA:AUDUSD,0.63615,0.63632,0.63604,0.63626,115.0,Interval.in_5_minute,56583900.0
2812,2023-10-17 21:50:00,OANDA:AUDUSD,0.63626,0.63626,0.63586,0.63592,85.0,Interval.in_5_minute,56584200.0
2813,2023-10-17 21:55:00,OANDA:AUDUSD,0.63592,0.63596,0.63574,0.63582,151.0,Interval.in_5_minute,56584500.0
2814,2023-10-17 22:00:00,OANDA:AUDUSD,0.63582,0.63601,0.6358,0.636,147.0,Interval.in_5_minute,56584800.0
2815,2023-10-17 22:05:00,OANDA:AUDUSD,0.636,0.63638,0.636,0.63632,123.0,Interval.in_5_minute,56585100.0
2816,2023-10-17 22:10:00,OANDA:AUDUSD,0.63632,0.63649,0.6363,0.63646,197.0,Interval.in_5_minute,56585400.0
2817,2023-10-17 22:15:00,OANDA:AUDUSD,0.63646,0.63654,0.63635,0.63642,163.0,Interval.in_5_minute,56585700.0
2818,2023-10-17 22:20:00,OANDA:AUDUSD,0.63642,0.63662,0.63641,0.6366,124.0,Interval.in_5_minute,56586000.0
2819,2023-10-17 22:25:00,OANDA:AUDUSD,0.6366,0.63676,0.63654,0.63674,141.0,Interval.in_5_minute,56586300.0
2820,2023-10-17 22:30:00,OANDA:AUDUSD,0.63674,0.6368,0.6364,0.63642,113.0,Interval.in_5_minute,56586600.0
2821,2023-10-17 22:35:00,OANDA:AUDUSD,0.63642,0.63655,0.63635,0.63646,99.0,Interval.in_5_minute,56586900.0
2822,2023-10-17 22:40:00,OANDA:AUDUSD,0.63646,0.6365,0.63624,0.63628,134.0,Interval.in_5_minute,56587200.0
2823,2023-10-17 22:45:00,OANDA:AUDUSD,0.63628,0.63636,0.63618,0.63624,137.0,Interval.in_5_minute,56587500.0
2824,2023-10-17 22:50:00,OANDA:AUDUSD,0.63624,0.63641,0.63619,0.6364,162.0,Interval.in_5_minute,56587800.0
2825,2023-10-17 22:55:00,OANDA:AUDUSD,0.6364,0.63647,0.63631,0.63647,140.0,Interval.in_5_minute,56588100.0
2826,2023-10-17 23:00:00,OANDA:AUDUSD,0.63647,0.63652,0.63644,0.63651,27.0,Interval.in_5_minute,56588400.0
2827,2023-10-17 23:05:00,OANDA:AUDUSD,0.63651,0.63651,0.63632,0.63637,62.0,Interval.in_5_minute,56588700.0
2828,2023-10-17 23:10:00,OANDA:AUDUSD,0.63637,0.63637,0.63628,0.63632,82.0,Interval.in_5_minute,56589000.0
2829,2023-10-17 23:15:00,OANDA:AUDUSD,0.63632,0.63635,0.63632,0.63634,22.0,Interval.in_5_minute,56589300.0
2830,2023-10-17 23:20:00,OANDA:AUDUSD,0.63634,0.63635,0.6363,0.63632,17.0,Interval.in_5_minute,56589600.0
2831,2023-10-17 23:25:00,OANDA:AUDUSD,0.63632,0.63648,0.63632,0.63646,14.0,Interval.in_5_minute,56589900.0
2832,2023-10-17 23:30:00,OANDA:AUDUSD,0.63646,0.63662,0.63644,0.6366,36.0,Interval.in_5_minute,56590200.0
2833,2023-10-17 23:35:00,OANDA:AUDUSD,0.6366,0.63664,0.63653,0.63664,29.0,Interval.in_5_minute,56590500.0
2834,2023-10-17 23:40:00,OANDA:AUDUSD,0.63664,0.6367,0.63662,0.63664,39.0,Interval.in_5_minute,56590800.0
2835,2023-10-17 23:45:00,OANDA:AUDUSD,0.63664,0.63664,0.63656,0.63662,67.0,Interval.in_5_minute,56591100.0
2836,2023-10-17 23:50:00,OANDA:AUDUSD,0.63662,0.63666,0.63661,0.63661,70.0,Interval.in_5_minute,56591400.0
2837,2023-10-17 23:55:00,OANDA:AUDUSD,0.63661,0.63662,0.63656,0.63656,41.0,Interval.in_5_minute,56591700.0
2838,2023-10-18 00:00:00,OANDA:AUDUSD,0.63656,0.63656,0.63602,0.63644,8.0,Interval.in_5_minute,56592000.0
2839,2023-10-18 00:05:00,OANDA:AUDUSD,0.63644,0.63653,0.63644,0.6365,13.0,Interval.in_5_minute,56592300.0
2840,2023-10-18 00:10:00,OANDA:AUDUSD,0.6365,0.6365,0.63634,0.63641,25.0,Interval.in_5_minute,56592600.0
2841,2023-10-18 00:15:00,OANDA:AUDUSD,0.63641,0.63658,0.6364,0.63655,17.0,Interval.in_5_minute,56592900.0
2842,2023-10-18 00:20:00,OANDA:AUDUSD,0.63655,0.63656,0.63638,0.63646,49.0,Interval.in_5_minute,56593200.0
2843,2023-10-18 00:25:00,OANDA:AUDUSD,0.63646,0.63655,0.63646,0.6365,24.0,Interval.in_5_minute,56593500.0
2844,2023-10-18 00:30:00,OANDA:AUDUSD,0.6365,0.6366,0.63644,0.63652,134.0,Interval.in_5_minute,56593800.0
2845,2023-10-18 00:35:00,OANDA:AUDUSD,0.63652,0.63654,0.6365,0.63651,180.0,Interval.in_5_minute,56594100.0
2846,2023-10-18 00:40:00,OANDA:AUDUSD,0.63651,0.63657,0.6365,0.63657,40.0,Interval.in_5_minute,56594400.0
2847,2023-10-18 00:45:00,OANDA:AUDUSD,0.63657,0.63674,0.63657,0.63674,423.0,Interval.in_5_minute,56594700.0
2848,2023-10-18 00:50:00,OANDA:AUDUSD,0.63674,0.63676,0.63661,0.63668,23.0,Interval.in_5_minute,56595000.0
2849,2023-10-18 00:55:00,OANDA:AUDUSD,0.63668,0.6367,0.63666,0.6367,33.0,Interval.in_5_minute,56595300.0
2850,2023-10-18 01:00:00,OANDA:AUDUSD,0.6367,0.63672,0.63656,0.63658,50.0,Interval.in_5_minute,56595600.0
2851,2023-10-18 01:05:00,OANDA:AUDUSD,0.63658,0.63662,0.63658,0.6366,25.0,Interval.in_5_minute,56595900.0
2852,2023-10-18 01:10:00,OANDA:AUDUSD,0.6366,0.63668,0.63657,0.63663,31.0,Interval.in_5_minute,56596200.0
2853,2023-10-18 01:15:00,OANDA:AUDUSD,0.63663,0.63664,0.63647,0.6366,27.0,Interval.in_5_minute,56596500.0
2854,2023-10-18 01:20:00,OANDA:AUDUSD,0.6366,0.6366,0.6365,0.63651,32.0,Interval.in_5_minute,56596800.0
2855,2023-10-18 01:25:00,OANDA:AUDUSD,0.63651,0.63656,0.6365,0.6365,20.0,Interval.in_5_minute,56597100.0
2856,2023-10-18 01:30:00,OANDA:AUDUSD,0.6365,0.63656,0.63646,0.63656,28.0,Interval.in_5_minute,56597400.0
2857,2023-10-18 01:35:00,OANDA:AUDUSD,0.63656,0.63659,0.63652,0.63655,55.0,Interval.in_5_minute,56597700.0
2858,2023-10-18 01:40:00,OANDA:AUDUSD,0.63655,0.6366,0.63652,0.63656,34.0,Interval.in_5_minute,56598000.0
2859,2023-10-18 01:45:00,OANDA:AUDUSD,0.63656,0.63663,0.63656,0.6366,60.0,Interval.in_5_minute,56598300.0
2860,2023-10-18 01:50:00,OANDA:AUDUSD,0.6366,0.63662,0.6365,0.6366,20.0,Interval.in_5_minute,56598600.0
2861,2023-10-18 01:55:00,OANDA:AUDUSD,0.6366,0.6367,0.63654,0.63656,45.0,Interval.in_5_minute,56598900.0
2862,2023-10-18 02:00:00,OANDA:AUDUSD,0.63656,0.6366,0.63646,0.63654,79.0,Interval.in_5_minute,56599200.0
2863,2023-10-18 02:05:00,OANDA:AUDUSD,0.63654,0.63666,0.63646,0.63665,58.0,Interval.in_5_minute,56599500.0
2864,2023-10-18 02:10:00,OANDA:AUDUSD,0.63665,0.63666,0.63642,0.63646,65.0,Interval.in_5_minute,56599800.0
2865,2023-10-18 02:15:00,OANDA:AUDUSD,0.63646,0.63652,0.63641,0.63641,39.0,Interval.in_5_minute,56600100.0
2866,2023-10-18 02:20:00,OANDA:AUDUSD,0.63641,0.63643,0.63634,0.63639,27.0,Interval.in_5_minute,56600400.0
2867,2023-10-18 02:25:00,OANDA:AUDUSD,0.63639,0.63642,0.63634,0.63638,58.0,Interval.in_5_minute,56600700.0
2868,2023-10-18 02:30:00,OANDA:AUDUSD,0.63638,0.63641,0.63636,0.63638,30.0,Interval.in_5_minute,56601000.0
2869,2023-10-18 02:35:00,OANDA:AUDUSD,0.63638,0.63638,0.63624,0.6363,45.0,Interval.in_5_minute,56601300.0
2870,2023-10-18 02:40:00,OANDA:AUDUSD,0.6363,0.63636,0.63629,0.63634,36.0,Interval.in_5_minute,56601600.0
2871,2023-10-18 02:45:00,OANDA:AUDUSD,0.63634,0.63636,0.63628,0.63628,21.0,Interval.in_5_minute,56601900.0
2872,2023-10-18 02:50:00,OANDA:AUDUSD,0.63628,0.63632,0.63624,0.63631,62.0,Interval.in_5_minute,56602200.0
2873,2023-10-18 02:55:00,OANDA:AUDUSD,0.63631,0.63632,0.63623,0.63629,45.0,Interval.in_5_minute,56602500.0
2874,2023-10-18 03:00:00,OANDA:AUDUSD,0.63629,0.63643,0.63624,0.6364,129.0,Interval.in_5_minute,56602800.0
2875,2023-10-18 03:05:00,OANDA:AUDUSD,0.6364,0.63656,0.63638,0.63648,161.0,Interval.in_5_minute,56603100.0
2876,2023-10-18 03:10:00,OANDA:AUDUSD,0.63648,0.63652,0.63621,0.63626,173.0,Interval.in_5_minute,56603400.0
2877,2023-10-18 03:15:00,OANDA:AUDUSD,0.63626,0.6363,0.63598,0.63604,145.0,Interval.in_5_minute,56603700.0
2878,2023-10-18 03:20:00,OANDA:AUDUSD,0.63604,0.63607,0.63587,0.63592,143.0,Interval.in_5_minute,56604000.0
2879,2023-10-18 03:25:00,OANDA:AUDUSD,0.63592,0.63605,0.6359,0.63593,93.0,Interval.in_5_minute,56604300.0
2880,2023-10-18 03:30:00,OANDA:AUDUSD,0.63593,0.63596,0.63574,0.63578,92.0,Interval.in_5_minute,56604600.0
2881,2023-10-18 03:35:00,OANDA:AUDUSD,0.63578,0.63586,0.63566,0.63573,140.0,Interval.in_5_minute,56604900.0
2882,2023-10-18 03:40:00,OANDA:AUDUSD,0.63573,0.63587,0.63564,0.63585,78.0,Interval.in_5_minute,56605200.0
2883,2023-10-18 03:45:00,OANDA:AUDUSD,0.63585,0.63585,0.63572,0.63573,72.0,Interval.in_5_minute,56605500.0
2884,2023-10-18 03:50:00,OANDA:AUDUSD,0.63573,0.63573,0.63528,0.63529,128.0,Interval.in_5_minute,56605800.0
2885,2023-10-18 03:55:00,OANDA:AUDUSD,0.63529,0.63544,0.6352,0.63532,173.0,Interval.in_5_minute,56606100.0
2886,2023-10-18 04:00:00,OANDA:AUDUSD,0.63532,0.63552,0.63512,0.63523,136.0,Interval.in_5_minute,56606400.0
2887,2023-10-18 04:05:00,OANDA:AUDUSD,0.63523,0.63539,0.63517,0.63524,115.0,Interval.in_5_minute,56606700.0
2888,2023-10-18 04:10:00,OANDA:AUDUSD,0.63524,0.63542,0.63519,0.63532,147.0,Interval.in_5_minute,56607000.0
2889,2023-10-18 04:15:00,OANDA:AUDUSD,0.63532,0.63559,0.63518,0.63558,208.0,Interval.in_5_minute,56607300.0
2890,2023-10-18 04:20:00,OANDA:AUDUSD,0.63558,0.63568,0.63522,0.63558,161.0,Interval.in_5_minute,56607600.0
2891,2023-10-18 04:25:00,OANDA:AUDUSD,0.63558,0.63572,0.63545,0.63569,196.0,Interval.in_5_minute,56607900.0
2892,2023-10-18 04:30:00,OANDA:AUDUSD,0.63569,0.63604,0.63569,0.63574,211.0,Interval.in_5_minute,56608200.0
2893,2023-10-18 04:35:00,OANDA:AUDUSD,0.63574,0.63584,0.63554,0.63562,150.0,Interval.in_5_minute,56608500.0
2894,2023-10-18 04:40:00,OANDA:AUDUSD,0.63562,0.6357,0.63549,0.63562,174.0,Interval.in_5_minute,56608800.0
2895,2023-10-18 04:45:00,OANDA:AUDUSD,0.63562,0.63581,0.63556,0.63574,145.0,Interval.in_5_minute,56609100.0
2896,2023-10-18 04:50:00,OANDA:AUDUSD,0.63574,0.63601,0.63568,0.63575,171.0,Interval.in_5_minute,56609400.0
2897,2023-10-18 04:55:00,OANDA:AUDUSD,0.63575,0.63592,0.63568,0.63588,151.0,Interval.in_5_minute,56609700.0
2898,2023-10-18 05:00:00,OANDA:AUDUSD,0.63588,0.63735,0.63588,0.63698,719.0,Interval.in_5_minute,56610000.0
2899,2023-10-18 05:05:00,OANDA:AUDUSD,0.63698,0.63754,0.63692,0.63698,372.0,Interval.in_5_minute,56610300.0
2900,2023-10-18 05:10:00,OANDA:AUDUSD,0.63698,0.63726,0.63691,0.63712,284.0,Interval.in_5_minute,56610600.0
2901,2023-10-18 05:15:00,OANDA:AUDUSD,0.63712,0.63716,0.63695,0.63708,191.0,Interval.in_5_minute,56610900.0
2902,2023-10-18 05:20:00,OANDA:AUDUSD,0.63708,0.63737,0.637,0.63726,235.0,Interval.in_5_minute,56611200.0
2903,2023-10-18 05:25:00,OANDA:AUDUSD,0.63726,0.63762,0.63726,0.6376,152.0,Interval.in_5_minute,56611500.0
2904,2023-10-18 05:30:00,OANDA:AUDUSD,0.6376,0.63793,0.63756,0.63776,230.0,Interval.in_5_minute,56611800.0
2905,2023-10-18 05:35:00,OANDA:AUDUSD,0.63776,0.63776,0.63719,0.63734,185.0,Interval.in_5_minute,56612100.0
2906,2023-10-18 05:40:00,OANDA:AUDUSD,0.63734,0.63736,0.63704,0.63706,169.0,Interval.in_5_minute,56612400.0
2907,2023-10-18 05:45:00,OANDA:AUDUSD,0.63706,0.63756,0.63702,0.63756,171.0,Interval.in_5_minute,56612700.0
2908,2023-10-18 05:50:00,OANDA:AUDUSD,0.63756,0.63776,0.63746,0.63757,128.0,Interval.in_5_minute,56613000.0
2909,2023-10-18 05:55:00,OANDA:AUDUSD,0.63757,0.63757,0.6373,0.63751,124.0,Interval.in_5_minute,56613300.0
2910,2023-10-18 06:00:00,OANDA:AUDUSD,0.63751,0.63777,0.6375,0.63763,125.0,Interval.in_5_minute,56613600.0
2911,2023-10-18 06:05:00,OANDA:AUDUSD,0.63763,0.63802,0.63759,0.63799,172.0,Interval.in_5_minute,56613900.0
2912,2023-10-18 06:10:00,OANDA:AUDUSD,0.63799,0.63816,0.63768,0.63774,198.0,Interval.in_5_minute,56614200.0
2913,2023-10-18 06:15:00,OANDA:AUDUSD,0.63774,0.63774,0.63736,0.63738,151.0,Interval.in_5_minute,56614500.0
2914,2023-10-18 06:20:00,OANDA:AUDUSD,0.63738,0.63742,0.63721,0.63732,110.0,Interval.in_5_minute,56614800.0
2915,2023-10-18 06:25:00,OANDA:AUDUSD,0.63732,0.63734,0.637,0.63729,160.0,Interval.in_5_minute,56615100.0
2916,2023-10-18 06:30:00,OANDA:AUDUSD,0.63729,0.6373,0.6372,0.63726,98.0,Interval.in_5_minute,56615400.0
2917,2023-10-18 06:35:00,OANDA:AUDUSD,0.63726,0.63736,0.63725,0.63733,58.0,Interval.in_5_minute,56615700.0
2918,2023-10-18 06:40:00,OANDA:AUDUSD,0.63733,0.63753,0.6373,0.63744,79.0,Interval.in_5_minute,56616000.0
2919,2023-10-18 06:45:00,OANDA:AUDUSD,0.63744,0.63751,0.63738,0.6374,60.0,Interval.in_5_minute,56616300.0
2920,2023-10-18 06:50:00,OANDA:AUDUSD,0.6374,0.63744,0.63729,0.6373,31.0,Interval.in_5_minute,56616600.0
2921,2023-10-18 06:55:00,OANDA:AUDUSD,0.6373,0.63753,0.6373,0.63752,80.0,Interval.in_5_minute,56616900.0
2922,2023-10-18 07:00:00,OANDA:AUDUSD,0.63752,0.63769,0.63752,0.63756,68.0,Interval.in_5_minute,56617200.0
2923,2023-10-18 07:05:00,OANDA:AUDUSD,0.63756,0.63763,0.63744,0.63754,107.0,Interval.in_5_minute,56617500.0
2924,2023-10-18 07:10:00,OANDA:AUDUSD,0.63754,0.6377,0.63746,0.63756,93.0,Interval.in_5_minute,56617800.0
2925,2023-10-18 07:15:00,OANDA:AUDUSD,0.63756,0.63778,0.63756,0.63777,88.0,Interval.in_5_minute,56618100.0
2926,2023-10-18 07:20:00,OANDA:AUDUSD,0.63777,0.63782,0.63772,0.63776,56.0,Interval.in_5_minute,56618400.0
2927,2023-10-18 07:25:00,OANDA:AUDUSD,0.63776,0.63778,0.63758,0.6376,43.0,Interval.in_5_minute,56618700.0
2928,2023-10-18 07:30:00,OANDA:AUDUSD,0.6376,0.63796,0.6376,0.63796,58.0,Interval.in_5_minute,56619000.0
2929,2023-10-18 07:35:00,OANDA:AUDUSD,0.63796,0.63798,0.63783,0.6379,93.0,Interval.in_5_minute,56619300.0
2930,2023-10-18 07:40:00,OANDA:AUDUSD,0.6379,0.63802,0.6379,0.63795,68.0,Interval.in_5_minute,56619600.0
2931,2023-10-18 07:45:00,OANDA:AUDUSD,0.63795,0.63813,0.63795,0.63806,72.0,Interval.in_5_minute,56619900.0
2932,2023-10-18 07:50:00,OANDA:AUDUSD,0.63806,0.63809,0.63774,0.6378,90.0,Interval.in_5_minute,56620200.0
2933,2023-10-18 07:55:00,OANDA:AUDUSD,0.6378,0.63789,0.63762,0.63774,200.0,Interval.in_5_minute,56620500.0
2934,2023-10-18 08:00:00,OANDA:AUDUSD,0.63774,0.63798,0.63762,0.63788,168.0,Interval.in_5_minute,56620800.0
2935,2023-10-18 08:05:00,OANDA:AUDUSD,0.63788,0.63803,0.63785,0.63802,139.0,Interval.in_5_minute,56621100.0
2936,2023-10-18 08:10:00,OANDA:AUDUSD,0.63802,0.63806,0.63778,0.63784,107.0,Interval.in_5_minute,56621400.0
2937,2023-10-18 08:15:00,OANDA:AUDUSD,0.63784,0.63824,0.63782,0.63824,88.0,Interval.in_5_minute,56621700.0
2938,2023-10-18 08:20:00,OANDA:AUDUSD,0.63824,0.63837,0.63812,0.63829,117.0,Interval.in_5_minute,56622000.0
2939,2023-10-18 08:25:00,OANDA:AUDUSD,0.63829,0.63846,0.63808,0.63827,120.0,Interval.in_5_minute,56622300.0
2940,2023-10-18 08:30:00,OANDA:AUDUSD,0.63827,0.6384,0.63818,0.63822,180.0,Interval.in_5_minute,56622600.0
2941,2023-10-18 08:35:00,OANDA:AUDUSD,0.63822,0.63858,0.63822,0.63848,138.0,Interval.in_5_minute,56622900.0
2942,2023-10-18 08:40:00,OANDA:AUDUSD,0.63848,0.63854,0.63834,0.63845,124.0,Interval.in_5_minute,56623200.0
2943,2023-10-18 08:45:00,OANDA:AUDUSD,0.63845,0.6387,0.63843,0.63858,136.0,Interval.in_5_minute,56623500.0
2944,2023-10-18 08:50:00,OANDA:AUDUSD,0.63858,0.6388,0.63854,0.63858,151.0,Interval.in_5_minute,56623800.0
2945,2023-10-18 08:55:00,OANDA:AUDUSD,0.63858,0.63862,0.63838,0.63846,107.0,Interval.in_5_minute,56624100.0
2946,2023-10-18 09:00:00,OANDA:AUDUSD,0.63846,0.63871,0.63828,0.63841,205.0,Interval.in_5_minute,56624400.0
2947,2023-10-18 09:05:00,OANDA:AUDUSD,0.63841,0.63896,0.63841,0.6388,142.0,Interval.in_5_minute,56624700.0
2948,2023-10-18 09:10:00,OANDA:AUDUSD,0.6388,0.63934,0.6388,0.63908,170.0,Interval.in_5_minute,56625000.0
2949,2023-10-18 09:15:00,OANDA:AUDUSD,0.63908,0.63912,0.63884,0.63884,113.0,Interval.in_5_minute,56625300.0
2950,2023-10-18 09:20:00,OANDA:AUDUSD,0.63884,0.63897,0.63876,0.63884,205.0,Interval.in_5_minute,56625600.0
2951,2023-10-18 09:25:00,OANDA:AUDUSD,0.63884,0.63907,0.63878,0.63898,161.0,Interval.in_5_minute,56625900.0
2952,2023-10-18 09:30:00,OANDA:AUDUSD,0.63898,0.63908,0.63884,0.63899,160.0,Interval.in_5_minute,56626200.0
2953,2023-10-18 09:35:00,OANDA:AUDUSD,0.63899,0.63928,0.6388,0.6389,229.0,Interval.in_5_minute,56626500.0
2954,2023-10-18 09:40:00,OANDA:AUDUSD,0.6389,0.63898,0.63862,0.63867,203.0,Interval.in_5_minute,56626800.0
2955,2023-10-18 09:45:00,OANDA:AUDUSD,0.63867,0.63878,0.63862,0.63876,200.0,Interval.in_5_minute,56627100.0
2956,2023-10-18 09:50:00,OANDA:AUDUSD,0.63876,0.6388,0.63866,0.63873,171.0,Interval.in_5_minute,56627400.0
2957,2023-10-18 09:55:00,OANDA:AUDUSD,0.63873,0.63873,0.63834,0.63856,204.0,Interval.in_5_minute,56627700.0
2958,2023-10-18 10:00:00,OANDA:AUDUSD,0.63856,0.63876,0.63838,0.63842,232.0,Interval.in_5_minute,56628000.0
2959,2023-10-18 10:05:00,OANDA:AUDUSD,0.63842,0.63856,0.63818,0.63854,230.0,Interval.in_5_minute,56628300.0
2960,2023-10-18 10:10:00,OANDA:AUDUSD,0.63854,0.63855,0.63816,0.63842,221.0,Interval.in_5_minute,56628600.0
2961,2023-10-18 10:15:00,OANDA:AUDUSD,0.63842,0.63842,0.63818,0.63822,213.0,Interval.in_5_minute,56628900.0
2962,2023-10-18 10:20:00,OANDA:AUDUSD,0.63822,0.6384,0.63798,0.63802,204.0,Interval.in_5_minute,56629200.0
2963,2023-10-18 10:25:00,OANDA:AUDUSD,0.63802,0.6382,0.63798,0.6382,153.0,Interval.in_5_minute,56629500.0
2964,2023-10-18 10:30:00,OANDA:AUDUSD,0.6382,0.63876,0.63817,0.63872,194.0,Interval.in_5_minute,56629800.0
2965,2023-10-18 10:35:00,OANDA:AUDUSD,0.63872,0.6388,0.63849,0.63872,142.0,Interval.in_5_minute,56630100.0
2966,2023-10-18 10:40:00,OANDA:AUDUSD,0.63872,0.63884,0.6386,0.63874,108.0,Interval.in_5_minute,56630400.0
2967,2023-10-18 10:45:00,OANDA:AUDUSD,0.63874,0.63874,0.63832,0.63833,176.0,Interval.in_5_minute,56630700.0
2968,2023-10-18 10:50:00,OANDA:AUDUSD,0.63833,0.63833,0.63802,0.6381,186.0,Interval.in_5_minute,56631000.0
2969,2023-10-18 10:55:00,OANDA:AUDUSD,0.6381,0.63834,0.63809,0.6382,136.0,Interval.in_5_minute,56631300.0
2970,2023-10-18 11:00:00,OANDA:AUDUSD,0.6382,0.63832,0.63801,0.63806,220.0,Interval.in_5_minute,56631600.0
2971,2023-10-18 11:05:00,OANDA:AUDUSD,0.63806,0.63806,0.63746,0.63756,123.0,Interval.in_5_minute,56631900.0
2972,2023-10-18 11:10:00,OANDA:AUDUSD,0.63756,0.63788,0.63756,0.63772,134.0,Interval.in_5_minute,56632200.0
2973,2023-10-18 11:15:00,OANDA:AUDUSD,0.63772,0.63776,0.63756,0.6377,206.0,Interval.in_5_minute,56632500.0
2974,2023-10-18 11:20:00,OANDA:AUDUSD,0.6377,0.63796,0.63768,0.63792,177.0,Interval.in_5_minute,56632800.0
2975,2023-10-18 11:25:00,OANDA:AUDUSD,0.63792,0.63796,0.63758,0.63773,181.0,Interval.in_5_minute,56633100.0
2976,2023-10-18 11:30:00,OANDA:AUDUSD,0.63773,0.63798,0.63772,0.63796,103.0,Interval.in_5_minute,56633400.0
2977,2023-10-18 11:35:00,OANDA:AUDUSD,0.63796,0.63824,0.63772,0.6382,188.0,Interval.in_5_minute,56633700.0
2978,2023-10-18 11:40:00,OANDA:AUDUSD,0.6382,0.63828,0.63804,0.63818,193.0,Interval.in_5_minute,56634000.0
2979,2023-10-18 11:45:00,OANDA:AUDUSD,0.63818,0.6384,0.63814,0.63836,167.0,Interval.in_5_minute,56634300.0
2980,2023-10-18 11:50:00,OANDA:AUDUSD,0.63836,0.6384,0.63826,0.6383,141.0,Interval.in_5_minute,56634600.0
2981,2023-10-18 11:55:00,OANDA:AUDUSD,0.6383,0.63836,0.63813,0.63818,65.0,Interval.in_5_minute,56634900.0
2982,2023-10-18 12:00:00,OANDA:AUDUSD,0.63818,0.63824,0.638,0.63813,95.0,Interval.in_5_minute,56635200.0
2983,2023-10-18 12:05:00,OANDA:AUDUSD,0.63813,0.63834,0.6381,0.63828,179.0,Interval.in_5_minute,56635500.0
2984,2023-10-18 12:10:00,OANDA:AUDUSD,0.63828,0.63844,0.6382,0.63822,117.0,Interval.in_5_minute,56635800.0
2985,2023-10-18 12:15:00,OANDA:AUDUSD,0.63822,0.63837,0.63804,0.63828,186.0,Interval.in_5_minute,56636100.0
2986,2023-10-18 12:20:00,OANDA:AUDUSD,0.63828,0.63836,0.63815,0.63815,152.0,Interval.in_5_minute,56636400.0
2987,2023-10-18 12:25:00,OANDA:AUDUSD,0.63815,0.63818,0.63786,0.63807,158.0,Interval.in_5_minute,56636700.0
2988,2023-10-18 12:30:00,OANDA:AUDUSD,0.63807,0.63827,0.638,0.63821,174.0,Interval.in_5_minute,56637000.0
2989,2023-10-18 12:35:00,OANDA:AUDUSD,0.63821,0.63832,0.63805,0.63806,184.0,Interval.in_5_minute,56637300.0
2990,2023-10-18 12:40:00,OANDA:AUDUSD,0.63806,0.63806,0.63777,0.63778,175.0,Interval.in_5_minute,56637600.0
2991,2023-10-18 12:45:00,OANDA:AUDUSD,0.63778,0.63782,0.63762,0.63782,133.0,Interval.in_5_minute,56637900.0
2992,2023-10-18 12:50:00,OANDA:AUDUSD,0.63782,0.63782,0.63754,0.63776,145.0,Interval.in_5_minute,56638200.0
2993,2023-10-18 12:55:00,OANDA:AUDUSD,0.63776,0.63784,0.63772,0.63774,124.0,Interval.in_5_minute,56638500.0
2994,2023-10-18 13:00:00,OANDA:AUDUSD,0.63774,0.63778,0.63746,0.63746,185.0,Interval.in_5_minute,56638800.0
2995,2023-10-18 13:05:00,OANDA:AUDUSD,0.63746,0.63746,0.6373,0.63731,208.0,Interval.in_5_minute,56639100.0
2996,2023-10-18 13:10:00,OANDA:AUDUSD,0.63731,0.63734,0.6367,0.63676,176.0,Interval.in_5_minute,56639400.0
2997,2023-10-18 13:15:00,OANDA:AUDUSD,0.63676,0.63709,0.63666,0.63702,194.0,Interval.in_5_minute,56639700.0
2998,2023-10-18 13:20:00,OANDA:AUDUSD,0.63702,0.63702,0.63676,0.6369,198.0,Interval.in_5_minute,56640000.0
2999,2023-10-18 13:25:00,OANDA:AUDUSD,0.6369,0.63703,0.6365,0.63675,159.0,Interval.in_5_minute,56640300.0
3000,2023-10-18 13:30:00,OANDA:AUDUSD,0.63675,0.63681,0.63656,0.6368,216.0,Interval.in_5_minute,56640600.0
3001,2023-10-18 13:35:00,OANDA:AUDUSD,0.6368,0.63698,0.63668,0.63681,158.0,Interval.in_5_minute,56640900.0
3002,2023-10-18 13:40:00,OANDA:AUDUSD,0.63681,0.63686,0.63666,0.63682,191.0,Interval.in_5_minute,56641200.0
3003,2023-10-18 13:45:00,OANDA:AUDUSD,0.63682,0.63698,0.63678,0.63698,179.0,Interval.in_5_minute,56641500.0
3004,2023-10-18 13:50:00,OANDA:AUDUSD,0.63698,0.63706,0.63688,0.63698,166.0,Interval.in_5_minute,56641800.0
3005,2023-10-18 13:55:00,OANDA:AUDUSD,0.63698,0.63712,0.63685,0.63705,177.0,Interval.in_5_minute,56642100.0
3006,2023-10-18 14:00:00,OANDA:AUDUSD,0.63705,0.63719,0.63694,0.63706,223.0,Interval.in_5_minute,56642400.0
3007,2023-10-18 14:05:00,OANDA:AUDUSD,0.63706,0.63728,0.63706,0.63717,95.0,Interval.in_5_minute,56642700.0
3008,2023-10-18 14:10:00,OANDA:AUDUSD,0.63717,0.6372,0.63695,0.63697,139.0,Interval.in_5_minute,56643000.0
3009,2023-10-18 14:15:00,OANDA:AUDUSD,0.63697,0.63702,0.6368,0.63686,146.0,Interval.in_5_minute,56643300.0
3010,2023-10-18 14:20:00,OANDA:AUDUSD,0.63686,0.63688,0.63664,0.63664,117.0,Interval.in_5_minute,56643600.0
3011,2023-10-18 14:25:00,OANDA:AUDUSD,0.63664,0.63707,0.63664,0.63696,120.0,Interval.in_5_minute,56643900.0
3012,2023-10-18 14:30:00,OANDA:AUDUSD,0.63696,0.6373,0.63691,0.63718,180.0,Interval.in_5_minute,56644200.0
3013,2023-10-18 14:35:00,OANDA:AUDUSD,0.63718,0.63736,0.63712,0.63717,147.0,Interval.in_5_minute,56644500.0
3014,2023-10-18 14:40:00,OANDA:AUDUSD,0.63717,0.63717,0.63684,0.63694,139.0,Interval.in_5_minute,56644800.0
3015,2023-10-18 14:45:00,OANDA:AUDUSD,0.63694,0.63702,0.63678,0.63688,178.0,Interval.in_5_minute,56645100.0
3016,2023-10-18 14:50:00,OANDA:AUDUSD,0.63688,0.63718,0.63686,0.63698,119.0,Interval.in_5_minute,56645400.0
3017,2023-10-18 14:55:00,OANDA:AUDUSD,0.63698,0.63708,0.63668,0.63681,103.0,Interval.in_5_minute,56645700.0
3018,2023-10-18 15:00:00,OANDA:AUDUSD,0.63681,0.63693,0.63667,0.63678,253.0,Interval.in_5_minute,56646000.0
3019,2023-10-18 15:05:00,OANDA:AUDUSD,0.63678,0.63698,0.6366,0.63698,175.0,Interval.in_5_minute,56646300.0
3020,2023-10-18 15:10:00,OANDA:AUDUSD,0.63698,0.63698,0.63663,0.63684,266.0,Interval.in_5_minute,56646600.0
3021,2023-10-18 15:15:00,OANDA:AUDUSD,0.63684,0.63708,0.6368,0.63708,208.0,Interval.in_5_minute,56646900.0
3022,2023-10-18 15:20:00,OANDA:AUDUSD,0.63708,0.63712,0.6367,0.6367,216.0,Interval.in_5_minute,56647200.0
3023,2023-10-18 15:25:00,OANDA:AUDUSD,0.6367,0.63689,0.63633,0.63638,216.0,Interval.in_5_minute,56647500.0
3024,2023-10-18 15:30:00,OANDA:AUDUSD,0.63638,0.63652,0.63612,0.63619,243.0,Interval.in_5_minute,56647800.0
3025,2023-10-18 15:35:00,OANDA:AUDUSD,0.63619,0.63649,0.63608,0.63613,275.0,Interval.in_5_minute,56648100.0
3026,2023-10-18 15:40:00,OANDA:AUDUSD,0.63613,0.63617,0.63575,0.63582,403.0,Interval.in_5_minute,56648400.0
3027,2023-10-18 15:45:00,OANDA:AUDUSD,0.63582,0.63588,0.63552,0.63576,296.0,Interval.in_5_minute,56648700.0
3028,2023-10-18 15:50:00,OANDA:AUDUSD,0.63576,0.63609,0.63568,0.63604,178.0,Interval.in_5_minute,56649000.0
3029,2023-10-18 15:55:00,OANDA:AUDUSD,0.63604,0.63618,0.6359,0.6361,218.0,Interval.in_5_minute,56649300.0
3030,2023-10-18 16:00:00,OANDA:AUDUSD,0.6361,0.6363,0.63606,0.63618,305.0,Interval.in_5_minute,56649600.0
3031,2023-10-18 16:05:00,OANDA:AUDUSD,0.63618,0.63642,0.63616,0.63636,176.0,Interval.in_5_minute,56649900.0
3032,2023-10-18 16:10:00,OANDA:AUDUSD,0.63636,0.63644,0.63609,0.63644,159.0,Interval.in_5_minute,56650200.0
3033,2023-10-18 16:15:00,OANDA:AUDUSD,0.63644,0.63644,0.63626,0.63632,137.0,Interval.in_5_minute,56650500.0
3034,2023-10-18 16:20:00,OANDA:AUDUSD,0.63632,0.6364,0.63624,0.63626,193.0,Interval.in_5_minute,56650800.0
3035,2023-10-18 16:25:00,OANDA:AUDUSD,0.63626,0.63634,0.63602,0.63625,233.0,Interval.in_5_minute,56651100.0
3036,2023-10-18 16:30:00,OANDA:AUDUSD,0.63625,0.63638,0.63608,0.63622,389.0,Interval.in_5_minute,56651400.0
3037,2023-10-18 16:35:00,OANDA:AUDUSD,0.63622,0.6363,0.63602,0.63622,346.0,Interval.in_5_minute,56651700.0
3038,2023-10-18 16:40:00,OANDA:AUDUSD,0.63622,0.63632,0.6357,0.63588,425.0,Interval.in_5_minute,56652000.0
3039,2023-10-18 16:45:00,OANDA:AUDUSD,0.63588,0.6362,0.6358,0.63596,285.0,Interval.in_5_minute,56652300.0
3040,2023-10-18 16:50:00,OANDA:AUDUSD,0.63596,0.63602,0.63562,0.63568,248.0,Interval.in_5_minute,56652600.0
3041,2023-10-18 16:55:00,OANDA:AUDUSD,0.63568,0.63578,0.63553,0.6356,282.0,Interval.in_5_minute,56652900.0
3042,2023-10-18 17:00:00,OANDA:AUDUSD,0.6356,0.63568,0.63529,0.63542,453.0,Interval.in_5_minute,56653200.0
3043,2023-10-18 17:05:00,OANDA:AUDUSD,0.63542,0.636,0.6354,0.63578,391.0,Interval.in_5_minute,56653500.0
3044,2023-10-18 17:10:00,OANDA:AUDUSD,0.63578,0.63588,0.63549,0.63564,392.0,Interval.in_5_minute,56653800.0
3045,2023-10-18 17:15:00,OANDA:AUDUSD,0.63564,0.6361,0.63547,0.6361,342.0,Interval.in_5_minute,56654100.0
3046,2023-10-18 17:20:00,OANDA:AUDUSD,0.6361,0.6362,0.63578,0.6359,303.0,Interval.in_5_minute,56654400.0
3047,2023-10-18 17:25:00,OANDA:AUDUSD,0.6359,0.6359,0.63507,0.6351,444.0,Interval.in_5_minute,56654700.0
3048,2023-10-18 17:30:00,OANDA:AUDUSD,0.6351,0.63528,0.63454,0.6346,317.0,Interval.in_5_minute,56655000.0
3049,2023-10-18 17:35:00,OANDA:AUDUSD,0.6346,0.63468,0.63398,0.63414,322.0,Interval.in_5_minute,56655300.0
3050,2023-10-18 17:40:00,OANDA:AUDUSD,0.63414,0.63421,0.63374,0.63414,419.0,Interval.in_5_minute,56655600.0
3051,2023-10-18 17:45:00,OANDA:AUDUSD,0.63414,0.6343,0.63372,0.63396,414.0,Interval.in_5_minute,56655900.0
3052,2023-10-18 17:50:00,OANDA:AUDUSD,0.63396,0.6342,0.63374,0.63412,434.0,Interval.in_5_minute,56656200.0
3053,2023-10-18 17:55:00,OANDA:AUDUSD,0.63412,0.63443,0.63408,0.63422,372.0,Interval.in_5_minute,56656500.0
3054,2023-10-18 18:00:00,OANDA:AUDUSD,0.63422,0.6345,0.63416,0.63445,246.0,Interval.in_5_minute,56656800.0
3055,2023-10-18 18:05:00,OANDA:AUDUSD,0.63445,0.63445,0.63384,0.63385,234.0,Interval.in_5_minute,56657100.0
3056,2023-10-18 18:10:00,OANDA:AUDUSD,0.63385,0.63388,0.63358,0.6337,334.0,Interval.in_5_minute,56657400.0
3057,2023-10-18 18:15:00,OANDA:AUDUSD,0.6337,0.63416,0.63368,0.63398,242.0,Interval.in_5_minute,56657700.0
3058,2023-10-18 18:20:00,OANDA:AUDUSD,0.63398,0.63398,0.63373,0.63384,298.0,Interval.in_5_minute,56658000.0
3059,2023-10-18 18:25:00,OANDA:AUDUSD,0.63384,0.63402,0.63378,0.6339,302.0,Interval.in_5_minute,56658300.0
3060,2023-10-18 18:30:00,OANDA:AUDUSD,0.6339,0.63406,0.63375,0.63399,214.0,Interval.in_5_minute,56658600.0
3061,2023-10-18 18:35:00,OANDA:AUDUSD,0.63399,0.63403,0.63374,0.63374,201.0,Interval.in_5_minute,56658900.0
3062,2023-10-18 18:40:00,OANDA:AUDUSD,0.63374,0.63389,0.63354,0.63368,212.0,Interval.in_5_minute,56659200.0
3063,2023-10-18 18:45:00,OANDA:AUDUSD,0.63368,0.63383,0.63362,0.63369,268.0,Interval.in_5_minute,56659500.0
3064,2023-10-18 18:50:00,OANDA:AUDUSD,0.63369,0.63379,0.63354,0.63357,232.0,Interval.in_5_minute,56659800.0
3065,2023-10-18 18:55:00,OANDA:AUDUSD,0.63357,0.6338,0.63342,0.63346,196.0,Interval.in_5_minute,56660100.0
3066,2023-10-18 19:00:00,OANDA:AUDUSD,0.63346,0.63367,0.63322,0.63358,301.0,Interval.in_5_minute,56660400.0
3067,2023-10-18 19:05:00,OANDA:AUDUSD,0.63358,0.63362,0.63323,0.63344,198.0,Interval.in_5_minute,56660700.0
3068,2023-10-18 19:10:00,OANDA:AUDUSD,0.63344,0.63354,0.63334,0.63334,208.0,Interval.in_5_minute,56661000.0
3069,2023-10-18 19:15:00,OANDA:AUDUSD,0.63334,0.63336,0.6329,0.6329,214.0,Interval.in_5_minute,56661300.0
3070,2023-10-18 19:20:00,OANDA:AUDUSD,0.6329,0.63308,0.63281,0.63304,179.0,Interval.in_5_minute,56661600.0
3071,2023-10-18 19:25:00,OANDA:AUDUSD,0.63304,0.63324,0.63304,0.63312,172.0,Interval.in_5_minute,56661900.0
3072,2023-10-18 19:30:00,OANDA:AUDUSD,0.63312,0.63323,0.63298,0.63306,178.0,Interval.in_5_minute,56662200.0
3073,2023-10-18 19:35:00,OANDA:AUDUSD,0.63306,0.63322,0.63298,0.63304,204.0,Interval.in_5_minute,56662500.0
3074,2023-10-18 19:40:00,OANDA:AUDUSD,0.63304,0.63339,0.63304,0.63334,161.0,Interval.in_5_minute,56662800.0
3075,2023-10-18 19:45:00,OANDA:AUDUSD,0.63334,0.63364,0.63329,0.63354,186.0,Interval.in_5_minute,56663100.0
3076,2023-10-18 19:50:00,OANDA:AUDUSD,0.63354,0.63354,0.63328,0.63336,171.0,Interval.in_5_minute,56663400.0
3077,2023-10-18 19:55:00,OANDA:AUDUSD,0.63336,0.63354,0.63334,0.63346,154.0,Interval.in_5_minute,56663700.0
3078,2023-10-18 20:00:00,OANDA:AUDUSD,0.63346,0.63452,0.63331,0.6345,458.0,Interval.in_5_minute,56664000.0
3079,2023-10-18 20:05:00,OANDA:AUDUSD,0.6345,0.63471,0.6343,0.63464,339.0,Interval.in_5_minute,56664300.0
3080,2023-10-18 20:10:00,OANDA:AUDUSD,0.63464,0.63522,0.63458,0.63517,381.0,Interval.in_5_minute,56664600.0
3081,2023-10-18 20:15:00,OANDA:AUDUSD,0.63517,0.63548,0.63512,0.63526,331.0,Interval.in_5_minute,56664900.0
3082,2023-10-18 20:20:00,OANDA:AUDUSD,0.63526,0.63532,0.63504,0.63522,306.0,Interval.in_5_minute,56665200.0
3083,2023-10-18 20:25:00,OANDA:AUDUSD,0.63522,0.6353,0.63498,0.63512,271.0,Interval.in_5_minute,56665500.0
3084,2023-10-18 20:30:00,OANDA:AUDUSD,0.63512,0.63512,0.63467,0.63486,225.0,Interval.in_5_minute,56665800.0
3085,2023-10-18 20:35:00,OANDA:AUDUSD,0.63486,0.63499,0.63462,0.63468,317.0,Interval.in_5_minute,56666100.0
3086,2023-10-18 20:40:00,OANDA:AUDUSD,0.63468,0.63488,0.63466,0.63484,235.0,Interval.in_5_minute,56666400.0
3087,2023-10-18 20:45:00,OANDA:AUDUSD,0.63484,0.63495,0.63466,0.6349,223.0,Interval.in_5_minute,56666700.0
3088,2023-10-18 20:50:00,OANDA:AUDUSD,0.6349,0.63514,0.63488,0.63498,256.0,Interval.in_5_minute,56667000.0
3089,2023-10-18 20:55:00,OANDA:AUDUSD,0.63498,0.63522,0.63494,0.63504,199.0,Interval.in_5_minute,56667300.0
3090,2023-10-18 21:00:00,OANDA:AUDUSD,0.63504,0.6351,0.63474,0.63482,238.0,Interval.in_5_minute,56667600.0
3091,2023-10-18 21:05:00,OANDA:AUDUSD,0.63482,0.63512,0.63476,0.63507,191.0,Interval.in_5_minute,56667900.0
3092,2023-10-18 21:10:00,OANDA:AUDUSD,0.63507,0.63509,0.63488,0.63495,161.0,Interval.in_5_minute,56668200.0
3093,2023-10-18 21:15:00,OANDA:AUDUSD,0.63495,0.63496,0.63458,0.63464,136.0,Interval.in_5_minute,56668500.0
3094,2023-10-18 21:20:00,OANDA:AUDUSD,0.63464,0.63479,0.6346,0.6347,164.0,Interval.in_5_minute,56668800.0
3095,2023-10-18 21:25:00,OANDA:AUDUSD,0.6347,0.6347,0.63422,0.63448,198.0,Interval.in_5_minute,56669100.0
3096,2023-10-18 21:30:00,OANDA:AUDUSD,0.63448,0.6347,0.63444,0.63451,183.0,Interval.in_5_minute,56669400.0
3097,2023-10-18 21:35:00,OANDA:AUDUSD,0.63451,0.63451,0.63409,0.63412,211.0,Interval.in_5_minute,56669700.0
3098,2023-10-18 21:40:00,OANDA:AUDUSD,0.63412,0.63417,0.63392,0.63408,192.0,Interval.in_5_minute,56670000.0
3099,2023-10-18 21:45:00,OANDA:AUDUSD,0.63408,0.63408,0.6339,0.6339,186.0,Interval.in_5_minute,56670300.0
3100,2023-10-18 21:50:00,OANDA:AUDUSD,0.6339,0.63393,0.63372,0.63376,185.0,Interval.in_5_minute,56670600.0
3101,2023-10-18 21:55:00,OANDA:AUDUSD,0.63376,0.63394,0.6337,0.63372,119.0,Interval.in_5_minute,56670900.0
3102,2023-10-18 22:00:00,OANDA:AUDUSD,0.63372,0.63376,0.63339,0.63341,174.0,Interval.in_5_minute,56671200.0
3103,2023-10-18 22:05:00,OANDA:AUDUSD,0.63341,0.63346,0.6333,0.63337,154.0,Interval.in_5_minute,56671500.0
3104,2023-10-18 22:10:00,OANDA:AUDUSD,0.63337,0.63365,0.63336,0.6336,128.0,Interval.in_5_minute,56671800.0
3105,2023-10-18 22:15:00,OANDA:AUDUSD,0.6336,0.63379,0.63358,0.63369,112.0,Interval.in_5_minute,56672100.0
3106,2023-10-18 22:20:00,OANDA:AUDUSD,0.63369,0.63378,0.63362,0.63378,131.0,Interval.in_5_minute,56672400.0
3107,2023-10-18 22:25:00,OANDA:AUDUSD,0.63378,0.63379,0.63354,0.63357,81.0,Interval.in_5_minute,56672700.0
3108,2023-10-18 22:30:00,OANDA:AUDUSD,0.63357,0.63375,0.63352,0.63369,109.0,Interval.in_5_minute,56673000.0
3109,2023-10-18 22:35:00,OANDA:AUDUSD,0.63369,0.63376,0.63364,0.63368,128.0,Interval.in_5_minute,56673300.0
3110,2023-10-18 22:40:00,OANDA:AUDUSD,0.63368,0.63371,0.63363,0.63364,88.0,Interval.in_5_minute,56673600.0
3111,2023-10-18 22:45:00,OANDA:AUDUSD,0.63364,0.63364,0.63339,0.63344,186.0,Interval.in_5_minute,56673900.0
3112,2023-10-18 22:50:00,OANDA:AUDUSD,0.63344,0.6336,0.63344,0.6336,121.0,Interval.in_5_minute,56674200.0
3113,2023-10-18 22:55:00,OANDA:AUDUSD,0.6336,0.63374,0.6336,0.63364,176.0,Interval.in_5_minute,56674500.0
3114,2023-10-18 23:00:00,OANDA:AUDUSD,0.63364,0.63374,0.63358,0.63358,168.0,Interval.in_5_minute,56674800.0
3115,2023-10-18 23:05:00,OANDA:AUDUSD,0.63358,0.63371,0.63358,0.63366,109.0,Interval.in_5_minute,56675100.0
3116,2023-10-18 23:10:00,OANDA:AUDUSD,0.63366,0.63368,0.63363,0.63368,35.0,Interval.in_5_minute,56675400.0
3117,2023-10-18 23:15:00,OANDA:AUDUSD,0.63368,0.6337,0.63357,0.63357,35.0,Interval.in_5_minute,56675700.0
3118,2023-10-18 23:20:00,OANDA:AUDUSD,0.63357,0.6337,0.63357,0.6337,35.0,Interval.in_5_minute,56676000.0
3119,2023-10-18 23:25:00,OANDA:AUDUSD,0.6337,0.63383,0.63369,0.63372,28.0,Interval.in_5_minute,56676300.0
3120,2023-10-18 23:30:00,OANDA:AUDUSD,0.63372,0.63374,0.63367,0.63368,18.0,Interval.in_5_minute,56676600.0
3121,2023-10-18 23:35:00,OANDA:AUDUSD,0.63368,0.63368,0.63354,0.63354,33.0,Interval.in_5_minute,56676900.0
3122,2023-10-18 23:40:00,OANDA:AUDUSD,0.63354,0.63362,0.63352,0.6336,42.0,Interval.in_5_minute,56677200.0
3123,2023-10-18 23:45:00,OANDA:AUDUSD,0.6336,0.63366,0.6336,0.63364,36.0,Interval.in_5_minute,56677500.0
3124,2023-10-18 23:50:00,OANDA:AUDUSD,0.63364,0.6337,0.63364,0.63368,29.0,Interval.in_5_minute,56677800.0
3125,2023-10-18 23:55:00,OANDA:AUDUSD,0.63368,0.63368,0.6336,0.63364,98.0,Interval.in_5_minute,56678100.0
3126,2023-10-19 00:00:00,OANDA:AUDUSD,0.63364,0.63364,0.6333,0.63347,23.0,Interval.in_5_minute,56678400.0
3127,2023-10-19 00:05:00,OANDA:AUDUSD,0.63347,0.63348,0.63332,0.63345,37.0,Interval.in_5_minute,56678700.0
3128,2023-10-19 00:10:00,OANDA:AUDUSD,0.63345,0.63358,0.63345,0.63356,7.0,Interval.in_5_minute,56679000.0
3129,2023-10-19 00:15:00,OANDA:AUDUSD,0.63356,0.6336,0.63355,0.63359,15.0,Interval.in_5_minute,56679300.0
3130,2023-10-19 00:20:00,OANDA:AUDUSD,0.63359,0.6336,0.6335,0.63354,62.0,Interval.in_5_minute,56679600.0
3131,2023-10-19 00:25:00,OANDA:AUDUSD,0.63354,0.63356,0.63354,0.63356,1.0,Interval.in_5_minute,56679900.0
3132,2023-10-19 00:30:00,OANDA:AUDUSD,0.63356,0.6338,0.63354,0.63371,254.0,Interval.in_5_minute,56680200.0
3133,2023-10-19 00:35:00,OANDA:AUDUSD,0.63371,0.63373,0.63348,0.6335,64.0,Interval.in_5_minute,56680500.0
3134,2023-10-19 00:40:00,OANDA:AUDUSD,0.6335,0.63398,0.63348,0.63358,332.0,Interval.in_5_minute,56680800.0
3135,2023-10-19 00:45:00,OANDA:AUDUSD,0.63358,0.63372,0.63356,0.63364,43.0,Interval.in_5_minute,56681100.0
3136,2023-10-19 00:50:00,OANDA:AUDUSD,0.63364,0.63368,0.63354,0.63358,35.0,Interval.in_5_minute,56681400.0
3137,2023-10-19 00:55:00,OANDA:AUDUSD,0.63358,0.63364,0.63356,0.63358,35.0,Interval.in_5_minute,56681700.0
3138,2023-10-19 01:00:00,OANDA:AUDUSD,0.63358,0.63374,0.63356,0.6337,67.0,Interval.in_5_minute,56682000.0
3139,2023-10-19 01:05:00,OANDA:AUDUSD,0.6337,0.63376,0.63365,0.63376,37.0,Interval.in_5_minute,56682300.0
3140,2023-10-19 01:10:00,OANDA:AUDUSD,0.63376,0.6339,0.63376,0.63388,57.0,Interval.in_5_minute,56682600.0
3141,2023-10-19 01:15:00,OANDA:AUDUSD,0.63388,0.63388,0.63374,0.63374,38.0,Interval.in_5_minute,56682900.0
3142,2023-10-19 01:20:00,OANDA:AUDUSD,0.63374,0.6338,0.63366,0.6337,45.0,Interval.in_5_minute,56683200.0
3143,2023-10-19 01:25:00,OANDA:AUDUSD,0.6337,0.63378,0.6337,0.63378,10.0,Interval.in_5_minute,56683500.0
3144,2023-10-19 01:30:00,OANDA:AUDUSD,0.63378,0.63378,0.63372,0.63372,46.0,Interval.in_5_minute,56683800.0
3145,2023-10-19 01:35:00,OANDA:AUDUSD,0.63372,0.63372,0.6336,0.6336,12.0,Interval.in_5_minute,56684100.0
3146,2023-10-19 01:40:00,OANDA:AUDUSD,0.6336,0.63361,0.63346,0.63348,19.0,Interval.in_5_minute,56684400.0
3147,2023-10-19 01:45:00,OANDA:AUDUSD,0.63348,0.63348,0.63343,0.63346,30.0,Interval.in_5_minute,56684700.0
3148,2023-10-19 01:50:00,OANDA:AUDUSD,0.63346,0.6335,0.63334,0.63335,28.0,Interval.in_5_minute,56685000.0
3149,2023-10-19 01:55:00,OANDA:AUDUSD,0.63335,0.63335,0.633,0.63304,76.0,Interval.in_5_minute,56685300.0
3150,2023-10-19 02:00:00,OANDA:AUDUSD,0.63304,0.63326,0.63304,0.63326,49.0,Interval.in_5_minute,56685600.0
3151,2023-10-19 02:05:00,OANDA:AUDUSD,0.63326,0.63326,0.63312,0.63314,25.0,Interval.in_5_minute,56685900.0
3152,2023-10-19 02:10:00,OANDA:AUDUSD,0.63314,0.63322,0.63312,0.63322,44.0,Interval.in_5_minute,56686200.0
3153,2023-10-19 02:15:00,OANDA:AUDUSD,0.63322,0.63326,0.63318,0.63322,33.0,Interval.in_5_minute,56686500.0
3154,2023-10-19 02:20:00,OANDA:AUDUSD,0.63322,0.63325,0.63315,0.63316,33.0,Interval.in_5_minute,56686800.0
3155,2023-10-19 02:25:00,OANDA:AUDUSD,0.63316,0.6332,0.63314,0.63314,6.0,Interval.in_5_minute,56687100.0
3156,2023-10-19 02:30:00,OANDA:AUDUSD,0.63314,0.63326,0.63314,0.63326,71.0,Interval.in_5_minute,56687400.0
3157,2023-10-19 02:35:00,OANDA:AUDUSD,0.63326,0.63326,0.63302,0.63304,83.0,Interval.in_5_minute,56687700.0
3158,2023-10-19 02:40:00,OANDA:AUDUSD,0.63304,0.63305,0.63296,0.63298,66.0,Interval.in_5_minute,56688000.0
3159,2023-10-19 02:45:00,OANDA:AUDUSD,0.63298,0.6332,0.6329,0.63312,85.0,Interval.in_5_minute,56688300.0
3160,2023-10-19 02:50:00,OANDA:AUDUSD,0.63312,0.63316,0.63305,0.63314,43.0,Interval.in_5_minute,56688600.0
3161,2023-10-19 02:55:00,OANDA:AUDUSD,0.63314,0.63332,0.63314,0.63332,41.0,Interval.in_5_minute,56688900.0
3162,2023-10-19 03:00:00,OANDA:AUDUSD,0.63332,0.63354,0.63328,0.6333,189.0,Interval.in_5_minute,56689200.0
3163,2023-10-19 03:05:00,OANDA:AUDUSD,0.6333,0.6336,0.6333,0.63356,170.0,Interval.in_5_minute,56689500.0
3164,2023-10-19 03:10:00,OANDA:AUDUSD,0.63356,0.63372,0.63329,0.6333,146.0,Interval.in_5_minute,56689800.0
3165,2023-10-19 03:15:00,OANDA:AUDUSD,0.6333,0.63346,0.6332,0.6334,145.0,Interval.in_5_minute,56690100.0
3166,2023-10-19 03:20:00,OANDA:AUDUSD,0.6334,0.6334,0.63265,0.63265,131.0,Interval.in_5_minute,56690400.0
3167,2023-10-19 03:25:00,OANDA:AUDUSD,0.63265,0.63265,0.63231,0.63264,279.0,Interval.in_5_minute,56690700.0
3168,2023-10-19 03:30:00,OANDA:AUDUSD,0.63264,0.63344,0.63144,0.63184,560.0,Interval.in_5_minute,56691000.0
3169,2023-10-19 03:35:00,OANDA:AUDUSD,0.63184,0.63191,0.63126,0.63146,367.0,Interval.in_5_minute,56691300.0
3170,2023-10-19 03:40:00,OANDA:AUDUSD,0.63146,0.63201,0.63146,0.63191,241.0,Interval.in_5_minute,56691600.0
3171,2023-10-19 03:45:00,OANDA:AUDUSD,0.63191,0.63191,0.63166,0.63187,201.0,Interval.in_5_minute,56691900.0
3172,2023-10-19 03:50:00,OANDA:AUDUSD,0.63187,0.632,0.63176,0.63192,222.0,Interval.in_5_minute,56692200.0
3173,2023-10-19 03:55:00,OANDA:AUDUSD,0.63192,0.6321,0.63174,0.63176,232.0,Interval.in_5_minute,56692500.0
3174,2023-10-19 04:00:00,OANDA:AUDUSD,0.63176,0.63209,0.63175,0.63196,181.0,Interval.in_5_minute,56692800.0
3175,2023-10-19 04:05:00,OANDA:AUDUSD,0.63196,0.63208,0.63156,0.6316,200.0,Interval.in_5_minute,56693100.0
3176,2023-10-19 04:10:00,OANDA:AUDUSD,0.6316,0.63214,0.6316,0.63191,163.0,Interval.in_5_minute,56693400.0
3177,2023-10-19 04:15:00,OANDA:AUDUSD,0.63191,0.63209,0.63177,0.63196,187.0,Interval.in_5_minute,56693700.0
3178,2023-10-19 04:20:00,OANDA:AUDUSD,0.63196,0.63214,0.63186,0.63188,112.0,Interval.in_5_minute,56694000.0
3179,2023-10-19 04:25:00,OANDA:AUDUSD,0.63188,0.6319,0.63139,0.63142,174.0,Interval.in_5_minute,56694300.0
3180,2023-10-19 04:30:00,OANDA:AUDUSD,0.63142,0.6315,0.631,0.631,255.0,Interval.in_5_minute,56694600.0
3181,2023-10-19 04:35:00,OANDA:AUDUSD,0.631,0.63101,0.63038,0.63055,327.0,Interval.in_5_minute,56694900.0
3182,2023-10-19 04:40:00,OANDA:AUDUSD,0.63055,0.63059,0.63009,0.63052,309.0,Interval.in_5_minute,56695200.0
3183,2023-10-19 04:45:00,OANDA:AUDUSD,0.63052,0.63066,0.63046,0.63051,276.0,Interval.in_5_minute,56695500.0
3184,2023-10-19 04:50:00,OANDA:AUDUSD,0.63051,0.63061,0.63026,0.6305,219.0,Interval.in_5_minute,56695800.0
3185,2023-10-19 04:55:00,OANDA:AUDUSD,0.6305,0.63069,0.63048,0.63051,219.0,Interval.in_5_minute,56696100.0
3186,2023-10-19 05:00:00,OANDA:AUDUSD,0.63051,0.63061,0.63022,0.63022,168.0,Interval.in_5_minute,56696400.0
3187,2023-10-19 05:05:00,OANDA:AUDUSD,0.63022,0.63034,0.6301,0.63018,161.0,Interval.in_5_minute,56696700.0
3188,2023-10-19 05:10:00,OANDA:AUDUSD,0.63018,0.63028,0.62993,0.62998,123.0,Interval.in_5_minute,56697000.0
3189,2023-10-19 05:15:00,OANDA:AUDUSD,0.62998,0.63001,0.62962,0.62966,147.0,Interval.in_5_minute,56697300.0
3190,2023-10-19 05:20:00,OANDA:AUDUSD,0.62966,0.63021,0.62961,0.62996,205.0,Interval.in_5_minute,56697600.0
3191,2023-10-19 05:25:00,OANDA:AUDUSD,0.62996,0.62998,0.62977,0.62997,181.0,Interval.in_5_minute,56697900.0
3192,2023-10-19 05:30:00,OANDA:AUDUSD,0.62997,0.63007,0.62976,0.62992,160.0,Interval.in_5_minute,56698200.0
3193,2023-10-19 05:35:00,OANDA:AUDUSD,0.62992,0.6301,0.62988,0.62992,157.0,Interval.in_5_minute,56698500.0
3194,2023-10-19 05:40:00,OANDA:AUDUSD,0.62992,0.63018,0.62986,0.63014,195.0,Interval.in_5_minute,56698800.0
3195,2023-10-19 05:45:00,OANDA:AUDUSD,0.63014,0.63043,0.63014,0.63021,121.0,Interval.in_5_minute,56699100.0
3196,2023-10-19 05:50:00,OANDA:AUDUSD,0.63021,0.63028,0.63007,0.6302,176.0,Interval.in_5_minute,56699400.0
3197,2023-10-19 05:55:00,OANDA:AUDUSD,0.6302,0.63025,0.63,0.6302,193.0,Interval.in_5_minute,56699700.0
3198,2023-10-19 06:00:00,OANDA:AUDUSD,0.6302,0.63043,0.63016,0.63028,110.0,Interval.in_5_minute,56700000.0
3199,2023-10-19 06:05:00,OANDA:AUDUSD,0.63028,0.63052,0.63018,0.63026,128.0,Interval.in_5_minute,56700300.0
3200,2023-10-19 06:10:00,OANDA:AUDUSD,0.63026,0.63028,0.62997,0.63002,99.0,Interval.in_5_minute,56700600.0
3201,2023-10-19 06:15:00,OANDA:AUDUSD,0.63002,0.63017,0.62997,0.63015,60.0,Interval.in_5_minute,56700900.0
3202,2023-10-19 06:20:00,OANDA:AUDUSD,0.63015,0.63024,0.62968,0.62972,130.0,Interval.in_5_minute,56701200.0
3203,2023-10-19 06:25:00,OANDA:AUDUSD,0.62972,0.63,0.62966,0.62997,144.0,Interval.in_5_minute,56701500.0
3204,2023-10-19 06:30:00,OANDA:AUDUSD,0.62997,0.63014,0.62992,0.63005,106.0,Interval.in_5_minute,56701800.0
3205,2023-10-19 06:35:00,OANDA:AUDUSD,0.63005,0.63016,0.63,0.63007,89.0,Interval.in_5_minute,56702100.0
3206,2023-10-19 06:40:00,OANDA:AUDUSD,0.63007,0.63016,0.62985,0.62994,111.0,Interval.in_5_minute,56702400.0
3207,2023-10-19 06:45:00,OANDA:AUDUSD,0.62994,0.62994,0.62978,0.62978,137.0,Interval.in_5_minute,56702700.0
3208,2023-10-19 06:50:00,OANDA:AUDUSD,0.62978,0.63002,0.62971,0.63,85.0,Interval.in_5_minute,56703000.0
3209,2023-10-19 06:55:00,OANDA:AUDUSD,0.63,0.63006,0.6299,0.62998,137.0,Interval.in_5_minute,56703300.0
3210,2023-10-19 07:00:00,OANDA:AUDUSD,0.62998,0.63032,0.62995,0.6303,94.0,Interval.in_5_minute,56703600.0
3211,2023-10-19 07:05:00,OANDA:AUDUSD,0.6303,0.6303,0.63012,0.63022,80.0,Interval.in_5_minute,56703900.0
3212,2023-10-19 07:10:00,OANDA:AUDUSD,0.63022,0.6303,0.63012,0.63021,68.0,Interval.in_5_minute,56704200.0
3213,2023-10-19 07:15:00,OANDA:AUDUSD,0.63021,0.63032,0.63017,0.63032,46.0,Interval.in_5_minute,56704500.0
3214,2023-10-19 07:20:00,OANDA:AUDUSD,0.63032,0.63042,0.63026,0.63037,107.0,Interval.in_5_minute,56704800.0
3215,2023-10-19 07:25:00,OANDA:AUDUSD,0.63037,0.63041,0.63032,0.63032,65.0,Interval.in_5_minute,56705100.0
3216,2023-10-19 07:30:00,OANDA:AUDUSD,0.63032,0.63036,0.63002,0.63002,101.0,Interval.in_5_minute,56705400.0
3217,2023-10-19 07:35:00,OANDA:AUDUSD,0.63002,0.6302,0.63,0.63012,105.0,Interval.in_5_minute,56705700.0
3218,2023-10-19 07:40:00,OANDA:AUDUSD,0.63012,0.63024,0.63009,0.63024,88.0,Interval.in_5_minute,56706000.0
3219,2023-10-19 07:45:00,OANDA:AUDUSD,0.63024,0.63034,0.63016,0.6302,91.0,Interval.in_5_minute,56706300.0
3220,2023-10-19 07:50:00,OANDA:AUDUSD,0.6302,0.6304,0.63009,0.63036,164.0,Interval.in_5_minute,56706600.0
3221,2023-10-19 07:55:00,OANDA:AUDUSD,0.63036,0.63042,0.63018,0.63022,131.0,Interval.in_5_minute,56706900.0
3222,2023-10-19 08:00:00,OANDA:AUDUSD,0.63022,0.63022,0.63002,0.63004,116.0,Interval.in_5_minute,56707200.0
3223,2023-10-19 08:05:00,OANDA:AUDUSD,0.63004,0.6303,0.62997,0.63026,155.0,Interval.in_5_minute,56707500.0
3224,2023-10-19 08:10:00,OANDA:AUDUSD,0.63026,0.63052,0.63023,0.6304,108.0,Interval.in_5_minute,56707800.0
3225,2023-10-19 08:15:00,OANDA:AUDUSD,0.6304,0.63046,0.63009,0.63023,92.0,Interval.in_5_minute,56708100.0
3226,2023-10-19 08:20:00,OANDA:AUDUSD,0.63023,0.63028,0.63014,0.63018,114.0,Interval.in_5_minute,56708400.0
3227,2023-10-19 08:25:00,OANDA:AUDUSD,0.63018,0.63038,0.63011,0.63026,69.0,Interval.in_5_minute,56708700.0
3228,2023-10-19 08:30:00,OANDA:AUDUSD,0.63026,0.63048,0.63024,0.6303,91.0,Interval.in_5_minute,56709000.0
3229,2023-10-19 08:35:00,OANDA:AUDUSD,0.6303,0.63041,0.63023,0.63036,83.0,Interval.in_5_minute,56709300.0
3230,2023-10-19 08:40:00,OANDA:AUDUSD,0.63036,0.63046,0.63,0.63014,109.0,Interval.in_5_minute,56709600.0
3231,2023-10-19 08:45:00,OANDA:AUDUSD,0.63014,0.6303,0.6301,0.6302,113.0,Interval.in_5_minute,56709900.0
3232,2023-10-19 08:50:00,OANDA:AUDUSD,0.6302,0.63032,0.63008,0.63008,132.0,Interval.in_5_minute,56710200.0
3233,2023-10-19 08:55:00,OANDA:AUDUSD,0.63008,0.63011,0.6297,0.62998,119.0,Interval.in_5_minute,56710500.0
3234,2023-10-19 09:00:00,OANDA:AUDUSD,0.62998,0.6302,0.6299,0.6302,227.0,Interval.in_5_minute,56710800.0
3235,2023-10-19 09:05:00,OANDA:AUDUSD,0.6302,0.63025,0.6299,0.63025,225.0,Interval.in_5_minute,56711100.0
3236,2023-10-19 09:10:00,OANDA:AUDUSD,0.63025,0.63028,0.63007,0.63012,181.0,Interval.in_5_minute,56711400.0
3237,2023-10-19 09:15:00,OANDA:AUDUSD,0.63012,0.63085,0.63012,0.63056,202.0,Interval.in_5_minute,56711700.0
3238,2023-10-19 09:20:00,OANDA:AUDUSD,0.63056,0.63067,0.63044,0.63053,258.0,Interval.in_5_minute,56712000.0
3239,2023-10-19 09:25:00,OANDA:AUDUSD,0.63053,0.63076,0.63042,0.63044,209.0,Interval.in_5_minute,56712300.0
3240,2023-10-19 09:30:00,OANDA:AUDUSD,0.63044,0.63079,0.63042,0.63056,268.0,Interval.in_5_minute,56712600.0
3241,2023-10-19 09:35:00,OANDA:AUDUSD,0.63056,0.63091,0.6304,0.63086,264.0,Interval.in_5_minute,56712900.0
3242,2023-10-19 09:40:00,OANDA:AUDUSD,0.63086,0.63107,0.63079,0.63106,169.0,Interval.in_5_minute,56713200.0
3243,2023-10-19 09:45:00,OANDA:AUDUSD,0.63106,0.63112,0.63084,0.63105,178.0,Interval.in_5_minute,56713500.0
3244,2023-10-19 09:50:00,OANDA:AUDUSD,0.63105,0.63106,0.63074,0.63077,204.0,Interval.in_5_minute,56713800.0
3245,2023-10-19 09:55:00,OANDA:AUDUSD,0.63077,0.63106,0.63076,0.63076,204.0,Interval.in_5_minute,56714100.0
3246,2023-10-19 10:00:00,OANDA:AUDUSD,0.63076,0.63084,0.63049,0.63076,476.0,Interval.in_5_minute,56714400.0
3247,2023-10-19 10:05:00,OANDA:AUDUSD,0.63076,0.63102,0.63056,0.63066,329.0,Interval.in_5_minute,56714700.0
3248,2023-10-19 10:10:00,OANDA:AUDUSD,0.63066,0.63084,0.63038,0.63058,315.0,Interval.in_5_minute,56715000.0
3249,2023-10-19 10:15:00,OANDA:AUDUSD,0.63058,0.63084,0.6304,0.63079,353.0,Interval.in_5_minute,56715300.0
3250,2023-10-19 10:20:00,OANDA:AUDUSD,0.63079,0.63093,0.63048,0.63056,332.0,Interval.in_5_minute,56715600.0
3251,2023-10-19 10:25:00,OANDA:AUDUSD,0.63056,0.63064,0.63036,0.6304,253.0,Interval.in_5_minute,56715900.0
3252,2023-10-19 10:30:00,OANDA:AUDUSD,0.6304,0.63046,0.63024,0.63029,311.0,Interval.in_5_minute,56716200.0
3253,2023-10-19 10:35:00,OANDA:AUDUSD,0.63029,0.6304,0.63012,0.63023,257.0,Interval.in_5_minute,56716500.0
3254,2023-10-19 10:40:00,OANDA:AUDUSD,0.63023,0.6304,0.63,0.63018,267.0,Interval.in_5_minute,56716800.0
3255,2023-10-19 10:45:00,OANDA:AUDUSD,0.63018,0.63022,0.62981,0.62992,235.0,Interval.in_5_minute,56717100.0
3256,2023-10-19 10:50:00,OANDA:AUDUSD,0.62992,0.6301,0.62972,0.62981,303.0,Interval.in_5_minute,56717400.0
3257,2023-10-19 10:55:00,OANDA:AUDUSD,0.62981,0.62998,0.62974,0.62984,224.0,Interval.in_5_minute,56717700.0
3258,2023-10-19 11:00:00,OANDA:AUDUSD,0.62984,0.63018,0.62974,0.63017,252.0,Interval.in_5_minute,56718000.0
3259,2023-10-19 11:05:00,OANDA:AUDUSD,0.63017,0.63052,0.63004,0.63028,279.0,Interval.in_5_minute,56718300.0
3260,2023-10-19 11:10:00,OANDA:AUDUSD,0.63028,0.63052,0.6302,0.63028,190.0,Interval.in_5_minute,56718600.0
3261,2023-10-19 11:15:00,OANDA:AUDUSD,0.63028,0.63067,0.63018,0.63051,224.0,Interval.in_5_minute,56718900.0
3262,2023-10-19 11:20:00,OANDA:AUDUSD,0.63051,0.63065,0.63034,0.63046,228.0,Interval.in_5_minute,56719200.0
3263,2023-10-19 11:25:00,OANDA:AUDUSD,0.63046,0.63064,0.63036,0.63064,185.0,Interval.in_5_minute,56719500.0
3264,2023-10-19 11:30:00,OANDA:AUDUSD,0.63064,0.63069,0.63045,0.63048,252.0,Interval.in_5_minute,56719800.0
3265,2023-10-19 11:35:00,OANDA:AUDUSD,0.63048,0.63068,0.63019,0.6302,235.0,Interval.in_5_minute,56720100.0
3266,2023-10-19 11:40:00,OANDA:AUDUSD,0.6302,0.63074,0.63008,0.63066,270.0,Interval.in_5_minute,56720400.0
3267,2023-10-19 11:45:00,OANDA:AUDUSD,0.63066,0.63066,0.63028,0.63031,266.0,Interval.in_5_minute,56720700.0
3268,2023-10-19 11:50:00,OANDA:AUDUSD,0.63031,0.63047,0.63028,0.6304,222.0,Interval.in_5_minute,56721000.0
3269,2023-10-19 11:55:00,OANDA:AUDUSD,0.6304,0.63054,0.63034,0.63044,194.0,Interval.in_5_minute,56721300.0
3270,2023-10-19 12:00:00,OANDA:AUDUSD,0.63044,0.63062,0.63041,0.63062,144.0,Interval.in_5_minute,56721600.0
3271,2023-10-19 12:05:00,OANDA:AUDUSD,0.63062,0.63064,0.63043,0.63046,146.0,Interval.in_5_minute,56721900.0
3272,2023-10-19 12:10:00,OANDA:AUDUSD,0.63046,0.63046,0.63022,0.63028,178.0,Interval.in_5_minute,56722200.0
3273,2023-10-19 12:15:00,OANDA:AUDUSD,0.63028,0.63032,0.63004,0.63025,214.0,Interval.in_5_minute,56722500.0
3274,2023-10-19 12:20:00,OANDA:AUDUSD,0.63025,0.63038,0.63009,0.63011,201.0,Interval.in_5_minute,56722800.0
3275,2023-10-19 12:25:00,OANDA:AUDUSD,0.63011,0.63015,0.62987,0.62992,190.0,Interval.in_5_minute,56723100.0
3276,2023-10-19 12:30:00,OANDA:AUDUSD,0.62992,0.63013,0.62992,0.63004,211.0,Interval.in_5_minute,56723400.0
3277,2023-10-19 12:35:00,OANDA:AUDUSD,0.63004,0.63006,0.62992,0.63002,193.0,Interval.in_5_minute,56723700.0
3278,2023-10-19 12:40:00,OANDA:AUDUSD,0.63002,0.63004,0.62982,0.62993,118.0,Interval.in_5_minute,56724000.0
3279,2023-10-19 12:45:00,OANDA:AUDUSD,0.62993,0.63013,0.62991,0.63004,145.0,Interval.in_5_minute,56724300.0
3280,2023-10-19 12:50:00,OANDA:AUDUSD,0.63004,0.63041,0.62998,0.63041,160.0,Interval.in_5_minute,56724600.0
3281,2023-10-19 12:55:00,OANDA:AUDUSD,0.63041,0.6306,0.63038,0.6306,196.0,Interval.in_5_minute,56724900.0
3282,2023-10-19 13:00:00,OANDA:AUDUSD,0.6306,0.63068,0.63051,0.63065,253.0,Interval.in_5_minute,56725200.0
3283,2023-10-19 13:05:00,OANDA:AUDUSD,0.63065,0.63092,0.63065,0.63082,188.0,Interval.in_5_minute,56725500.0
3284,2023-10-19 13:10:00,OANDA:AUDUSD,0.63082,0.6311,0.63071,0.63108,254.0,Interval.in_5_minute,56725800.0
3285,2023-10-19 13:15:00,OANDA:AUDUSD,0.63108,0.63108,0.63076,0.63086,153.0,Interval.in_5_minute,56726100.0
3286,2023-10-19 13:20:00,OANDA:AUDUSD,0.63086,0.63098,0.63081,0.63086,160.0,Interval.in_5_minute,56726400.0
3287,2023-10-19 13:25:00,OANDA:AUDUSD,0.63086,0.63102,0.63082,0.63098,140.0,Interval.in_5_minute,56726700.0
3288,2023-10-19 13:30:00,OANDA:AUDUSD,0.63098,0.63126,0.63094,0.63112,155.0,Interval.in_5_minute,56727000.0
3289,2023-10-19 13:35:00,OANDA:AUDUSD,0.63112,0.63137,0.63102,0.63136,167.0,Interval.in_5_minute,56727300.0
3290,2023-10-19 13:40:00,OANDA:AUDUSD,0.63136,0.63148,0.63129,0.63142,159.0,Interval.in_5_minute,56727600.0
3291,2023-10-19 13:45:00,OANDA:AUDUSD,0.63142,0.63149,0.63133,0.63142,106.0,Interval.in_5_minute,56727900.0
3292,2023-10-19 13:50:00,OANDA:AUDUSD,0.63142,0.63154,0.63135,0.63136,78.0,Interval.in_5_minute,56728200.0
3293,2023-10-19 13:55:00,OANDA:AUDUSD,0.63136,0.63162,0.63132,0.63148,111.0,Interval.in_5_minute,56728500.0
3294,2023-10-19 14:00:00,OANDA:AUDUSD,0.63148,0.63164,0.6312,0.63126,144.0,Interval.in_5_minute,56728800.0
3295,2023-10-19 14:05:00,OANDA:AUDUSD,0.63126,0.63135,0.63107,0.63116,193.0,Interval.in_5_minute,56729100.0
3296,2023-10-19 14:10:00,OANDA:AUDUSD,0.63116,0.63138,0.63116,0.63127,154.0,Interval.in_5_minute,56729400.0
3297,2023-10-19 14:15:00,OANDA:AUDUSD,0.63127,0.63136,0.63114,0.63117,200.0,Interval.in_5_minute,56729700.0
3298,2023-10-19 14:20:00,OANDA:AUDUSD,0.63117,0.63132,0.63111,0.6312,184.0,Interval.in_5_minute,56730000.0
3299,2023-10-19 14:25:00,OANDA:AUDUSD,0.6312,0.6313,0.63109,0.63123,172.0,Interval.in_5_minute,56730300.0
3300,2023-10-19 14:30:00,OANDA:AUDUSD,0.63123,0.63132,0.6311,0.63115,139.0,Interval.in_5_minute,56730600.0
3301,2023-10-19 14:35:00,OANDA:AUDUSD,0.63115,0.63132,0.63115,0.6313,112.0,Interval.in_5_minute,56730900.0
3302,2023-10-19 14:40:00,OANDA:AUDUSD,0.6313,0.63152,0.63124,0.63127,119.0,Interval.in_5_minute,56731200.0
3303,2023-10-19 14:45:00,OANDA:AUDUSD,0.63127,0.63142,0.63122,0.63133,146.0,Interval.in_5_minute,56731500.0
3304,2023-10-19 14:50:00,OANDA:AUDUSD,0.63133,0.63134,0.63102,0.6311,149.0,Interval.in_5_minute,56731800.0
3305,2023-10-19 14:55:00,OANDA:AUDUSD,0.6311,0.63128,0.631,0.63119,158.0,Interval.in_5_minute,56732100.0
3306,2023-10-19 15:00:00,OANDA:AUDUSD,0.63119,0.6313,0.63098,0.6313,230.0,Interval.in_5_minute,56732400.0
3307,2023-10-19 15:05:00,OANDA:AUDUSD,0.6313,0.63176,0.6312,0.63156,269.0,Interval.in_5_minute,56732700.0
3308,2023-10-19 15:10:00,OANDA:AUDUSD,0.63156,0.63174,0.6315,0.63168,226.0,Interval.in_5_minute,56733000.0
3309,2023-10-19 15:15:00,OANDA:AUDUSD,0.63168,0.6319,0.63148,0.63176,221.0,Interval.in_5_minute,56733300.0
3310,2023-10-19 15:20:00,OANDA:AUDUSD,0.63176,0.63202,0.63166,0.63199,283.0,Interval.in_5_minute,56733600.0
3311,2023-10-19 15:25:00,OANDA:AUDUSD,0.63199,0.63201,0.63174,0.63184,129.0,Interval.in_5_minute,56733900.0
3312,2023-10-19 15:30:00,OANDA:AUDUSD,0.63184,0.63214,0.63137,0.632,493.0,Interval.in_5_minute,56734200.0
3313,2023-10-19 15:35:00,OANDA:AUDUSD,0.632,0.63242,0.63172,0.63235,425.0,Interval.in_5_minute,56734500.0
3314,2023-10-19 15:40:00,OANDA:AUDUSD,0.63235,0.63247,0.63188,0.6324,405.0,Interval.in_5_minute,56734800.0
3315,2023-10-19 15:45:00,OANDA:AUDUSD,0.6324,0.63242,0.63202,0.63202,370.0,Interval.in_5_minute,56735100.0
3316,2023-10-19 15:50:00,OANDA:AUDUSD,0.63202,0.63214,0.63158,0.63203,280.0,Interval.in_5_minute,56735400.0
3317,2023-10-19 15:55:00,OANDA:AUDUSD,0.63203,0.6321,0.63176,0.63196,373.0,Interval.in_5_minute,56735700.0
3318,2023-10-19 16:00:00,OANDA:AUDUSD,0.63196,0.63234,0.63183,0.63224,363.0,Interval.in_5_minute,56736000.0
3319,2023-10-19 16:05:00,OANDA:AUDUSD,0.63224,0.63224,0.63171,0.63204,299.0,Interval.in_5_minute,56736300.0
3320,2023-10-19 16:10:00,OANDA:AUDUSD,0.63204,0.63212,0.63188,0.63191,237.0,Interval.in_5_minute,56736600.0
3321,2023-10-19 16:15:00,OANDA:AUDUSD,0.63191,0.63218,0.63191,0.63212,235.0,Interval.in_5_minute,56736900.0
3322,2023-10-19 16:20:00,OANDA:AUDUSD,0.63212,0.63212,0.63174,0.63192,242.0,Interval.in_5_minute,56737200.0
3323,2023-10-19 16:25:00,OANDA:AUDUSD,0.63192,0.63202,0.63164,0.63188,251.0,Interval.in_5_minute,56737500.0
3324,2023-10-19 16:30:00,OANDA:AUDUSD,0.63188,0.6322,0.63176,0.63193,422.0,Interval.in_5_minute,56737800.0
3325,2023-10-19 16:35:00,OANDA:AUDUSD,0.63193,0.63243,0.63168,0.63236,497.0,Interval.in_5_minute,56738100.0
3326,2023-10-19 16:40:00,OANDA:AUDUSD,0.63236,0.6327,0.63229,0.63242,447.0,Interval.in_5_minute,56738400.0
3327,2023-10-19 16:45:00,OANDA:AUDUSD,0.63242,0.63262,0.63224,0.63246,363.0,Interval.in_5_minute,56738700.0
3328,2023-10-19 16:50:00,OANDA:AUDUSD,0.63246,0.63253,0.6321,0.6322,248.0,Interval.in_5_minute,56739000.0
3329,2023-10-19 16:55:00,OANDA:AUDUSD,0.6322,0.63246,0.6322,0.63226,241.0,Interval.in_5_minute,56739300.0
3330,2023-10-19 17:00:00,OANDA:AUDUSD,0.63226,0.63242,0.63169,0.63199,378.0,Interval.in_5_minute,56739600.0
3331,2023-10-19 17:05:00,OANDA:AUDUSD,0.63199,0.63208,0.63158,0.63193,336.0,Interval.in_5_minute,56739900.0
3332,2023-10-19 17:10:00,OANDA:AUDUSD,0.63193,0.63224,0.63178,0.63219,278.0,Interval.in_5_minute,56740200.0
3333,2023-10-19 17:15:00,OANDA:AUDUSD,0.63219,0.63227,0.63156,0.63176,299.0,Interval.in_5_minute,56740500.0
3334,2023-10-19 17:20:00,OANDA:AUDUSD,0.63176,0.63213,0.63172,0.63208,344.0,Interval.in_5_minute,56740800.0
3335,2023-10-19 17:25:00,OANDA:AUDUSD,0.63208,0.63211,0.63158,0.63158,316.0,Interval.in_5_minute,56741100.0
3336,2023-10-19 17:30:00,OANDA:AUDUSD,0.63158,0.63186,0.63156,0.63184,334.0,Interval.in_5_minute,56741400.0
3337,2023-10-19 17:35:00,OANDA:AUDUSD,0.63184,0.63222,0.6318,0.63189,323.0,Interval.in_5_minute,56741700.0
3338,2023-10-19 17:40:00,OANDA:AUDUSD,0.63189,0.63198,0.63168,0.63175,269.0,Interval.in_5_minute,56742000.0
3339,2023-10-19 17:45:00,OANDA:AUDUSD,0.63175,0.63182,0.63158,0.63168,264.0,Interval.in_5_minute,56742300.0
3340,2023-10-19 17:50:00,OANDA:AUDUSD,0.63168,0.63184,0.63137,0.63156,265.0,Interval.in_5_minute,56742600.0
3341,2023-10-19 17:55:00,OANDA:AUDUSD,0.63156,0.63173,0.63146,0.63152,224.0,Interval.in_5_minute,56742900.0
3342,2023-10-19 18:00:00,OANDA:AUDUSD,0.63152,0.63185,0.63148,0.63185,219.0,Interval.in_5_minute,56743200.0
3343,2023-10-19 18:05:00,OANDA:AUDUSD,0.63185,0.63231,0.63183,0.63207,332.0,Interval.in_5_minute,56743500.0
3344,2023-10-19 18:10:00,OANDA:AUDUSD,0.63207,0.63232,0.63207,0.63222,243.0,Interval.in_5_minute,56743800.0
3345,2023-10-19 18:15:00,OANDA:AUDUSD,0.63222,0.63229,0.632,0.63213,330.0,Interval.in_5_minute,56744100.0
3346,2023-10-19 18:20:00,OANDA:AUDUSD,0.63213,0.63238,0.63178,0.63236,297.0,Interval.in_5_minute,56744400.0
3347,2023-10-19 18:25:00,OANDA:AUDUSD,0.63236,0.63246,0.63222,0.63223,264.0,Interval.in_5_minute,56744700.0
3348,2023-10-19 18:30:00,OANDA:AUDUSD,0.63223,0.63253,0.63218,0.63239,272.0,Interval.in_5_minute,56745000.0
3349,2023-10-19 18:35:00,OANDA:AUDUSD,0.63239,0.6328,0.63238,0.63275,198.0,Interval.in_5_minute,56745300.0
3350,2023-10-19 18:40:00,OANDA:AUDUSD,0.63275,0.633,0.63274,0.63292,215.0,Interval.in_5_minute,56745600.0
3351,2023-10-19 18:45:00,OANDA:AUDUSD,0.63292,0.633,0.63279,0.6328,178.0,Interval.in_5_minute,56745900.0
3352,2023-10-19 18:50:00,OANDA:AUDUSD,0.6328,0.6328,0.63236,0.63236,136.0,Interval.in_5_minute,56746200.0
3353,2023-10-19 18:55:00,OANDA:AUDUSD,0.63236,0.63248,0.63226,0.63242,145.0,Interval.in_5_minute,56746500.0
3354,2023-10-19 19:00:00,OANDA:AUDUSD,0.63242,0.63547,0.63134,0.63436,1605.0,Interval.in_5_minute,56746800.0
3355,2023-10-19 19:05:00,OANDA:AUDUSD,0.63436,0.63468,0.63364,0.63366,1069.0,Interval.in_5_minute,56747100.0
3356,2023-10-19 19:10:00,OANDA:AUDUSD,0.63366,0.63436,0.63358,0.63409,685.0,Interval.in_5_minute,56747400.0
3357,2023-10-19 19:15:00,OANDA:AUDUSD,0.63409,0.63506,0.63389,0.63491,510.0,Interval.in_5_minute,56747700.0
3358,2023-10-19 19:20:00,OANDA:AUDUSD,0.63491,0.6357,0.63486,0.63496,662.0,Interval.in_5_minute,56748000.0
3359,2023-10-19 19:25:00,OANDA:AUDUSD,0.63496,0.63504,0.63372,0.63403,834.0,Interval.in_5_minute,56748300.0
3360,2023-10-19 19:30:00,OANDA:AUDUSD,0.63403,0.63428,0.63254,0.63279,791.0,Interval.in_5_minute,56748600.0
3361,2023-10-19 19:35:00,OANDA:AUDUSD,0.63279,0.63282,0.63172,0.63244,1031.0,Interval.in_5_minute,56748900.0
3362,2023-10-19 19:40:00,OANDA:AUDUSD,0.63244,0.63348,0.63232,0.63263,967.0,Interval.in_5_minute,56749200.0
3363,2023-10-19 19:45:00,OANDA:AUDUSD,0.63263,0.63362,0.63263,0.63342,850.0,Interval.in_5_minute,56749500.0
3364,2023-10-19 19:50:00,OANDA:AUDUSD,0.63342,0.63464,0.63328,0.63456,697.0,Interval.in_5_minute,56749800.0
3365,2023-10-19 19:55:00,OANDA:AUDUSD,0.63456,0.635,0.63431,0.63472,541.0,Interval.in_5_minute,56750100.0
3366,2023-10-19 20:00:00,OANDA:AUDUSD,0.63472,0.63522,0.63462,0.6348,595.0,Interval.in_5_minute,56750400.0
3367,2023-10-19 20:05:00,OANDA:AUDUSD,0.6348,0.63547,0.63472,0.63523,571.0,Interval.in_5_minute,56750700.0
3368,2023-10-19 20:10:00,OANDA:AUDUSD,0.63523,0.63549,0.635,0.63514,457.0,Interval.in_5_minute,56751000.0
3369,2023-10-19 20:15:00,OANDA:AUDUSD,0.63514,0.63566,0.6347,0.63553,487.0,Interval.in_5_minute,56751300.0
3370,2023-10-19 20:20:00,OANDA:AUDUSD,0.63553,0.63562,0.63468,0.63476,484.0,Interval.in_5_minute,56751600.0
3371,2023-10-19 20:25:00,OANDA:AUDUSD,0.63476,0.63508,0.63466,0.635,443.0,Interval.in_5_minute,56751900.0
3372,2023-10-19 20:30:00,OANDA:AUDUSD,0.635,0.63536,0.63463,0.6347,573.0,Interval.in_5_minute,56752200.0
3373,2023-10-19 20:35:00,OANDA:AUDUSD,0.6347,0.63476,0.6339,0.63398,490.0,Interval.in_5_minute,56752500.0
3374,2023-10-19 20:40:00,OANDA:AUDUSD,0.63398,0.634,0.63342,0.6336,385.0,Interval.in_5_minute,56752800.0
3375,2023-10-19 20:45:00,OANDA:AUDUSD,0.6336,0.6339,0.63348,0.6338,293.0,Interval.in_5_minute,56753100.0
3376,2023-10-19 20:50:00,OANDA:AUDUSD,0.6338,0.63404,0.63361,0.63375,463.0,Interval.in_5_minute,56753400.0
3377,2023-10-19 20:55:00,OANDA:AUDUSD,0.63375,0.63421,0.63375,0.6342,372.0,Interval.in_5_minute,56753700.0
3378,2023-10-19 21:00:00,OANDA:AUDUSD,0.6342,0.63476,0.63418,0.63465,349.0,Interval.in_5_minute,56754000.0
3379,2023-10-19 21:05:00,OANDA:AUDUSD,0.63465,0.63466,0.63432,0.63437,329.0,Interval.in_5_minute,56754300.0
3380,2023-10-19 21:10:00,OANDA:AUDUSD,0.63437,0.63496,0.63436,0.63468,356.0,Interval.in_5_minute,56754600.0
3381,2023-10-19 21:15:00,OANDA:AUDUSD,0.63468,0.63502,0.6345,0.63471,333.0,Interval.in_5_minute,56754900.0
3382,2023-10-19 21:20:00,OANDA:AUDUSD,0.63471,0.63472,0.63412,0.63412,347.0,Interval.in_5_minute,56755200.0
3383,2023-10-19 21:25:00,OANDA:AUDUSD,0.63412,0.63426,0.63398,0.63421,281.0,Interval.in_5_minute,56755500.0
3384,2023-10-19 21:30:00,OANDA:AUDUSD,0.63421,0.63421,0.6335,0.6335,243.0,Interval.in_5_minute,56755800.0
3385,2023-10-19 21:35:00,OANDA:AUDUSD,0.6335,0.6335,0.6333,0.63342,256.0,Interval.in_5_minute,56756100.0
3386,2023-10-19 21:40:00,OANDA:AUDUSD,0.63342,0.63343,0.63292,0.63302,220.0,Interval.in_5_minute,56756400.0
3387,2023-10-19 21:45:00,OANDA:AUDUSD,0.63302,0.63322,0.63275,0.63281,248.0,Interval.in_5_minute,56756700.0
3388,2023-10-19 21:50:00,OANDA:AUDUSD,0.63281,0.63284,0.63254,0.63255,254.0,Interval.in_5_minute,56757000.0
3389,2023-10-19 21:55:00,OANDA:AUDUSD,0.63255,0.63313,0.63253,0.63276,292.0,Interval.in_5_minute,56757300.0
3390,2023-10-19 22:00:00,OANDA:AUDUSD,0.63276,0.63333,0.63276,0.63325,321.0,Interval.in_5_minute,56757600.0
3391,2023-10-19 22:05:00,OANDA:AUDUSD,0.63325,0.63326,0.63302,0.63302,176.0,Interval.in_5_minute,56757900.0
3392,2023-10-19 22:10:00,OANDA:AUDUSD,0.63302,0.63331,0.633,0.63306,224.0,Interval.in_5_minute,56758200.0
3393,2023-10-19 22:15:00,OANDA:AUDUSD,0.63306,0.6332,0.63293,0.6331,240.0,Interval.in_5_minute,56758500.0
3394,2023-10-19 22:20:00,OANDA:AUDUSD,0.6331,0.63326,0.63306,0.63314,188.0,Interval.in_5_minute,56758800.0
3395,2023-10-19 22:25:00,OANDA:AUDUSD,0.63314,0.63318,0.63292,0.63315,246.0,Interval.in_5_minute,56759100.0
3396,2023-10-19 22:30:00,OANDA:AUDUSD,0.63315,0.6334,0.6331,0.63333,257.0,Interval.in_5_minute,56759400.0
3397,2023-10-19 22:35:00,OANDA:AUDUSD,0.63333,0.63344,0.63323,0.63323,237.0,Interval.in_5_minute,56759700.0
3398,2023-10-19 22:40:00,OANDA:AUDUSD,0.63323,0.63326,0.63289,0.63291,172.0,Interval.in_5_minute,56760000.0
3399,2023-10-19 22:45:00,OANDA:AUDUSD,0.63291,0.63312,0.63284,0.63312,195.0,Interval.in_5_minute,56760300.0
3400,2023-10-19 22:50:00,OANDA:AUDUSD,0.63312,0.6334,0.6331,0.63328,183.0,Interval.in_5_minute,56760600.0
3401,2023-10-19 22:55:00,OANDA:AUDUSD,0.63328,0.63343,0.63317,0.63338,158.0,Interval.in_5_minute,56760900.0
3402,2023-10-19 23:00:00,OANDA:AUDUSD,0.63338,0.63338,0.63302,0.63316,221.0,Interval.in_5_minute,56761200.0
3403,2023-10-19 23:05:00,OANDA:AUDUSD,0.63316,0.63317,0.63298,0.63298,89.0,Interval.in_5_minute,56761500.0
3404,2023-10-19 23:10:00,OANDA:AUDUSD,0.63298,0.63309,0.63288,0.63301,92.0,Interval.in_5_minute,56761800.0
3405,2023-10-19 23:15:00,OANDA:AUDUSD,0.63301,0.63302,0.6329,0.633,53.0,Interval.in_5_minute,56762100.0
3406,2023-10-19 23:20:00,OANDA:AUDUSD,0.633,0.63301,0.63284,0.63292,103.0,Interval.in_5_minute,56762400.0
3407,2023-10-19 23:25:00,OANDA:AUDUSD,0.63292,0.63296,0.63286,0.63287,75.0,Interval.in_5_minute,56762700.0
3408,2023-10-19 23:30:00,OANDA:AUDUSD,0.63287,0.63293,0.63283,0.63288,54.0,Interval.in_5_minute,56763000.0
3409,2023-10-19 23:35:00,OANDA:AUDUSD,0.63288,0.63289,0.63272,0.63272,64.0,Interval.in_5_minute,56763300.0
3410,2023-10-19 23:40:00,OANDA:AUDUSD,0.63272,0.63276,0.63266,0.63276,31.0,Interval.in_5_minute,56763600.0
3411,2023-10-19 23:45:00,OANDA:AUDUSD,0.63276,0.6328,0.6327,0.6328,28.0,Interval.in_5_minute,56763900.0
3412,2023-10-19 23:50:00,OANDA:AUDUSD,0.6328,0.63284,0.63276,0.63283,33.0,Interval.in_5_minute,56764200.0
3413,2023-10-19 23:55:00,OANDA:AUDUSD,0.63283,0.63284,0.63277,0.63284,28.0,Interval.in_5_minute,56764500.0
3414,2023-10-20 00:00:00,OANDA:AUDUSD,0.63284,0.63292,0.63276,0.63276,4.0,Interval.in_5_minute,56764800.0
3415,2023-10-20 00:05:00,OANDA:AUDUSD,0.63276,0.63281,0.63276,0.63281,13.0,Interval.in_5_minute,56765100.0
3416,2023-10-20 00:10:00,OANDA:AUDUSD,0.63281,0.63288,0.63277,0.63288,23.0,Interval.in_5_minute,56765400.0
3417,2023-10-20 00:15:00,OANDA:AUDUSD,0.63288,0.63298,0.63282,0.63294,7.0,Interval.in_5_minute,56765700.0
3418,2023-10-20 00:20:00,OANDA:AUDUSD,0.63294,0.63295,0.63274,0.63274,9.0,Interval.in_5_minute,56766000.0
3419,2023-10-20 00:25:00,OANDA:AUDUSD,0.63274,0.63274,0.63268,0.63272,29.0,Interval.in_5_minute,56766300.0
3420,2023-10-20 00:30:00,OANDA:AUDUSD,0.63272,0.6328,0.63269,0.63278,70.0,Interval.in_5_minute,56766600.0
3421,2023-10-20 00:35:00,OANDA:AUDUSD,0.63278,0.6328,0.6326,0.63266,95.0,Interval.in_5_minute,56766900.0
3422,2023-10-20 00:40:00,OANDA:AUDUSD,0.63266,0.63275,0.63257,0.63272,45.0,Interval.in_5_minute,56767200.0
3423,2023-10-20 00:45:00,OANDA:AUDUSD,0.63272,0.63272,0.63262,0.63262,207.0,Interval.in_5_minute,56767500.0
3424,2023-10-20 00:50:00,OANDA:AUDUSD,0.63262,0.63274,0.63259,0.63272,161.0,Interval.in_5_minute,56767800.0
3425,2023-10-20 00:55:00,OANDA:AUDUSD,0.63272,0.63283,0.63272,0.63274,155.0,Interval.in_5_minute,56768100.0
3426,2023-10-20 01:00:00,OANDA:AUDUSD,0.63274,0.63282,0.63267,0.63272,71.0,Interval.in_5_minute,56768400.0
3427,2023-10-20 01:05:00,OANDA:AUDUSD,0.63272,0.63272,0.63258,0.63258,31.0,Interval.in_5_minute,56768700.0
3428,2023-10-20 01:10:00,OANDA:AUDUSD,0.63258,0.6328,0.63258,0.6328,65.0,Interval.in_5_minute,56769000.0
3429,2023-10-20 01:15:00,OANDA:AUDUSD,0.6328,0.63288,0.63278,0.63284,75.0,Interval.in_5_minute,56769300.0
3430,2023-10-20 01:20:00,OANDA:AUDUSD,0.63284,0.63288,0.63284,0.63285,32.0,Interval.in_5_minute,56769600.0
3431,2023-10-20 01:25:00,OANDA:AUDUSD,0.63285,0.63286,0.63282,0.63282,36.0,Interval.in_5_minute,56769900.0
3432,2023-10-20 01:30:00,OANDA:AUDUSD,0.63282,0.63282,0.63266,0.63266,33.0,Interval.in_5_minute,56770200.0
3433,2023-10-20 01:35:00,OANDA:AUDUSD,0.63266,0.6327,0.6326,0.6326,33.0,Interval.in_5_minute,56770500.0
3434,2023-10-20 01:40:00,OANDA:AUDUSD,0.6326,0.63262,0.63252,0.63252,50.0,Interval.in_5_minute,56770800.0
3435,2023-10-20 01:45:00,OANDA:AUDUSD,0.63252,0.63254,0.63237,0.63244,39.0,Interval.in_5_minute,56771100.0
3436,2023-10-20 01:50:00,OANDA:AUDUSD,0.63244,0.63244,0.63234,0.63238,37.0,Interval.in_5_minute,56771400.0
3437,2023-10-20 01:55:00,OANDA:AUDUSD,0.63238,0.63244,0.63209,0.6321,56.0,Interval.in_5_minute,56771700.0
3438,2023-10-20 02:00:00,OANDA:AUDUSD,0.6321,0.63218,0.63198,0.63214,132.0,Interval.in_5_minute,56772000.0
3439,2023-10-20 02:05:00,OANDA:AUDUSD,0.63214,0.63229,0.6321,0.63228,56.0,Interval.in_5_minute,56772300.0
3440,2023-10-20 02:10:00,OANDA:AUDUSD,0.63228,0.63237,0.63214,0.63237,79.0,Interval.in_5_minute,56772600.0
3441,2023-10-20 02:15:00,OANDA:AUDUSD,0.63237,0.63237,0.63214,0.6323,54.0,Interval.in_5_minute,56772900.0
3442,2023-10-20 02:20:00,OANDA:AUDUSD,0.6323,0.6323,0.63207,0.63214,105.0,Interval.in_5_minute,56773200.0
3443,2023-10-20 02:25:00,OANDA:AUDUSD,0.63214,0.63222,0.63214,0.63222,59.0,Interval.in_5_minute,56773500.0
3444,2023-10-20 02:30:00,OANDA:AUDUSD,0.63222,0.63241,0.63216,0.63218,131.0,Interval.in_5_minute,56773800.0
3445,2023-10-20 02:35:00,OANDA:AUDUSD,0.63218,0.63226,0.63212,0.63216,152.0,Interval.in_5_minute,56774100.0
3446,2023-10-20 02:40:00,OANDA:AUDUSD,0.63216,0.63236,0.63216,0.63229,83.0,Interval.in_5_minute,56774400.0
3447,2023-10-20 02:45:00,OANDA:AUDUSD,0.63229,0.63231,0.63215,0.63224,121.0,Interval.in_5_minute,56774700.0
3448,2023-10-20 02:50:00,OANDA:AUDUSD,0.63224,0.63244,0.63219,0.63238,89.0,Interval.in_5_minute,56775000.0
3449,2023-10-20 02:55:00,OANDA:AUDUSD,0.63238,0.63244,0.63234,0.63242,91.0,Interval.in_5_minute,56775300.0
3450,2023-10-20 03:00:00,OANDA:AUDUSD,0.63242,0.63244,0.63183,0.63186,141.0,Interval.in_5_minute,56775600.0
3451,2023-10-20 03:05:00,OANDA:AUDUSD,0.63186,0.63196,0.6316,0.63164,179.0,Interval.in_5_minute,56775900.0
3452,2023-10-20 03:10:00,OANDA:AUDUSD,0.63164,0.63172,0.63144,0.63156,159.0,Interval.in_5_minute,56776200.0
3453,2023-10-20 03:15:00,OANDA:AUDUSD,0.63156,0.63156,0.63122,0.63136,144.0,Interval.in_5_minute,56776500.0
3454,2023-10-20 03:20:00,OANDA:AUDUSD,0.63136,0.63139,0.63126,0.63138,138.0,Interval.in_5_minute,56776800.0
3455,2023-10-20 03:25:00,OANDA:AUDUSD,0.63138,0.63139,0.63113,0.6312,114.0,Interval.in_5_minute,56777100.0
3456,2023-10-20 03:30:00,OANDA:AUDUSD,0.6312,0.63154,0.63102,0.63154,182.0,Interval.in_5_minute,56777400.0
3457,2023-10-20 03:35:00,OANDA:AUDUSD,0.63154,0.63181,0.63142,0.63148,175.0,Interval.in_5_minute,56777700.0
3458,2023-10-20 03:40:00,OANDA:AUDUSD,0.63148,0.63169,0.63141,0.63164,99.0,Interval.in_5_minute,56778000.0
3459,2023-10-20 03:45:00,OANDA:AUDUSD,0.63164,0.63166,0.63144,0.63145,147.0,Interval.in_5_minute,56778300.0
3460,2023-10-20 03:50:00,OANDA:AUDUSD,0.63145,0.63158,0.63137,0.63158,173.0,Interval.in_5_minute,56778600.0
3461,2023-10-20 03:55:00,OANDA:AUDUSD,0.63158,0.63164,0.63116,0.63144,161.0,Interval.in_5_minute,56778900.0
3462,2023-10-20 04:00:00,OANDA:AUDUSD,0.63144,0.63172,0.63136,0.63159,203.0,Interval.in_5_minute,56779200.0
3463,2023-10-20 04:05:00,OANDA:AUDUSD,0.63159,0.63159,0.63114,0.63132,149.0,Interval.in_5_minute,56779500.0
3464,2023-10-20 04:10:00,OANDA:AUDUSD,0.63132,0.63132,0.63089,0.63094,198.0,Interval.in_5_minute,56779800.0
3465,2023-10-20 04:15:00,OANDA:AUDUSD,0.63094,0.63094,0.63053,0.63073,415.0,Interval.in_5_minute,56780100.0
3466,2023-10-20 04:20:00,OANDA:AUDUSD,0.63073,0.63094,0.63068,0.63078,277.0,Interval.in_5_minute,56780400.0
3467,2023-10-20 04:25:00,OANDA:AUDUSD,0.63078,0.63108,0.63078,0.63098,188.0,Interval.in_5_minute,56780700.0
3468,2023-10-20 04:30:00,OANDA:AUDUSD,0.63098,0.63121,0.63097,0.63121,254.0,Interval.in_5_minute,56781000.0
3469,2023-10-20 04:35:00,OANDA:AUDUSD,0.63121,0.63141,0.63106,0.63132,168.0,Interval.in_5_minute,56781300.0
3470,2023-10-20 04:40:00,OANDA:AUDUSD,0.63132,0.63146,0.6312,0.63136,178.0,Interval.in_5_minute,56781600.0
3471,2023-10-20 04:45:00,OANDA:AUDUSD,0.63136,0.63174,0.63128,0.63157,169.0,Interval.in_5_minute,56781900.0
3472,2023-10-20 04:50:00,OANDA:AUDUSD,0.63157,0.63168,0.63149,0.63158,187.0,Interval.in_5_minute,56782200.0
3473,2023-10-20 04:55:00,OANDA:AUDUSD,0.63158,0.63166,0.6314,0.6314,165.0,Interval.in_5_minute,56782500.0
3474,2023-10-20 05:00:00,OANDA:AUDUSD,0.6314,0.63154,0.63116,0.63152,189.0,Interval.in_5_minute,56782800.0
3475,2023-10-20 05:05:00,OANDA:AUDUSD,0.63152,0.63175,0.63146,0.63164,172.0,Interval.in_5_minute,56783100.0
3476,2023-10-20 05:10:00,OANDA:AUDUSD,0.63164,0.63172,0.63156,0.63164,129.0,Interval.in_5_minute,56783400.0
3477,2023-10-20 05:15:00,OANDA:AUDUSD,0.63164,0.63176,0.63154,0.63168,143.0,Interval.in_5_minute,56783700.0
3478,2023-10-20 05:20:00,OANDA:AUDUSD,0.63168,0.63196,0.63153,0.6316,185.0,Interval.in_5_minute,56784000.0
3479,2023-10-20 05:25:00,OANDA:AUDUSD,0.6316,0.63176,0.63152,0.63169,136.0,Interval.in_5_minute,56784300.0
3480,2023-10-20 05:30:00,OANDA:AUDUSD,0.63169,0.63191,0.63156,0.63185,176.0,Interval.in_5_minute,56784600.0
3481,2023-10-20 05:35:00,OANDA:AUDUSD,0.63185,0.63215,0.63179,0.63214,135.0,Interval.in_5_minute,56784900.0
3482,2023-10-20 05:40:00,OANDA:AUDUSD,0.63214,0.63225,0.63204,0.63204,135.0,Interval.in_5_minute,56785200.0
3483,2023-10-20 05:45:00,OANDA:AUDUSD,0.63204,0.63238,0.63197,0.63234,114.0,Interval.in_5_minute,56785500.0
3484,2023-10-20 05:50:00,OANDA:AUDUSD,0.63234,0.63242,0.63218,0.6324,129.0,Interval.in_5_minute,56785800.0
3485,2023-10-20 05:55:00,OANDA:AUDUSD,0.6324,0.6324,0.63222,0.63228,131.0,Interval.in_5_minute,56786100.0
3486,2023-10-20 06:00:00,OANDA:AUDUSD,0.63228,0.63246,0.63222,0.63229,165.0,Interval.in_5_minute,56786400.0
3487,2023-10-20 06:05:00,OANDA:AUDUSD,0.63229,0.6324,0.63224,0.6324,125.0,Interval.in_5_minute,56786700.0
3488,2023-10-20 06:10:00,OANDA:AUDUSD,0.6324,0.6324,0.63217,0.63218,88.0,Interval.in_5_minute,56787000.0
3489,2023-10-20 06:15:00,OANDA:AUDUSD,0.63218,0.63218,0.63188,0.63192,88.0,Interval.in_5_minute,56787300.0
3490,2023-10-20 06:20:00,OANDA:AUDUSD,0.63192,0.63205,0.63184,0.63186,103.0,Interval.in_5_minute,56787600.0
3491,2023-10-20 06:25:00,OANDA:AUDUSD,0.63186,0.63192,0.63178,0.63182,112.0,Interval.in_5_minute,56787900.0
3492,2023-10-20 06:30:00,OANDA:AUDUSD,0.63182,0.63198,0.6318,0.63186,115.0,Interval.in_5_minute,56788200.0
3493,2023-10-20 06:35:00,OANDA:AUDUSD,0.63186,0.63186,0.6318,0.63182,84.0,Interval.in_5_minute,56788500.0
3494,2023-10-20 06:40:00,OANDA:AUDUSD,0.63182,0.63194,0.63178,0.6318,102.0,Interval.in_5_minute,56788800.0
3495,2023-10-20 06:45:00,OANDA:AUDUSD,0.6318,0.632,0.6318,0.63196,75.0,Interval.in_5_minute,56789100.0
3496,2023-10-20 06:50:00,OANDA:AUDUSD,0.63196,0.63201,0.63194,0.63196,103.0,Interval.in_5_minute,56789400.0
3497,2023-10-20 06:55:00,OANDA:AUDUSD,0.63196,0.63201,0.63185,0.63196,110.0,Interval.in_5_minute,56789700.0
3498,2023-10-20 07:00:00,OANDA:AUDUSD,0.63196,0.63198,0.63175,0.63178,113.0,Interval.in_5_minute,56790000.0
3499,2023-10-20 07:05:00,OANDA:AUDUSD,0.63178,0.63182,0.63175,0.6318,57.0,Interval.in_5_minute,56790300.0
3500,2023-10-20 07:10:00,OANDA:AUDUSD,0.6318,0.63182,0.63148,0.63149,134.0,Interval.in_5_minute,56790600.0
3501,2023-10-20 07:15:00,OANDA:AUDUSD,0.63149,0.6315,0.63132,0.63142,82.0,Interval.in_5_minute,56790900.0
3502,2023-10-20 07:20:00,OANDA:AUDUSD,0.63142,0.63156,0.63134,0.63156,101.0,Interval.in_5_minute,56791200.0
3503,2023-10-20 07:25:00,OANDA:AUDUSD,0.63156,0.63156,0.63142,0.63144,83.0,Interval.in_5_minute,56791500.0
3504,2023-10-20 07:30:00,OANDA:AUDUSD,0.63144,0.63166,0.63144,0.63144,137.0,Interval.in_5_minute,56791800.0
3505,2023-10-20 07:35:00,OANDA:AUDUSD,0.63144,0.63176,0.63144,0.63174,122.0,Interval.in_5_minute,56792100.0
3506,2023-10-20 07:40:00,OANDA:AUDUSD,0.63174,0.63174,0.63156,0.63162,117.0,Interval.in_5_minute,56792400.0
3507,2023-10-20 07:45:00,OANDA:AUDUSD,0.63162,0.63164,0.63136,0.63138,96.0,Interval.in_5_minute,56792700.0
3508,2023-10-20 07:50:00,OANDA:AUDUSD,0.63138,0.63162,0.63132,0.6316,121.0,Interval.in_5_minute,56793000.0
3509,2023-10-20 07:55:00,OANDA:AUDUSD,0.6316,0.63167,0.63148,0.63151,116.0,Interval.in_5_minute,56793300.0
3510,2023-10-20 08:00:00,OANDA:AUDUSD,0.63151,0.63158,0.63138,0.6314,136.0,Interval.in_5_minute,56793600.0
3511,2023-10-20 08:05:00,OANDA:AUDUSD,0.6314,0.6314,0.6311,0.63127,189.0,Interval.in_5_minute,56793900.0
3512,2023-10-20 08:10:00,OANDA:AUDUSD,0.63127,0.63128,0.63118,0.63122,127.0,Interval.in_5_minute,56794200.0
3513,2023-10-20 08:15:00,OANDA:AUDUSD,0.63122,0.63157,0.63122,0.6314,113.0,Interval.in_5_minute,56794500.0
3514,2023-10-20 08:20:00,OANDA:AUDUSD,0.6314,0.63158,0.63136,0.63154,128.0,Interval.in_5_minute,56794800.0
3515,2023-10-20 08:25:00,OANDA:AUDUSD,0.63154,0.63191,0.6315,0.63181,115.0,Interval.in_5_minute,56795100.0
3516,2023-10-20 08:30:00,OANDA:AUDUSD,0.63181,0.63201,0.6318,0.63194,182.0,Interval.in_5_minute,56795400.0
3517,2023-10-20 08:35:00,OANDA:AUDUSD,0.63194,0.63194,0.63154,0.63158,151.0,Interval.in_5_minute,56795700.0
3518,2023-10-20 08:40:00,OANDA:AUDUSD,0.63158,0.63165,0.63144,0.63154,144.0,Interval.in_5_minute,56796000.0
3519,2023-10-20 08:45:00,OANDA:AUDUSD,0.63154,0.63165,0.63151,0.63155,98.0,Interval.in_5_minute,56796300.0
3520,2023-10-20 08:50:00,OANDA:AUDUSD,0.63155,0.63158,0.63136,0.63136,116.0,Interval.in_5_minute,56796600.0
3521,2023-10-20 08:55:00,OANDA:AUDUSD,0.63136,0.63142,0.63117,0.63117,137.0,Interval.in_5_minute,56796900.0
3522,2023-10-20 09:00:00,OANDA:AUDUSD,0.63117,0.63155,0.631,0.63134,259.0,Interval.in_5_minute,56797200.0
3523,2023-10-20 09:05:00,OANDA:AUDUSD,0.63134,0.63158,0.63116,0.6315,240.0,Interval.in_5_minute,56797500.0
3524,2023-10-20 09:10:00,OANDA:AUDUSD,0.6315,0.6315,0.631,0.631,141.0,Interval.in_5_minute,56797800.0
3525,2023-10-20 09:15:00,OANDA:AUDUSD,0.631,0.63114,0.63094,0.631,118.0,Interval.in_5_minute,56798100.0
3526,2023-10-20 09:20:00,OANDA:AUDUSD,0.631,0.631,0.63063,0.63091,181.0,Interval.in_5_minute,56798400.0
3527,2023-10-20 09:25:00,OANDA:AUDUSD,0.63091,0.63094,0.63074,0.63086,146.0,Interval.in_5_minute,56798700.0
3528,2023-10-20 09:30:00,OANDA:AUDUSD,0.63086,0.63088,0.6307,0.6308,201.0,Interval.in_5_minute,56799000.0
3529,2023-10-20 09:35:00,OANDA:AUDUSD,0.6308,0.6308,0.63044,0.63056,241.0,Interval.in_5_minute,56799300.0
3530,2023-10-20 09:40:00,OANDA:AUDUSD,0.63056,0.63108,0.63042,0.63097,216.0,Interval.in_5_minute,56799600.0
3531,2023-10-20 09:45:00,OANDA:AUDUSD,0.63097,0.63104,0.63088,0.63101,158.0,Interval.in_5_minute,56799900.0
3532,2023-10-20 09:50:00,OANDA:AUDUSD,0.63101,0.63112,0.63093,0.63104,163.0,Interval.in_5_minute,56800200.0
3533,2023-10-20 09:55:00,OANDA:AUDUSD,0.63104,0.63149,0.63102,0.63143,219.0,Interval.in_5_minute,56800500.0
3534,2023-10-20 10:00:00,OANDA:AUDUSD,0.63143,0.63143,0.63112,0.63124,325.0,Interval.in_5_minute,56800800.0
3535,2023-10-20 10:05:00,OANDA:AUDUSD,0.63124,0.63142,0.63094,0.63096,282.0,Interval.in_5_minute,56801100.0
3536,2023-10-20 10:10:00,OANDA:AUDUSD,0.63096,0.63117,0.63082,0.63086,268.0,Interval.in_5_minute,56801400.0
3537,2023-10-20 10:15:00,OANDA:AUDUSD,0.63086,0.63105,0.63076,0.631,233.0,Interval.in_5_minute,56801700.0
3538,2023-10-20 10:20:00,OANDA:AUDUSD,0.631,0.63123,0.63093,0.63098,303.0,Interval.in_5_minute,56802000.0
3539,2023-10-20 10:25:00,OANDA:AUDUSD,0.63098,0.631,0.63078,0.63084,304.0,Interval.in_5_minute,56802300.0
3540,2023-10-20 10:30:00,OANDA:AUDUSD,0.63084,0.63098,0.63072,0.63083,241.0,Interval.in_5_minute,56802600.0
3541,2023-10-20 10:35:00,OANDA:AUDUSD,0.63083,0.63122,0.63074,0.63107,290.0,Interval.in_5_minute,56802900.0
3542,2023-10-20 10:40:00,OANDA:AUDUSD,0.63107,0.63107,0.63066,0.63068,167.0,Interval.in_5_minute,56803200.0
3543,2023-10-20 10:45:00,OANDA:AUDUSD,0.63068,0.63084,0.63062,0.63067,218.0,Interval.in_5_minute,56803500.0
3544,2023-10-20 10:50:00,OANDA:AUDUSD,0.63067,0.63076,0.63056,0.63067,201.0,Interval.in_5_minute,56803800.0
3545,2023-10-20 10:55:00,OANDA:AUDUSD,0.63067,0.63067,0.63014,0.63016,243.0,Interval.in_5_minute,56804100.0
3546,2023-10-20 11:00:00,OANDA:AUDUSD,0.63016,0.63019,0.62974,0.63016,180.0,Interval.in_5_minute,56804400.0
3547,2023-10-20 11:05:00,OANDA:AUDUSD,0.63016,0.63032,0.63004,0.63018,201.0,Interval.in_5_minute,56804700.0
3548,2023-10-20 11:10:00,OANDA:AUDUSD,0.63018,0.6303,0.63006,0.63021,198.0,Interval.in_5_minute,56805000.0
3549,2023-10-20 11:15:00,OANDA:AUDUSD,0.63021,0.6304,0.63021,0.63036,163.0,Interval.in_5_minute,56805300.0
3550,2023-10-20 11:20:00,OANDA:AUDUSD,0.63036,0.631,0.63027,0.6307,317.0,Interval.in_5_minute,56805600.0
3551,2023-10-20 11:25:00,OANDA:AUDUSD,0.6307,0.63088,0.63061,0.63064,251.0,Interval.in_5_minute,56805900.0
3552,2023-10-20 11:30:00,OANDA:AUDUSD,0.63064,0.63082,0.63044,0.6308,201.0,Interval.in_5_minute,56806200.0
3553,2023-10-20 11:35:00,OANDA:AUDUSD,0.6308,0.63093,0.63066,0.63092,203.0,Interval.in_5_minute,56806500.0
3554,2023-10-20 11:40:00,OANDA:AUDUSD,0.63092,0.6311,0.63086,0.63106,224.0,Interval.in_5_minute,56806800.0
3555,2023-10-20 11:45:00,OANDA:AUDUSD,0.63106,0.63134,0.631,0.63126,154.0,Interval.in_5_minute,56807100.0
3556,2023-10-20 11:50:00,OANDA:AUDUSD,0.63126,0.63128,0.63111,0.63118,124.0,Interval.in_5_minute,56807400.0
3557,2023-10-20 11:55:00,OANDA:AUDUSD,0.63118,0.63148,0.63112,0.63128,137.0,Interval.in_5_minute,56807700.0
3558,2023-10-20 12:00:00,OANDA:AUDUSD,0.63128,0.63146,0.63119,0.63132,195.0,Interval.in_5_minute,56808000.0
3559,2023-10-20 12:05:00,OANDA:AUDUSD,0.63132,0.63144,0.63122,0.63142,192.0,Interval.in_5_minute,56808300.0
3560,2023-10-20 12:10:00,OANDA:AUDUSD,0.63142,0.63172,0.63128,0.63139,182.0,Interval.in_5_minute,56808600.0
3561,2023-10-20 12:15:00,OANDA:AUDUSD,0.63139,0.63146,0.63128,0.63142,212.0,Interval.in_5_minute,56808900.0
3562,2023-10-20 12:20:00,OANDA:AUDUSD,0.63142,0.63145,0.6311,0.63114,181.0,Interval.in_5_minute,56809200.0
3563,2023-10-20 12:25:00,OANDA:AUDUSD,0.63114,0.63132,0.63106,0.63112,156.0,Interval.in_5_minute,56809500.0
3564,2023-10-20 12:30:00,OANDA:AUDUSD,0.63112,0.63114,0.63096,0.63104,178.0,Interval.in_5_minute,56809800.0
3565,2023-10-20 12:35:00,OANDA:AUDUSD,0.63104,0.63109,0.63082,0.63099,180.0,Interval.in_5_minute,56810100.0
3566,2023-10-20 12:40:00,OANDA:AUDUSD,0.63099,0.63118,0.63095,0.63116,170.0,Interval.in_5_minute,56810400.0
3567,2023-10-20 12:45:00,OANDA:AUDUSD,0.63116,0.63116,0.63078,0.6309,151.0,Interval.in_5_minute,56810700.0
3568,2023-10-20 12:50:00,OANDA:AUDUSD,0.6309,0.63138,0.6309,0.63126,153.0,Interval.in_5_minute,56811000.0
3569,2023-10-20 12:55:00,OANDA:AUDUSD,0.63126,0.63139,0.63126,0.63136,139.0,Interval.in_5_minute,56811300.0
3570,2023-10-20 13:00:00,OANDA:AUDUSD,0.63136,0.63146,0.63132,0.63136,133.0,Interval.in_5_minute,56811600.0
3571,2023-10-20 13:05:00,OANDA:AUDUSD,0.63136,0.63146,0.63122,0.63126,136.0,Interval.in_5_minute,56811900.0
3572,2023-10-20 13:10:00,OANDA:AUDUSD,0.63126,0.63126,0.6309,0.63106,134.0,Interval.in_5_minute,56812200.0
3573,2023-10-20 13:15:00,OANDA:AUDUSD,0.63106,0.63126,0.63105,0.6312,130.0,Interval.in_5_minute,56812500.0
3574,2023-10-20 13:20:00,OANDA:AUDUSD,0.6312,0.6313,0.63113,0.63121,118.0,Interval.in_5_minute,56812800.0
3575,2023-10-20 13:25:00,OANDA:AUDUSD,0.63121,0.63121,0.631,0.63103,150.0,Interval.in_5_minute,56813100.0
3576,2023-10-20 13:30:00,OANDA:AUDUSD,0.63103,0.63116,0.63101,0.63113,119.0,Interval.in_5_minute,56813400.0
3577,2023-10-20 13:35:00,OANDA:AUDUSD,0.63113,0.63138,0.63111,0.63132,109.0,Interval.in_5_minute,56813700.0
3578,2023-10-20 13:40:00,OANDA:AUDUSD,0.63132,0.63149,0.63132,0.63148,113.0,Interval.in_5_minute,56814000.0
3579,2023-10-20 13:45:00,OANDA:AUDUSD,0.63148,0.63148,0.63132,0.63142,109.0,Interval.in_5_minute,56814300.0
3580,2023-10-20 13:50:00,OANDA:AUDUSD,0.63142,0.63152,0.63135,0.63139,77.0,Interval.in_5_minute,56814600.0
3581,2023-10-20 13:55:00,OANDA:AUDUSD,0.63139,0.6315,0.63126,0.63132,118.0,Interval.in_5_minute,56814900.0
3582,2023-10-20 14:00:00,OANDA:AUDUSD,0.63132,0.63136,0.6311,0.63117,154.0,Interval.in_5_minute,56815200.0
3583,2023-10-20 14:05:00,OANDA:AUDUSD,0.63117,0.63164,0.63117,0.63151,120.0,Interval.in_5_minute,56815500.0
3584,2023-10-20 14:10:00,OANDA:AUDUSD,0.63151,0.63152,0.63141,0.63146,95.0,Interval.in_5_minute,56815800.0
3585,2023-10-20 14:15:00,OANDA:AUDUSD,0.63146,0.63159,0.63129,0.63136,102.0,Interval.in_5_minute,56816100.0
3586,2023-10-20 14:20:00,OANDA:AUDUSD,0.63136,0.63152,0.63121,0.63136,129.0,Interval.in_5_minute,56816400.0
3587,2023-10-20 14:25:00,OANDA:AUDUSD,0.63136,0.63144,0.63121,0.6314,131.0,Interval.in_5_minute,56816700.0
3588,2023-10-20 14:30:00,OANDA:AUDUSD,0.6314,0.63152,0.63132,0.63148,148.0,Interval.in_5_minute,56817000.0
3589,2023-10-20 14:35:00,OANDA:AUDUSD,0.63148,0.6316,0.63143,0.63158,176.0,Interval.in_5_minute,56817300.0
3590,2023-10-20 14:40:00,OANDA:AUDUSD,0.63158,0.63158,0.63106,0.63133,204.0,Interval.in_5_minute,56817600.0
3591,2023-10-20 14:45:00,OANDA:AUDUSD,0.63133,0.63154,0.63133,0.63139,174.0,Interval.in_5_minute,56817900.0
3592,2023-10-20 14:50:00,OANDA:AUDUSD,0.63139,0.63154,0.63126,0.63128,159.0,Interval.in_5_minute,56818200.0
3593,2023-10-20 14:55:00,OANDA:AUDUSD,0.63128,0.63148,0.63126,0.63134,184.0,Interval.in_5_minute,56818500.0
3594,2023-10-20 15:00:00,OANDA:AUDUSD,0.63134,0.6314,0.63122,0.63132,101.0,Interval.in_5_minute,56818800.0
3595,2023-10-20 15:05:00,OANDA:AUDUSD,0.63132,0.63155,0.63128,0.63146,181.0,Interval.in_5_minute,56819100.0
3596,2023-10-20 15:10:00,OANDA:AUDUSD,0.63146,0.6316,0.63122,0.63129,234.0,Interval.in_5_minute,56819400.0
3597,2023-10-20 15:15:00,OANDA:AUDUSD,0.63129,0.6313,0.631,0.63104,197.0,Interval.in_5_minute,56819700.0
3598,2023-10-20 15:20:00,OANDA:AUDUSD,0.63104,0.63116,0.63034,0.63038,314.0,Interval.in_5_minute,56820000.0
3599,2023-10-20 15:25:00,OANDA:AUDUSD,0.63038,0.6306,0.62995,0.63041,373.0,Interval.in_5_minute,56820300.0
3600,2023-10-20 15:30:00,OANDA:AUDUSD,0.63041,0.6308,0.63038,0.63062,279.0,Interval.in_5_minute,56820600.0
3601,2023-10-20 15:35:00,OANDA:AUDUSD,0.63062,0.63086,0.63051,0.63086,229.0,Interval.in_5_minute,56820900.0
3602,2023-10-20 15:40:00,OANDA:AUDUSD,0.63086,0.63126,0.63082,0.6309,306.0,Interval.in_5_minute,56821200.0
3603,2023-10-20 15:45:00,OANDA:AUDUSD,0.6309,0.6311,0.63084,0.63101,223.0,Interval.in_5_minute,56821500.0
3604,2023-10-20 15:50:00,OANDA:AUDUSD,0.63101,0.63102,0.63064,0.63066,194.0,Interval.in_5_minute,56821800.0
3605,2023-10-20 15:55:00,OANDA:AUDUSD,0.63066,0.63105,0.63058,0.63095,206.0,Interval.in_5_minute,56822100.0
3606,2023-10-20 16:00:00,OANDA:AUDUSD,0.63095,0.63131,0.63095,0.63123,397.0,Interval.in_5_minute,56822400.0
3607,2023-10-20 16:05:00,OANDA:AUDUSD,0.63123,0.6313,0.63089,0.63124,257.0,Interval.in_5_minute,56822700.0
3608,2023-10-20 16:10:00,OANDA:AUDUSD,0.63124,0.6314,0.6312,0.63122,179.0,Interval.in_5_minute,56823000.0
3609,2023-10-20 16:15:00,OANDA:AUDUSD,0.63122,0.63138,0.63104,0.63131,255.0,Interval.in_5_minute,56823300.0
3610,2023-10-20 16:20:00,OANDA:AUDUSD,0.63131,0.6316,0.63128,0.63155,264.0,Interval.in_5_minute,56823600.0
3611,2023-10-20 16:25:00,OANDA:AUDUSD,0.63155,0.63162,0.63126,0.63134,243.0,Interval.in_5_minute,56823900.0
3612,2023-10-20 16:30:00,OANDA:AUDUSD,0.63134,0.63184,0.63115,0.63179,489.0,Interval.in_5_minute,56824200.0
3613,2023-10-20 16:35:00,OANDA:AUDUSD,0.63179,0.63194,0.63163,0.63174,416.0,Interval.in_5_minute,56824500.0
3614,2023-10-20 16:40:00,OANDA:AUDUSD,0.63174,0.63181,0.63154,0.63164,302.0,Interval.in_5_minute,56824800.0
3615,2023-10-20 16:45:00,OANDA:AUDUSD,0.63164,0.63223,0.63162,0.63208,386.0,Interval.in_5_minute,56825100.0
3616,2023-10-20 16:50:00,OANDA:AUDUSD,0.63208,0.63228,0.63187,0.63224,406.0,Interval.in_5_minute,56825400.0
3617,2023-10-20 16:55:00,OANDA:AUDUSD,0.63224,0.63248,0.63202,0.63203,376.0,Interval.in_5_minute,56825700.0
3618,2023-10-20 17:00:00,OANDA:AUDUSD,0.63203,0.63244,0.63188,0.63212,471.0,Interval.in_5_minute,56826000.0
3619,2023-10-20 17:05:00,OANDA:AUDUSD,0.63212,0.6324,0.63168,0.6319,473.0,Interval.in_5_minute,56826300.0
3620,2023-10-20 17:10:00,OANDA:AUDUSD,0.6319,0.632,0.63139,0.6314,438.0,Interval.in_5_minute,56826600.0
3621,2023-10-20 17:15:00,OANDA:AUDUSD,0.6314,0.63141,0.63106,0.63114,343.0,Interval.in_5_minute,56826900.0
3622,2023-10-20 17:20:00,OANDA:AUDUSD,0.63114,0.63153,0.63106,0.63131,263.0,Interval.in_5_minute,56827200.0
3623,2023-10-20 17:25:00,OANDA:AUDUSD,0.63131,0.63139,0.63106,0.63116,300.0,Interval.in_5_minute,56827500.0
3624,2023-10-20 17:30:00,OANDA:AUDUSD,0.63116,0.63172,0.63108,0.6317,294.0,Interval.in_5_minute,56827800.0
3625,2023-10-20 17:35:00,OANDA:AUDUSD,0.6317,0.63202,0.63164,0.63172,351.0,Interval.in_5_minute,56828100.0
3626,2023-10-20 17:40:00,OANDA:AUDUSD,0.63172,0.63185,0.63158,0.6316,356.0,Interval.in_5_minute,56828400.0
3627,2023-10-20 17:45:00,OANDA:AUDUSD,0.6316,0.63191,0.63142,0.6319,352.0,Interval.in_5_minute,56828700.0
3628,2023-10-20 17:50:00,OANDA:AUDUSD,0.6319,0.63229,0.63188,0.63219,293.0,Interval.in_5_minute,56829000.0
3629,2023-10-20 17:55:00,OANDA:AUDUSD,0.63219,0.6322,0.63197,0.63204,207.0,Interval.in_5_minute,56829300.0
3630,2023-10-20 18:00:00,OANDA:AUDUSD,0.63204,0.63242,0.63182,0.63234,252.0,Interval.in_5_minute,56829600.0
3631,2023-10-20 18:05:00,OANDA:AUDUSD,0.63234,0.63257,0.63222,0.63226,252.0,Interval.in_5_minute,56829900.0
3632,2023-10-20 18:10:00,OANDA:AUDUSD,0.63226,0.63229,0.63177,0.63218,280.0,Interval.in_5_minute,56830200.0
3633,2023-10-20 18:15:00,OANDA:AUDUSD,0.63218,0.63243,0.63202,0.63214,287.0,Interval.in_5_minute,56830500.0
3634,2023-10-20 18:20:00,OANDA:AUDUSD,0.63214,0.63224,0.6319,0.63192,228.0,Interval.in_5_minute,56830800.0
3635,2023-10-20 18:25:00,OANDA:AUDUSD,0.63192,0.632,0.63178,0.63188,133.0,Interval.in_5_minute,56831100.0
3636,2023-10-20 18:30:00,OANDA:AUDUSD,0.63188,0.63188,0.63126,0.63127,202.0,Interval.in_5_minute,56831400.0
3637,2023-10-20 18:35:00,OANDA:AUDUSD,0.63127,0.63152,0.63127,0.63135,260.0,Interval.in_5_minute,56831700.0
3638,2023-10-20 18:40:00,OANDA:AUDUSD,0.63135,0.63166,0.63124,0.63152,224.0,Interval.in_5_minute,56832000.0
3639,2023-10-20 18:45:00,OANDA:AUDUSD,0.63152,0.63167,0.63143,0.63162,231.0,Interval.in_5_minute,56832300.0
3640,2023-10-20 18:50:00,OANDA:AUDUSD,0.63162,0.63182,0.63153,0.6318,204.0,Interval.in_5_minute,56832600.0
3641,2023-10-20 18:55:00,OANDA:AUDUSD,0.6318,0.63192,0.63176,0.63182,142.0,Interval.in_5_minute,56832900.0
3642,2023-10-20 19:00:00,OANDA:AUDUSD,0.63182,0.63196,0.63124,0.63131,163.0,Interval.in_5_minute,56833200.0
3643,2023-10-20 19:05:00,OANDA:AUDUSD,0.63131,0.63132,0.63096,0.63109,152.0,Interval.in_5_minute,56833500.0
3644,2023-10-20 19:10:00,OANDA:AUDUSD,0.63109,0.6312,0.63098,0.63107,176.0,Interval.in_5_minute,56833800.0
3645,2023-10-20 19:15:00,OANDA:AUDUSD,0.63107,0.63147,0.631,0.63147,210.0,Interval.in_5_minute,56834100.0
3646,2023-10-20 19:20:00,OANDA:AUDUSD,0.63147,0.63159,0.63134,0.63148,160.0,Interval.in_5_minute,56834400.0
3647,2023-10-20 19:25:00,OANDA:AUDUSD,0.63148,0.63158,0.63139,0.63145,150.0,Interval.in_5_minute,56834700.0
3648,2023-10-20 19:30:00,OANDA:AUDUSD,0.63145,0.6317,0.63145,0.6317,119.0,Interval.in_5_minute,56835000.0
3649,2023-10-20 19:35:00,OANDA:AUDUSD,0.6317,0.63191,0.63164,0.63176,149.0,Interval.in_5_minute,56835300.0
3650,2023-10-20 19:40:00,OANDA:AUDUSD,0.63176,0.6319,0.63155,0.63183,129.0,Interval.in_5_minute,56835600.0
3651,2023-10-20 19:45:00,OANDA:AUDUSD,0.63183,0.63192,0.63174,0.63188,117.0,Interval.in_5_minute,56835900.0
3652,2023-10-20 19:50:00,OANDA:AUDUSD,0.63188,0.63194,0.6317,0.63178,201.0,Interval.in_5_minute,56836200.0
3653,2023-10-20 19:55:00,OANDA:AUDUSD,0.63178,0.63197,0.63173,0.6319,216.0,Interval.in_5_minute,56836500.0
3654,2023-10-20 20:00:00,OANDA:AUDUSD,0.6319,0.63204,0.63178,0.63182,263.0,Interval.in_5_minute,56836800.0
3655,2023-10-20 20:05:00,OANDA:AUDUSD,0.63182,0.63186,0.63162,0.63183,179.0,Interval.in_5_minute,56837100.0
3656,2023-10-20 20:10:00,OANDA:AUDUSD,0.63183,0.63228,0.63183,0.63222,190.0,Interval.in_5_minute,56837400.0
3657,2023-10-20 20:15:00,OANDA:AUDUSD,0.63222,0.6324,0.63212,0.63224,288.0,Interval.in_5_minute,56837700.0
3658,2023-10-20 20:20:00,OANDA:AUDUSD,0.63224,0.63236,0.63202,0.63222,161.0,Interval.in_5_minute,56838000.0
3659,2023-10-20 20:25:00,OANDA:AUDUSD,0.63222,0.6323,0.63208,0.63226,118.0,Interval.in_5_minute,56838300.0
3660,2023-10-20 20:30:00,OANDA:AUDUSD,0.63226,0.63232,0.63206,0.63218,105.0,Interval.in_5_minute,56838600.0
3661,2023-10-20 20:35:00,OANDA:AUDUSD,0.63218,0.63226,0.63193,0.63193,178.0,Interval.in_5_minute,56838900.0
3662,2023-10-20 20:40:00,OANDA:AUDUSD,0.63193,0.6325,0.63193,0.63229,138.0,Interval.in_5_minute,56839200.0
3663,2023-10-20 20:45:00,OANDA:AUDUSD,0.63229,0.63236,0.63168,0.63168,218.0,Interval.in_5_minute,56839500.0
3664,2023-10-20 20:50:00,OANDA:AUDUSD,0.63168,0.63188,0.63164,0.63169,197.0,Interval.in_5_minute,56839800.0
3665,2023-10-20 20:55:00,OANDA:AUDUSD,0.63169,0.63184,0.63166,0.63184,160.0,Interval.in_5_minute,56840100.0
3666,2023-10-20 21:00:00,OANDA:AUDUSD,0.63184,0.63192,0.6316,0.63168,245.0,Interval.in_5_minute,56840400.0
3667,2023-10-20 21:05:00,OANDA:AUDUSD,0.63168,0.63183,0.63158,0.6317,211.0,Interval.in_5_minute,56840700.0
3668,2023-10-20 21:10:00,OANDA:AUDUSD,0.6317,0.63174,0.63124,0.63126,187.0,Interval.in_5_minute,56841000.0
3669,2023-10-20 21:15:00,OANDA:AUDUSD,0.63126,0.63136,0.6311,0.63124,154.0,Interval.in_5_minute,56841300.0
3670,2023-10-20 21:20:00,OANDA:AUDUSD,0.63124,0.63138,0.63114,0.63122,228.0,Interval.in_5_minute,56841600.0
3671,2023-10-20 21:25:00,OANDA:AUDUSD,0.63122,0.63124,0.6311,0.63122,185.0,Interval.in_5_minute,56841900.0
3672,2023-10-20 21:30:00,OANDA:AUDUSD,0.63122,0.63147,0.63112,0.63142,96.0,Interval.in_5_minute,56842200.0
3673,2023-10-20 21:35:00,OANDA:AUDUSD,0.63142,0.63154,0.63129,0.63138,101.0,Interval.in_5_minute,56842500.0
3674,2023-10-20 21:40:00,OANDA:AUDUSD,0.63138,0.6314,0.6312,0.63134,142.0,Interval.in_5_minute,56842800.0
3675,2023-10-20 21:45:00,OANDA:AUDUSD,0.63134,0.63148,0.6313,0.63146,179.0,Interval.in_5_minute,56843100.0
3676,2023-10-20 21:50:00,OANDA:AUDUSD,0.63146,0.63158,0.63139,0.63149,154.0,Interval.in_5_minute,56843400.0
3677,2023-10-20 21:55:00,OANDA:AUDUSD,0.63149,0.63169,0.63139,0.63142,137.0,Interval.in_5_minute,56843700.0
3678,2023-10-20 22:00:00,OANDA:AUDUSD,0.63142,0.63154,0.63134,0.63134,137.0,Interval.in_5_minute,56844000.0
3679,2023-10-20 22:05:00,OANDA:AUDUSD,0.63134,0.63148,0.63128,0.6313,101.0,Interval.in_5_minute,56844300.0
3680,2023-10-20 22:10:00,OANDA:AUDUSD,0.6313,0.63138,0.6312,0.63134,161.0,Interval.in_5_minute,56844600.0
3681,2023-10-20 22:15:00,OANDA:AUDUSD,0.63134,0.63162,0.63131,0.63155,149.0,Interval.in_5_minute,56844900.0
3682,2023-10-20 22:20:00,OANDA:AUDUSD,0.63155,0.63155,0.63121,0.63125,91.0,Interval.in_5_minute,56845200.0
3683,2023-10-20 22:25:00,OANDA:AUDUSD,0.63125,0.6313,0.63109,0.6313,131.0,Interval.in_5_minute,56845500.0
3684,2023-10-20 22:30:00,OANDA:AUDUSD,0.6313,0.6314,0.63124,0.63134,145.0,Interval.in_5_minute,56845800.0
3685,2023-10-20 22:35:00,OANDA:AUDUSD,0.63134,0.63142,0.63119,0.63124,172.0,Interval.in_5_minute,56846100.0
3686,2023-10-20 22:40:00,OANDA:AUDUSD,0.63124,0.63125,0.63096,0.63104,101.0,Interval.in_5_minute,56846400.0
3687,2023-10-20 22:45:00,OANDA:AUDUSD,0.63104,0.6311,0.63096,0.63106,106.0,Interval.in_5_minute,56846700.0
3688,2023-10-20 22:50:00,OANDA:AUDUSD,0.63106,0.6311,0.63094,0.63105,164.0,Interval.in_5_minute,56847000.0
3689,2023-10-20 22:55:00,OANDA:AUDUSD,0.63105,0.63124,0.63105,0.63116,137.0,Interval.in_5_minute,56847300.0
3690,2023-10-20 23:00:00,OANDA:AUDUSD,0.63116,0.6313,0.63104,0.6313,73.0,Interval.in_5_minute,56847600.0
3691,2023-10-20 23:05:00,OANDA:AUDUSD,0.6313,0.6313,0.6312,0.63126,45.0,Interval.in_5_minute,56847900.0
3692,2023-10-20 23:10:00,OANDA:AUDUSD,0.63126,0.63129,0.63122,0.63128,24.0,Interval.in_5_minute,56848200.0
3693,2023-10-20 23:15:00,OANDA:AUDUSD,0.63128,0.63139,0.63126,0.6313,37.0,Interval.in_5_minute,56848500.0
3694,2023-10-20 23:20:00,OANDA:AUDUSD,0.6313,0.6313,0.63121,0.63124,12.0,Interval.in_5_minute,56848800.0
3695,2023-10-20 23:25:00,OANDA:AUDUSD,0.63124,0.63125,0.63118,0.63123,16.0,Interval.in_5_minute,56849100.0
3696,2023-10-20 23:30:00,OANDA:AUDUSD,0.63123,0.63126,0.63118,0.63118,24.0,Interval.in_5_minute,56849400.0
3697,2023-10-20 23:35:00,OANDA:AUDUSD,0.63118,0.63119,0.63102,0.63102,47.0,Interval.in_5_minute,56849700.0
3698,2023-10-20 23:40:00,OANDA:AUDUSD,0.63102,0.63114,0.63101,0.63114,36.0,Interval.in_5_minute,56850000.0
3699,2023-10-20 23:45:00,OANDA:AUDUSD,0.63114,0.63122,0.63106,0.6312,56.0,Interval.in_5_minute,56850300.0
3700,2023-10-20 23:50:00,OANDA:AUDUSD,0.6312,0.63136,0.6312,0.63134,61.0,Interval.in_5_minute,56850600.0
3701,2023-10-20 23:55:00,OANDA:AUDUSD,0.63134,0.63152,0.63124,0.63143,125.0,Interval.in_5_minute,56850900.0
3702,2023-10-23 00:00:00,OANDA:AUDUSD,0.63143,0.63174,0.63143,0.63174,9.0,Interval.in_5_minute,57024000.0
3703,2023-10-23 00:05:00,OANDA:AUDUSD,0.63174,0.63176,0.63166,0.63166,5.0,Interval.in_5_minute,57024300.0
3704,2023-10-23 00:10:00,OANDA:AUDUSD,0.63166,0.63166,0.63131,0.63131,6.0,Interval.in_5_minute,57024600.0
3705,2023-10-23 00:15:00,OANDA:AUDUSD,0.63131,0.63194,0.63131,0.63177,16.0,Interval.in_5_minute,57024900.0
3706,2023-10-23 00:20:00,OANDA:AUDUSD,0.63177,0.63214,0.63177,0.63214,4.0,Interval.in_5_minute,57025200.0
3707,2023-10-23 00:25:00,OANDA:AUDUSD,0.63214,0.63217,0.63214,0.63214,5.0,Interval.in_5_minute,57025500.0
3708,2023-10-23 00:30:00,OANDA:AUDUSD,0.63214,0.63214,0.63128,0.6313,56.0,Interval.in_5_minute,57025800.0
3709,2023-10-23 00:35:00,OANDA:AUDUSD,0.6313,0.6317,0.6313,0.63158,13.0,Interval.in_5_minute,57026100.0
3710,2023-10-23 00:40:00,OANDA:AUDUSD,0.63158,0.63158,0.63144,0.63154,159.0,Interval.in_5_minute,57026400.0
3711,2023-10-23 00:45:00,OANDA:AUDUSD,0.63154,0.63156,0.63139,0.63139,51.0,Interval.in_5_minute,57026700.0
3712,2023-10-23 00:50:00,OANDA:AUDUSD,0.63139,0.63154,0.63139,0.63148,14.0,Interval.in_5_minute,57027000.0
3713,2023-10-23 00:55:00,OANDA:AUDUSD,0.63148,0.63171,0.63148,0.63171,22.0,Interval.in_5_minute,57027300.0
3714,2023-10-23 01:00:00,OANDA:AUDUSD,0.63171,0.63171,0.63114,0.63154,201.0,Interval.in_5_minute,57027600.0
3715,2023-10-23 01:05:00,OANDA:AUDUSD,0.63154,0.6316,0.6314,0.63143,80.0,Interval.in_5_minute,57027900.0
3716,2023-10-23 01:10:00,OANDA:AUDUSD,0.63143,0.6318,0.63143,0.6318,56.0,Interval.in_5_minute,57028200.0
3717,2023-10-23 01:15:00,OANDA:AUDUSD,0.6318,0.6321,0.6318,0.63204,93.0,Interval.in_5_minute,57028500.0
3718,2023-10-23 01:20:00,OANDA:AUDUSD,0.63204,0.63206,0.63201,0.63202,50.0,Interval.in_5_minute,57028800.0
3719,2023-10-23 01:25:00,OANDA:AUDUSD,0.63202,0.63203,0.63185,0.632,78.0,Interval.in_5_minute,57029100.0
3720,2023-10-23 01:30:00,OANDA:AUDUSD,0.632,0.632,0.63175,0.63176,107.0,Interval.in_5_minute,57029400.0
3721,2023-10-23 01:35:00,OANDA:AUDUSD,0.63176,0.6318,0.63162,0.63165,58.0,Interval.in_5_minute,57029700.0
3722,2023-10-23 01:40:00,OANDA:AUDUSD,0.63165,0.63176,0.63164,0.6317,52.0,Interval.in_5_minute,57030000.0
3723,2023-10-23 01:45:00,OANDA:AUDUSD,0.6317,0.63175,0.6316,0.6316,37.0,Interval.in_5_minute,57030300.0
3724,2023-10-23 01:50:00,OANDA:AUDUSD,0.6316,0.63176,0.6316,0.63174,29.0,Interval.in_5_minute,57030600.0
3725,2023-10-23 01:55:00,OANDA:AUDUSD,0.63174,0.63182,0.63167,0.6318,37.0,Interval.in_5_minute,57030900.0
3726,2023-10-23 02:00:00,OANDA:AUDUSD,0.6318,0.63197,0.63179,0.63186,132.0,Interval.in_5_minute,57031200.0
3727,2023-10-23 02:05:00,OANDA:AUDUSD,0.63186,0.632,0.63184,0.63198,80.0,Interval.in_5_minute,57031500.0
3728,2023-10-23 02:10:00,OANDA:AUDUSD,0.63198,0.63214,0.63197,0.63199,63.0,Interval.in_5_minute,57031800.0
3729,2023-10-23 02:15:00,OANDA:AUDUSD,0.63199,0.63208,0.63187,0.63187,68.0,Interval.in_5_minute,57032100.0
3730,2023-10-23 02:20:00,OANDA:AUDUSD,0.63187,0.63187,0.63174,0.63184,67.0,Interval.in_5_minute,57032400.0
3731,2023-10-23 02:25:00,OANDA:AUDUSD,0.63184,0.632,0.6318,0.632,71.0,Interval.in_5_minute,57032700.0
3732,2023-10-23 02:30:00,OANDA:AUDUSD,0.632,0.632,0.63184,0.63187,52.0,Interval.in_5_minute,57033000.0
3733,2023-10-23 02:35:00,OANDA:AUDUSD,0.63187,0.63197,0.63187,0.63196,40.0,Interval.in_5_minute,57033300.0
3734,2023-10-23 02:40:00,OANDA:AUDUSD,0.63196,0.63219,0.63196,0.63219,121.0,Interval.in_5_minute,57033600.0
3735,2023-10-23 02:45:00,OANDA:AUDUSD,0.63219,0.6322,0.63194,0.63209,79.0,Interval.in_5_minute,57033900.0
3736,2023-10-23 02:50:00,OANDA:AUDUSD,0.63209,0.63218,0.6319,0.6319,65.0,Interval.in_5_minute,57034200.0
3737,2023-10-23 02:55:00,OANDA:AUDUSD,0.6319,0.63204,0.63188,0.63201,125.0,Interval.in_5_minute,57034500.0
3738,2023-10-23 03:00:00,OANDA:AUDUSD,0.63201,0.6322,0.63196,0.63211,134.0,Interval.in_5_minute,57034800.0
3739,2023-10-23 03:05:00,OANDA:AUDUSD,0.63211,0.63213,0.6319,0.63192,96.0,Interval.in_5_minute,57035100.0
3740,2023-10-23 03:10:00,OANDA:AUDUSD,0.63192,0.63196,0.63172,0.63174,109.0,Interval.in_5_minute,57035400.0
3741,2023-10-23 03:15:00,OANDA:AUDUSD,0.63174,0.63176,0.63148,0.63158,128.0,Interval.in_5_minute,57035700.0
3742,2023-10-23 03:20:00,OANDA:AUDUSD,0.63158,0.63172,0.6314,0.63146,91.0,Interval.in_5_minute,57036000.0
3743,2023-10-23 03:25:00,OANDA:AUDUSD,0.63146,0.63146,0.631,0.63105,90.0,Interval.in_5_minute,57036300.0
3744,2023-10-23 03:30:00,OANDA:AUDUSD,0.63105,0.63132,0.63077,0.63132,92.0,Interval.in_5_minute,57036600.0
3745,2023-10-23 03:35:00,OANDA:AUDUSD,0.63132,0.6315,0.63132,0.63144,99.0,Interval.in_5_minute,57036900.0
3746,2023-10-23 03:40:00,OANDA:AUDUSD,0.63144,0.63154,0.63122,0.63122,133.0,Interval.in_5_minute,57037200.0
3747,2023-10-23 03:45:00,OANDA:AUDUSD,0.63122,0.63131,0.63116,0.63121,92.0,Interval.in_5_minute,57037500.0
3748,2023-10-23 03:50:00,OANDA:AUDUSD,0.63121,0.6314,0.63106,0.63134,187.0,Interval.in_5_minute,57037800.0
3749,2023-10-23 03:55:00,OANDA:AUDUSD,0.63134,0.63134,0.63115,0.63122,108.0,Interval.in_5_minute,57038100.0
3750,2023-10-23 04:00:00,OANDA:AUDUSD,0.63122,0.63122,0.6308,0.63096,203.0,Interval.in_5_minute,57038400.0
3751,2023-10-23 04:05:00,OANDA:AUDUSD,0.63096,0.63112,0.63078,0.63091,206.0,Interval.in_5_minute,57038700.0
3752,2023-10-23 04:10:00,OANDA:AUDUSD,0.63091,0.6312,0.63091,0.63102,122.0,Interval.in_5_minute,57039000.0
3753,2023-10-23 04:15:00,OANDA:AUDUSD,0.63102,0.6314,0.631,0.63132,167.0,Interval.in_5_minute,57039300.0
3754,2023-10-23 04:20:00,OANDA:AUDUSD,0.63132,0.63134,0.63118,0.6312,120.0,Interval.in_5_minute,57039600.0
3755,2023-10-23 04:25:00,OANDA:AUDUSD,0.6312,0.63128,0.63112,0.63119,55.0,Interval.in_5_minute,57039900.0
3756,2023-10-23 04:30:00,OANDA:AUDUSD,0.63119,0.63133,0.63108,0.63116,78.0,Interval.in_5_minute,57040200.0
3757,2023-10-23 04:35:00,OANDA:AUDUSD,0.63116,0.63149,0.63112,0.63149,144.0,Interval.in_5_minute,57040500.0
3758,2023-10-23 04:40:00,OANDA:AUDUSD,0.63149,0.63149,0.63136,0.63145,63.0,Interval.in_5_minute,57040800.0
3759,2023-10-23 04:45:00,OANDA:AUDUSD,0.63145,0.63156,0.63144,0.63153,90.0,Interval.in_5_minute,57041100.0
3760,2023-10-23 04:50:00,OANDA:AUDUSD,0.63153,0.63172,0.63149,0.63163,74.0,Interval.in_5_minute,57041400.0
3761,2023-10-23 04:55:00,OANDA:AUDUSD,0.63163,0.63165,0.63153,0.63156,87.0,Interval.in_5_minute,57041700.0
3762,2023-10-23 05:00:00,OANDA:AUDUSD,0.63156,0.63166,0.6314,0.63146,94.0,Interval.in_5_minute,57042000.0
3763,2023-10-23 05:05:00,OANDA:AUDUSD,0.63146,0.63154,0.63136,0.63138,114.0,Interval.in_5_minute,57042300.0
3764,2023-10-23 05:10:00,OANDA:AUDUSD,0.63138,0.63138,0.63122,0.6313,104.0,Interval.in_5_minute,57042600.0
3765,2023-10-23 05:15:00,OANDA:AUDUSD,0.6313,0.63135,0.63122,0.63134,93.0,Interval.in_5_minute,57042900.0
3766,2023-10-23 05:20:00,OANDA:AUDUSD,0.63134,0.63144,0.63131,0.63133,69.0,Interval.in_5_minute,57043200.0
3767,2023-10-23 05:25:00,OANDA:AUDUSD,0.63133,0.63136,0.63122,0.63124,75.0,Interval.in_5_minute,57043500.0
3768,2023-10-23 05:30:00,OANDA:AUDUSD,0.63124,0.63136,0.6312,0.63132,77.0,Interval.in_5_minute,57043800.0
3769,2023-10-23 05:35:00,OANDA:AUDUSD,0.63132,0.63138,0.63123,0.63124,59.0,Interval.in_5_minute,57044100.0
3770,2023-10-23 05:40:00,OANDA:AUDUSD,0.63124,0.63128,0.63108,0.63111,70.0,Interval.in_5_minute,57044400.0
3771,2023-10-23 05:45:00,OANDA:AUDUSD,0.63111,0.63113,0.63092,0.63104,140.0,Interval.in_5_minute,57044700.0
3772,2023-10-23 05:50:00,OANDA:AUDUSD,0.63104,0.63104,0.63088,0.6309,76.0,Interval.in_5_minute,57045000.0
3773,2023-10-23 05:55:00,OANDA:AUDUSD,0.6309,0.63101,0.6308,0.63092,99.0,Interval.in_5_minute,57045300.0
3774,2023-10-23 06:00:00,OANDA:AUDUSD,0.63092,0.6313,0.63092,0.63126,116.0,Interval.in_5_minute,57045600.0
3775,2023-10-23 06:05:00,OANDA:AUDUSD,0.63126,0.63128,0.63114,0.63128,51.0,Interval.in_5_minute,57045900.0
3776,2023-10-23 06:10:00,OANDA:AUDUSD,0.63128,0.6314,0.63128,0.63132,70.0,Interval.in_5_minute,57046200.0
3777,2023-10-23 06:15:00,OANDA:AUDUSD,0.63132,0.63137,0.63126,0.63135,39.0,Interval.in_5_minute,57046500.0
3778,2023-10-23 06:20:00,OANDA:AUDUSD,0.63135,0.63142,0.63129,0.63129,62.0,Interval.in_5_minute,57046800.0
3779,2023-10-23 06:25:00,OANDA:AUDUSD,0.63129,0.63138,0.63124,0.63124,57.0,Interval.in_5_minute,57047100.0
3780,2023-10-23 06:30:00,OANDA:AUDUSD,0.63124,0.63154,0.63119,0.63147,104.0,Interval.in_5_minute,57047400.0
3781,2023-10-23 06:35:00,OANDA:AUDUSD,0.63147,0.63148,0.63133,0.63142,102.0,Interval.in_5_minute,57047700.0
3782,2023-10-23 06:40:00,OANDA:AUDUSD,0.63142,0.63154,0.63133,0.63142,115.0,Interval.in_5_minute,57048000.0
3783,2023-10-23 06:45:00,OANDA:AUDUSD,0.63142,0.63148,0.6314,0.63144,40.0,Interval.in_5_minute,57048300.0
3784,2023-10-23 06:50:00,OANDA:AUDUSD,0.63144,0.63146,0.63133,0.63138,60.0,Interval.in_5_minute,57048600.0
3785,2023-10-23 06:55:00,OANDA:AUDUSD,0.63138,0.63138,0.63114,0.63114,60.0,Interval.in_5_minute,57048900.0
3786,2023-10-23 07:00:00,OANDA:AUDUSD,0.63114,0.63128,0.63111,0.63118,63.0,Interval.in_5_minute,57049200.0
3787,2023-10-23 07:05:00,OANDA:AUDUSD,0.63118,0.63118,0.63101,0.63104,45.0,Interval.in_5_minute,57049500.0
3788,2023-10-23 07:10:00,OANDA:AUDUSD,0.63104,0.63111,0.63092,0.63096,73.0,Interval.in_5_minute,57049800.0
3789,2023-10-23 07:15:00,OANDA:AUDUSD,0.63096,0.63104,0.63096,0.63104,51.0,Interval.in_5_minute,57050100.0
3790,2023-10-23 07:20:00,OANDA:AUDUSD,0.63104,0.63114,0.63104,0.63108,36.0,Interval.in_5_minute,57050400.0
3791,2023-10-23 07:25:00,OANDA:AUDUSD,0.63108,0.63112,0.63102,0.63102,40.0,Interval.in_5_minute,57050700.0
3792,2023-10-23 07:30:00,OANDA:AUDUSD,0.63102,0.63108,0.63096,0.63098,61.0,Interval.in_5_minute,57051000.0
3793,2023-10-23 07:35:00,OANDA:AUDUSD,0.63098,0.63108,0.63088,0.63096,70.0,Interval.in_5_minute,57051300.0
3794,2023-10-23 07:40:00,OANDA:AUDUSD,0.63096,0.631,0.63088,0.63096,65.0,Interval.in_5_minute,57051600.0
3795,2023-10-23 07:45:00,OANDA:AUDUSD,0.63096,0.63101,0.63092,0.631,45.0,Interval.in_5_minute,57051900.0
3796,2023-10-23 07:50:00,OANDA:AUDUSD,0.631,0.63108,0.63097,0.63108,46.0,Interval.in_5_minute,57052200.0
3797,2023-10-23 07:55:00,OANDA:AUDUSD,0.63108,0.63112,0.63102,0.63108,87.0,Interval.in_5_minute,57052500.0
3798,2023-10-23 08:00:00,OANDA:AUDUSD,0.63108,0.63118,0.63107,0.63118,77.0,Interval.in_5_minute,57052800.0
3799,2023-10-23 08:05:00,OANDA:AUDUSD,0.63118,0.6314,0.63109,0.6311,87.0,Interval.in_5_minute,57053100.0
3800,2023-10-23 08:10:00,OANDA:AUDUSD,0.6311,0.6312,0.63108,0.63114,88.0,Interval.in_5_minute,57053400.0
3801,2023-10-23 08:15:00,OANDA:AUDUSD,0.63114,0.63124,0.63112,0.63124,81.0,Interval.in_5_minute,57053700.0
3802,2023-10-23 08:20:00,OANDA:AUDUSD,0.63124,0.63133,0.63116,0.63116,79.0,Interval.in_5_minute,57054000.0
3803,2023-10-23 08:25:00,OANDA:AUDUSD,0.63116,0.63125,0.63112,0.63115,63.0,Interval.in_5_minute,57054300.0
3804,2023-10-23 08:30:00,OANDA:AUDUSD,0.63115,0.63125,0.63106,0.63115,79.0,Interval.in_5_minute,57054600.0
3805,2023-10-23 08:35:00,OANDA:AUDUSD,0.63115,0.6315,0.63106,0.6315,100.0,Interval.in_5_minute,57054900.0
3806,2023-10-23 08:40:00,OANDA:AUDUSD,0.6315,0.63152,0.63118,0.6312,137.0,Interval.in_5_minute,57055200.0
3807,2023-10-23 08:45:00,OANDA:AUDUSD,0.6312,0.63136,0.63116,0.63131,110.0,Interval.in_5_minute,57055500.0
3808,2023-10-23 08:50:00,OANDA:AUDUSD,0.63131,0.63142,0.63124,0.63124,70.0,Interval.in_5_minute,57055800.0
3809,2023-10-23 08:55:00,OANDA:AUDUSD,0.63124,0.63125,0.6311,0.6312,105.0,Interval.in_5_minute,57056100.0
3810,2023-10-23 09:00:00,OANDA:AUDUSD,0.6312,0.63149,0.63116,0.63147,133.0,Interval.in_5_minute,57056400.0
3811,2023-10-23 09:05:00,OANDA:AUDUSD,0.63147,0.63159,0.63136,0.63146,103.0,Interval.in_5_minute,57056700.0
3812,2023-10-23 09:10:00,OANDA:AUDUSD,0.63146,0.63157,0.63138,0.63142,100.0,Interval.in_5_minute,57057000.0
3813,2023-10-23 09:15:00,OANDA:AUDUSD,0.63142,0.63146,0.63131,0.63132,108.0,Interval.in_5_minute,57057300.0
3814,2023-10-23 09:20:00,OANDA:AUDUSD,0.63132,0.63138,0.63126,0.63132,88.0,Interval.in_5_minute,57057600.0
3815,2023-10-23 09:25:00,OANDA:AUDUSD,0.63132,0.63146,0.63132,0.63146,65.0,Interval.in_5_minute,57057900.0
3816,2023-10-23 09:30:00,OANDA:AUDUSD,0.63146,0.63174,0.63146,0.63158,176.0,Interval.in_5_minute,57058200.0
3817,2023-10-23 09:35:00,OANDA:AUDUSD,0.63158,0.63171,0.63158,0.63165,64.0,Interval.in_5_minute,57058500.0
3818,2023-10-23 09:40:00,OANDA:AUDUSD,0.63165,0.63194,0.6316,0.63189,96.0,Interval.in_5_minute,57058800.0
3819,2023-10-23 09:45:00,OANDA:AUDUSD,0.63189,0.63194,0.63178,0.63191,127.0,Interval.in_5_minute,57059100.0
3820,2023-10-23 09:50:00,OANDA:AUDUSD,0.63191,0.63192,0.63174,0.63174,113.0,Interval.in_5_minute,57059400.0
3821,2023-10-23 09:55:00,OANDA:AUDUSD,0.63174,0.63179,0.63078,0.63078,221.0,Interval.in_5_minute,57059700.0
3822,2023-10-23 10:00:00,OANDA:AUDUSD,0.63078,0.63101,0.63072,0.63096,209.0,Interval.in_5_minute,57060000.0
3823,2023-10-23 10:05:00,OANDA:AUDUSD,0.63096,0.63096,0.63059,0.6306,191.0,Interval.in_5_minute,57060300.0
3824,2023-10-23 10:10:00,OANDA:AUDUSD,0.6306,0.6307,0.63038,0.6306,279.0,Interval.in_5_minute,57060600.0
3825,2023-10-23 10:15:00,OANDA:AUDUSD,0.6306,0.63064,0.63044,0.63052,256.0,Interval.in_5_minute,57060900.0
3826,2023-10-23 10:20:00,OANDA:AUDUSD,0.63052,0.63086,0.63052,0.63086,182.0,Interval.in_5_minute,57061200.0
3827,2023-10-23 10:25:00,OANDA:AUDUSD,0.63086,0.63094,0.63052,0.63055,145.0,Interval.in_5_minute,57061500.0
3828,2023-10-23 10:30:00,OANDA:AUDUSD,0.63055,0.63084,0.63045,0.63075,247.0,Interval.in_5_minute,57061800.0
3829,2023-10-23 10:35:00,OANDA:AUDUSD,0.63075,0.63098,0.63068,0.63072,140.0,Interval.in_5_minute,57062100.0
3830,2023-10-23 10:40:00,OANDA:AUDUSD,0.63072,0.63072,0.6302,0.63043,186.0,Interval.in_5_minute,57062400.0
3831,2023-10-23 10:45:00,OANDA:AUDUSD,0.63043,0.6307,0.6303,0.6307,144.0,Interval.in_5_minute,57062700.0
3832,2023-10-23 10:50:00,OANDA:AUDUSD,0.6307,0.63076,0.63041,0.6305,160.0,Interval.in_5_minute,57063000.0
3833,2023-10-23 10:55:00,OANDA:AUDUSD,0.6305,0.6305,0.63022,0.63047,198.0,Interval.in_5_minute,57063300.0
3834,2023-10-23 11:00:00,OANDA:AUDUSD,0.63047,0.63073,0.63044,0.63062,204.0,Interval.in_5_minute,57063600.0
3835,2023-10-23 11:05:00,OANDA:AUDUSD,0.63062,0.6311,0.63056,0.63097,204.0,Interval.in_5_minute,57063900.0
3836,2023-10-23 11:10:00,OANDA:AUDUSD,0.63097,0.63132,0.63091,0.63114,194.0,Interval.in_5_minute,57064200.0
3837,2023-10-23 11:15:00,OANDA:AUDUSD,0.63114,0.63128,0.63112,0.63124,175.0,Interval.in_5_minute,57064500.0
3838,2023-10-23 11:20:00,OANDA:AUDUSD,0.63124,0.63142,0.63117,0.63123,183.0,Interval.in_5_minute,57064800.0
3839,2023-10-23 11:25:00,OANDA:AUDUSD,0.63123,0.63128,0.63109,0.63122,217.0,Interval.in_5_minute,57065100.0
3840,2023-10-23 11:30:00,OANDA:AUDUSD,0.63122,0.6313,0.63104,0.63114,200.0,Interval.in_5_minute,57065400.0
3841,2023-10-23 11:35:00,OANDA:AUDUSD,0.63114,0.63126,0.63102,0.63116,206.0,Interval.in_5_minute,57065700.0
3842,2023-10-23 11:40:00,OANDA:AUDUSD,0.63116,0.63116,0.63076,0.63079,151.0,Interval.in_5_minute,57066000.0
3843,2023-10-23 11:45:00,OANDA:AUDUSD,0.63079,0.63086,0.63074,0.63082,127.0,Interval.in_5_minute,57066300.0
3844,2023-10-23 11:50:00,OANDA:AUDUSD,0.63082,0.63082,0.6305,0.63053,154.0,Interval.in_5_minute,57066600.0
3845,2023-10-23 11:55:00,OANDA:AUDUSD,0.63053,0.63074,0.63044,0.63068,160.0,Interval.in_5_minute,57066900.0
3846,2023-10-23 12:00:00,OANDA:AUDUSD,0.63068,0.63092,0.63056,0.6309,168.0,Interval.in_5_minute,57067200.0
3847,2023-10-23 12:05:00,OANDA:AUDUSD,0.6309,0.63094,0.63051,0.63055,154.0,Interval.in_5_minute,57067500.0
3848,2023-10-23 12:10:00,OANDA:AUDUSD,0.63055,0.63056,0.63024,0.63029,101.0,Interval.in_5_minute,57067800.0
3849,2023-10-23 12:15:00,OANDA:AUDUSD,0.63029,0.6306,0.63029,0.63052,154.0,Interval.in_5_minute,57068100.0
3850,2023-10-23 12:20:00,OANDA:AUDUSD,0.63052,0.63062,0.6305,0.63061,124.0,Interval.in_5_minute,57068400.0
3851,2023-10-23 12:25:00,OANDA:AUDUSD,0.63061,0.63063,0.63046,0.63061,128.0,Interval.in_5_minute,57068700.0
3852,2023-10-23 12:30:00,OANDA:AUDUSD,0.63061,0.63066,0.63028,0.63038,132.0,Interval.in_5_minute,57069000.0
3853,2023-10-23 12:35:00,OANDA:AUDUSD,0.63038,0.63052,0.63011,0.63011,106.0,Interval.in_5_minute,57069300.0
3854,2023-10-23 12:40:00,OANDA:AUDUSD,0.63011,0.63012,0.62984,0.62984,145.0,Interval.in_5_minute,57069600.0
3855,2023-10-23 12:45:00,OANDA:AUDUSD,0.62984,0.62984,0.62917,0.62926,260.0,Interval.in_5_minute,57069900.0
3856,2023-10-23 12:50:00,OANDA:AUDUSD,0.62926,0.62942,0.62916,0.62936,187.0,Interval.in_5_minute,57070200.0
3857,2023-10-23 12:55:00,OANDA:AUDUSD,0.62936,0.62936,0.62916,0.62923,135.0,Interval.in_5_minute,57070500.0
3858,2023-10-23 13:00:00,OANDA:AUDUSD,0.62923,0.62928,0.6289,0.62924,194.0,Interval.in_5_minute,57070800.0
3859,2023-10-23 13:05:00,OANDA:AUDUSD,0.62924,0.6294,0.62916,0.62934,177.0,Interval.in_5_minute,57071100.0
3860,2023-10-23 13:10:00,OANDA:AUDUSD,0.62934,0.62949,0.6292,0.6294,141.0,Interval.in_5_minute,57071400.0
3861,2023-10-23 13:15:00,OANDA:AUDUSD,0.6294,0.62988,0.62932,0.62978,139.0,Interval.in_5_minute,57071700.0
3862,2023-10-23 13:20:00,OANDA:AUDUSD,0.62978,0.62994,0.62972,0.6299,107.0,Interval.in_5_minute,57072000.0
3863,2023-10-23 13:25:00,OANDA:AUDUSD,0.6299,0.63011,0.6298,0.62984,103.0,Interval.in_5_minute,57072300.0
3864,2023-10-23 13:30:00,OANDA:AUDUSD,0.62984,0.62997,0.62966,0.62992,131.0,Interval.in_5_minute,57072600.0
3865,2023-10-23 13:35:00,OANDA:AUDUSD,0.62992,0.6302,0.62988,0.63006,108.0,Interval.in_5_minute,57072900.0
3866,2023-10-23 13:40:00,OANDA:AUDUSD,0.63006,0.63033,0.63004,0.63033,70.0,Interval.in_5_minute,57073200.0
3867,2023-10-23 13:45:00,OANDA:AUDUSD,0.63033,0.63049,0.63026,0.63049,112.0,Interval.in_5_minute,57073500.0
3868,2023-10-23 13:50:00,OANDA:AUDUSD,0.63049,0.63052,0.63026,0.6303,176.0,Interval.in_5_minute,57073800.0
3869,2023-10-23 13:55:00,OANDA:AUDUSD,0.6303,0.6304,0.63016,0.6304,157.0,Interval.in_5_minute,57074100.0
3870,2023-10-23 14:00:00,OANDA:AUDUSD,0.6304,0.63054,0.6304,0.63046,124.0,Interval.in_5_minute,57074400.0
3871,2023-10-23 14:05:00,OANDA:AUDUSD,0.63046,0.63052,0.6303,0.6304,125.0,Interval.in_5_minute,57074700.0
3872,2023-10-23 14:10:00,OANDA:AUDUSD,0.6304,0.63069,0.63037,0.63067,158.0,Interval.in_5_minute,57075000.0
3873,2023-10-23 14:15:00,OANDA:AUDUSD,0.63067,0.63103,0.63064,0.63102,147.0,Interval.in_5_minute,57075300.0
3874,2023-10-23 14:20:00,OANDA:AUDUSD,0.63102,0.63123,0.631,0.63112,157.0,Interval.in_5_minute,57075600.0
3875,2023-10-23 14:25:00,OANDA:AUDUSD,0.63112,0.63118,0.63094,0.63099,160.0,Interval.in_5_minute,57075900.0
3876,2023-10-23 14:30:00,OANDA:AUDUSD,0.63099,0.63121,0.63099,0.63114,191.0,Interval.in_5_minute,57076200.0
3877,2023-10-23 14:35:00,OANDA:AUDUSD,0.63114,0.63126,0.63102,0.63122,134.0,Interval.in_5_minute,57076500.0
3878,2023-10-23 14:40:00,OANDA:AUDUSD,0.63122,0.63136,0.63116,0.63124,145.0,Interval.in_5_minute,57076800.0
3879,2023-10-23 14:45:00,OANDA:AUDUSD,0.63124,0.6313,0.63114,0.63122,113.0,Interval.in_5_minute,57077100.0
3880,2023-10-23 14:50:00,OANDA:AUDUSD,0.63122,0.63136,0.63113,0.63126,143.0,Interval.in_5_minute,57077400.0
3881,2023-10-23 14:55:00,OANDA:AUDUSD,0.63126,0.63138,0.63097,0.63102,148.0,Interval.in_5_minute,57077700.0
3882,2023-10-23 15:00:00,OANDA:AUDUSD,0.63102,0.63106,0.63069,0.63086,161.0,Interval.in_5_minute,57078000.0
3883,2023-10-23 15:05:00,OANDA:AUDUSD,0.63086,0.63088,0.6305,0.63062,198.0,Interval.in_5_minute,57078300.0
3884,2023-10-23 15:10:00,OANDA:AUDUSD,0.63062,0.63092,0.6306,0.6306,221.0,Interval.in_5_minute,57078600.0
3885,2023-10-23 15:15:00,OANDA:AUDUSD,0.6306,0.63103,0.6306,0.63092,211.0,Interval.in_5_minute,57078900.0
3886,2023-10-23 15:20:00,OANDA:AUDUSD,0.63092,0.6314,0.63092,0.63133,233.0,Interval.in_5_minute,57079200.0
3887,2023-10-23 15:25:00,OANDA:AUDUSD,0.63133,0.63212,0.6312,0.63136,265.0,Interval.in_5_minute,57079500.0
3888,2023-10-23 15:30:00,OANDA:AUDUSD,0.63136,0.63156,0.63129,0.6314,346.0,Interval.in_5_minute,57079800.0
3889,2023-10-23 15:35:00,OANDA:AUDUSD,0.6314,0.63178,0.63134,0.63148,307.0,Interval.in_5_minute,57080100.0
3890,2023-10-23 15:40:00,OANDA:AUDUSD,0.63148,0.63175,0.63146,0.6316,256.0,Interval.in_5_minute,57080400.0
3891,2023-10-23 15:45:00,OANDA:AUDUSD,0.6316,0.63168,0.63134,0.63134,245.0,Interval.in_5_minute,57080700.0
3892,2023-10-23 15:50:00,OANDA:AUDUSD,0.63134,0.6314,0.63124,0.63132,257.0,Interval.in_5_minute,57081000.0
3893,2023-10-23 15:55:00,OANDA:AUDUSD,0.63132,0.6314,0.63102,0.63112,152.0,Interval.in_5_minute,57081300.0
3894,2023-10-23 16:00:00,OANDA:AUDUSD,0.63112,0.63166,0.63112,0.63164,229.0,Interval.in_5_minute,57081600.0
3895,2023-10-23 16:05:00,OANDA:AUDUSD,0.63164,0.63192,0.6316,0.6318,213.0,Interval.in_5_minute,57081900.0
3896,2023-10-23 16:10:00,OANDA:AUDUSD,0.6318,0.63192,0.63142,0.63156,194.0,Interval.in_5_minute,57082200.0
3897,2023-10-23 16:15:00,OANDA:AUDUSD,0.63156,0.63164,0.6313,0.63138,207.0,Interval.in_5_minute,57082500.0
3898,2023-10-23 16:20:00,OANDA:AUDUSD,0.63138,0.63162,0.63122,0.63162,215.0,Interval.in_5_minute,57082800.0
3899,2023-10-23 16:25:00,OANDA:AUDUSD,0.63162,0.63162,0.63142,0.63154,264.0,Interval.in_5_minute,57083100.0
3900,2023-10-23 16:30:00,OANDA:AUDUSD,0.63154,0.63175,0.6311,0.63126,386.0,Interval.in_5_minute,57083400.0
3901,2023-10-23 16:35:00,OANDA:AUDUSD,0.63126,0.63136,0.63104,0.63123,355.0,Interval.in_5_minute,57083700.0
3902,2023-10-23 16:40:00,OANDA:AUDUSD,0.63123,0.63126,0.63026,0.63036,424.0,Interval.in_5_minute,57084000.0
3903,2023-10-23 16:45:00,OANDA:AUDUSD,0.63036,0.63132,0.63026,0.6312,471.0,Interval.in_5_minute,57084300.0
3904,2023-10-23 16:50:00,OANDA:AUDUSD,0.6312,0.63146,0.63097,0.63144,441.0,Interval.in_5_minute,57084600.0
3905,2023-10-23 16:55:00,OANDA:AUDUSD,0.63144,0.63182,0.63125,0.6318,379.0,Interval.in_5_minute,57084900.0
3906,2023-10-23 17:00:00,OANDA:AUDUSD,0.6318,0.63206,0.63166,0.63175,460.0,Interval.in_5_minute,57085200.0
3907,2023-10-23 17:05:00,OANDA:AUDUSD,0.63175,0.63205,0.63165,0.6319,453.0,Interval.in_5_minute,57085500.0
3908,2023-10-23 17:10:00,OANDA:AUDUSD,0.6319,0.63248,0.6319,0.63244,422.0,Interval.in_5_minute,57085800.0
3909,2023-10-23 17:15:00,OANDA:AUDUSD,0.63244,0.6326,0.63202,0.63255,360.0,Interval.in_5_minute,57086100.0
3910,2023-10-23 17:20:00,OANDA:AUDUSD,0.63255,0.63314,0.63246,0.63312,422.0,Interval.in_5_minute,57086400.0
3911,2023-10-23 17:25:00,OANDA:AUDUSD,0.63312,0.63314,0.63244,0.63248,394.0,Interval.in_5_minute,57086700.0
3912,2023-10-23 17:30:00,OANDA:AUDUSD,0.63248,0.63256,0.63204,0.63214,317.0,Interval.in_5_minute,57087000.0
3913,2023-10-23 17:35:00,OANDA:AUDUSD,0.63214,0.6325,0.63195,0.63239,317.0,Interval.in_5_minute,57087300.0
3914,2023-10-23 17:40:00,OANDA:AUDUSD,0.63239,0.63258,0.63226,0.63254,375.0,Interval.in_5_minute,57087600.0
3915,2023-10-23 17:45:00,OANDA:AUDUSD,0.63254,0.63266,0.63236,0.6324,321.0,Interval.in_5_minute,57087900.0
3916,2023-10-23 17:50:00,OANDA:AUDUSD,0.6324,0.63258,0.63229,0.6323,416.0,Interval.in_5_minute,57088200.0
3917,2023-10-23 17:55:00,OANDA:AUDUSD,0.6323,0.63259,0.63226,0.63234,320.0,Interval.in_5_minute,57088500.0
3918,2023-10-23 18:00:00,OANDA:AUDUSD,0.63234,0.63266,0.63224,0.63266,262.0,Interval.in_5_minute,57088800.0
3919,2023-10-23 18:05:00,OANDA:AUDUSD,0.63266,0.63288,0.63263,0.63286,273.0,Interval.in_5_minute,57089100.0
3920,2023-10-23 18:10:00,OANDA:AUDUSD,0.63286,0.6332,0.63284,0.63308,280.0,Interval.in_5_minute,57089400.0
3921,2023-10-23 18:15:00,OANDA:AUDUSD,0.63308,0.63315,0.63276,0.63312,277.0,Interval.in_5_minute,57089700.0
3922,2023-10-23 18:20:00,OANDA:AUDUSD,0.63312,0.63354,0.6331,0.6335,189.0,Interval.in_5_minute,57090000.0
3923,2023-10-23 18:25:00,OANDA:AUDUSD,0.6335,0.63364,0.63336,0.63336,265.0,Interval.in_5_minute,57090300.0
3924,2023-10-23 18:30:00,OANDA:AUDUSD,0.63336,0.63366,0.63336,0.63364,256.0,Interval.in_5_minute,57090600.0
3925,2023-10-23 18:35:00,OANDA:AUDUSD,0.63364,0.6338,0.63354,0.63354,187.0,Interval.in_5_minute,57090900.0
3926,2023-10-23 18:40:00,OANDA:AUDUSD,0.63354,0.63372,0.6334,0.63362,194.0,Interval.in_5_minute,57091200.0
3927,2023-10-23 18:45:00,OANDA:AUDUSD,0.63362,0.63372,0.6335,0.6336,146.0,Interval.in_5_minute,57091500.0
3928,2023-10-23 18:50:00,OANDA:AUDUSD,0.6336,0.63369,0.63349,0.63349,173.0,Interval.in_5_minute,57091800.0
3929,2023-10-23 18:55:00,OANDA:AUDUSD,0.63349,0.6338,0.63342,0.63356,215.0,Interval.in_5_minute,57092100.0
3930,2023-10-23 19:00:00,OANDA:AUDUSD,0.63356,0.63364,0.63341,0.63356,177.0,Interval.in_5_minute,57092400.0
3931,2023-10-23 19:05:00,OANDA:AUDUSD,0.63356,0.63386,0.63351,0.63385,176.0,Interval.in_5_minute,57092700.0
3932,2023-10-23 19:10:00,OANDA:AUDUSD,0.63385,0.63385,0.63356,0.63362,145.0,Interval.in_5_minute,57093000.0
3933,2023-10-23 19:15:00,OANDA:AUDUSD,0.63362,0.63362,0.63329,0.6333,195.0,Interval.in_5_minute,57093300.0
3934,2023-10-23 19:20:00,OANDA:AUDUSD,0.6333,0.63373,0.63324,0.6337,187.0,Interval.in_5_minute,57093600.0
3935,2023-10-23 19:25:00,OANDA:AUDUSD,0.6337,0.63388,0.63366,0.6338,149.0,Interval.in_5_minute,57093900.0
3936,2023-10-23 19:30:00,OANDA:AUDUSD,0.6338,0.63388,0.63372,0.63375,149.0,Interval.in_5_minute,57094200.0
3937,2023-10-23 19:35:00,OANDA:AUDUSD,0.63375,0.63387,0.63368,0.63376,185.0,Interval.in_5_minute,57094500.0
3938,2023-10-23 19:40:00,OANDA:AUDUSD,0.63376,0.63406,0.63374,0.63381,166.0,Interval.in_5_minute,57094800.0
3939,2023-10-23 19:45:00,OANDA:AUDUSD,0.63381,0.63402,0.63378,0.63401,139.0,Interval.in_5_minute,57095100.0
3940,2023-10-23 19:50:00,OANDA:AUDUSD,0.63401,0.63416,0.63396,0.63404,116.0,Interval.in_5_minute,57095400.0
3941,2023-10-23 19:55:00,OANDA:AUDUSD,0.63404,0.6344,0.63404,0.6344,275.0,Interval.in_5_minute,57095700.0
3942,2023-10-23 20:00:00,OANDA:AUDUSD,0.6344,0.6345,0.63398,0.63412,241.0,Interval.in_5_minute,57096000.0
3943,2023-10-23 20:05:00,OANDA:AUDUSD,0.63412,0.63426,0.63404,0.63408,222.0,Interval.in_5_minute,57096300.0
3944,2023-10-23 20:10:00,OANDA:AUDUSD,0.63408,0.63418,0.63395,0.63414,156.0,Interval.in_5_minute,57096600.0
3945,2023-10-23 20:15:00,OANDA:AUDUSD,0.63414,0.63424,0.63408,0.6341,118.0,Interval.in_5_minute,57096900.0
3946,2023-10-23 20:20:00,OANDA:AUDUSD,0.6341,0.63428,0.63407,0.63422,151.0,Interval.in_5_minute,57097200.0
3947,2023-10-23 20:25:00,OANDA:AUDUSD,0.63422,0.63436,0.63414,0.63434,124.0,Interval.in_5_minute,57097500.0
3948,2023-10-23 20:30:00,OANDA:AUDUSD,0.63434,0.63436,0.6342,0.6342,194.0,Interval.in_5_minute,57097800.0
3949,2023-10-23 20:35:00,OANDA:AUDUSD,0.6342,0.63442,0.63414,0.63441,162.0,Interval.in_5_minute,57098100.0
3950,2023-10-23 20:40:00,OANDA:AUDUSD,0.63441,0.63472,0.63438,0.63464,152.0,Interval.in_5_minute,57098400.0
3951,2023-10-23 20:45:00,OANDA:AUDUSD,0.63464,0.63488,0.63456,0.63485,126.0,Interval.in_5_minute,57098700.0
3952,2023-10-23 20:50:00,OANDA:AUDUSD,0.63485,0.63488,0.63464,0.63464,174.0,Interval.in_5_minute,57099000.0
3953,2023-10-23 20:55:00,OANDA:AUDUSD,0.63464,0.63465,0.6342,0.63428,116.0,Interval.in_5_minute,57099300.0
3954,2023-10-23 21:00:00,OANDA:AUDUSD,0.63428,0.63428,0.63414,0.6342,142.0,Interval.in_5_minute,57099600.0
3955,2023-10-23 21:05:00,OANDA:AUDUSD,0.6342,0.63436,0.63416,0.63436,98.0,Interval.in_5_minute,57099900.0
3956,2023-10-23 21:10:00,OANDA:AUDUSD,0.63436,0.63436,0.63415,0.63422,197.0,Interval.in_5_minute,57100200.0
3957,2023-10-23 21:15:00,OANDA:AUDUSD,0.63422,0.63434,0.63397,0.63404,150.0,Interval.in_5_minute,57100500.0
3958,2023-10-23 21:20:00,OANDA:AUDUSD,0.63404,0.63416,0.63384,0.63402,161.0,Interval.in_5_minute,57100800.0
3959,2023-10-23 21:25:00,OANDA:AUDUSD,0.63402,0.63422,0.63394,0.63419,131.0,Interval.in_5_minute,57101100.0
3960,2023-10-23 21:30:00,OANDA:AUDUSD,0.63419,0.63426,0.63407,0.6341,161.0,Interval.in_5_minute,57101400.0
3961,2023-10-23 21:35:00,OANDA:AUDUSD,0.6341,0.63439,0.63404,0.63438,86.0,Interval.in_5_minute,57101700.0
3962,2023-10-23 21:40:00,OANDA:AUDUSD,0.63438,0.63463,0.63418,0.63423,236.0,Interval.in_5_minute,57102000.0
3963,2023-10-23 21:45:00,OANDA:AUDUSD,0.63423,0.63454,0.63414,0.63446,166.0,Interval.in_5_minute,57102300.0
3964,2023-10-23 21:50:00,OANDA:AUDUSD,0.63446,0.63456,0.63434,0.6345,187.0,Interval.in_5_minute,57102600.0
3965,2023-10-23 21:55:00,OANDA:AUDUSD,0.6345,0.63453,0.6343,0.63439,243.0,Interval.in_5_minute,57102900.0
3966,2023-10-23 22:00:00,OANDA:AUDUSD,0.63439,0.63442,0.63422,0.63438,215.0,Interval.in_5_minute,57103200.0
3967,2023-10-23 22:05:00,OANDA:AUDUSD,0.63438,0.6344,0.63395,0.63399,183.0,Interval.in_5_minute,57103500.0
3968,2023-10-23 22:10:00,OANDA:AUDUSD,0.63399,0.63401,0.63376,0.63393,169.0,Interval.in_5_minute,57103800.0
3969,2023-10-23 22:15:00,OANDA:AUDUSD,0.63393,0.63394,0.63378,0.63387,112.0,Interval.in_5_minute,57104100.0
3970,2023-10-23 22:20:00,OANDA:AUDUSD,0.63387,0.63392,0.63341,0.63354,237.0,Interval.in_5_minute,57104400.0
3971,2023-10-23 22:25:00,OANDA:AUDUSD,0.63354,0.63364,0.6331,0.63314,224.0,Interval.in_5_minute,57104700.0
3972,2023-10-23 22:30:00,OANDA:AUDUSD,0.63314,0.63327,0.63304,0.63311,220.0,Interval.in_5_minute,57105000.0
3973,2023-10-23 22:35:00,OANDA:AUDUSD,0.63311,0.63318,0.63299,0.63304,158.0,Interval.in_5_minute,57105300.0
3974,2023-10-23 22:40:00,OANDA:AUDUSD,0.63304,0.6332,0.633,0.6331,171.0,Interval.in_5_minute,57105600.0
3975,2023-10-23 22:45:00,OANDA:AUDUSD,0.6331,0.63326,0.63306,0.63321,133.0,Interval.in_5_minute,57105900.0
3976,2023-10-23 22:50:00,OANDA:AUDUSD,0.63321,0.63334,0.6331,0.6331,163.0,Interval.in_5_minute,57106200.0
3977,2023-10-23 22:55:00,OANDA:AUDUSD,0.6331,0.63326,0.63302,0.63322,149.0,Interval.in_5_minute,57106500.0
3978,2023-10-23 23:00:00,OANDA:AUDUSD,0.63322,0.63336,0.63322,0.63331,89.0,Interval.in_5_minute,57106800.0
3979,2023-10-23 23:05:00,OANDA:AUDUSD,0.63331,0.63342,0.63331,0.6334,23.0,Interval.in_5_minute,57107100.0
3980,2023-10-23 23:10:00,OANDA:AUDUSD,0.6334,0.63342,0.63337,0.63337,14.0,Interval.in_5_minute,57107400.0
3981,2023-10-23 23:15:00,OANDA:AUDUSD,0.63337,0.63338,0.6333,0.63334,22.0,Interval.in_5_minute,57107700.0
3982,2023-10-23 23:20:00,OANDA:AUDUSD,0.63334,0.63334,0.63328,0.6333,53.0,Interval.in_5_minute,57108000.0
3983,2023-10-23 23:25:00,OANDA:AUDUSD,0.6333,0.6333,0.63322,0.6333,81.0,Interval.in_5_minute,57108300.0
3984,2023-10-23 23:30:00,OANDA:AUDUSD,0.6333,0.63341,0.63324,0.6334,74.0,Interval.in_5_minute,57108600.0
3985,2023-10-23 23:35:00,OANDA:AUDUSD,0.6334,0.63343,0.63339,0.63339,13.0,Interval.in_5_minute,57108900.0
3986,2023-10-23 23:40:00,OANDA:AUDUSD,0.63339,0.63349,0.63339,0.63346,60.0,Interval.in_5_minute,57109200.0
3987,2023-10-23 23:45:00,OANDA:AUDUSD,0.63346,0.63352,0.63342,0.63349,21.0,Interval.in_5_minute,57109500.0
3988,2023-10-23 23:50:00,OANDA:AUDUSD,0.63349,0.63354,0.63345,0.6335,26.0,Interval.in_5_minute,57109800.0
3989,2023-10-23 23:55:00,OANDA:AUDUSD,0.6335,0.63354,0.6335,0.6335,14.0,Interval.in_5_minute,57110100.0
3990,2023-10-24 00:00:00,OANDA:AUDUSD,0.6335,0.63388,0.6335,0.63354,11.0,Interval.in_5_minute,57110400.0
3991,2023-10-24 00:05:00,OANDA:AUDUSD,0.63354,0.63375,0.63326,0.63366,127.0,Interval.in_5_minute,57110700.0
3992,2023-10-24 00:10:00,OANDA:AUDUSD,0.63366,0.63384,0.63339,0.63339,97.0,Interval.in_5_minute,57111000.0
3993,2023-10-24 00:15:00,OANDA:AUDUSD,0.63339,0.63345,0.63336,0.63342,32.0,Interval.in_5_minute,57111300.0
3994,2023-10-24 00:20:00,OANDA:AUDUSD,0.63342,0.63348,0.63334,0.63348,24.0,Interval.in_5_minute,57111600.0
3995,2023-10-24 00:25:00,OANDA:AUDUSD,0.63348,0.63387,0.63328,0.63387,122.0,Interval.in_5_minute,57111900.0
3996,2023-10-24 00:30:00,OANDA:AUDUSD,0.63387,0.63398,0.63336,0.63354,157.0,Interval.in_5_minute,57112200.0
3997,2023-10-24 00:35:00,OANDA:AUDUSD,0.63354,0.63374,0.63337,0.63365,127.0,Interval.in_5_minute,57112500.0
3998,2023-10-24 00:40:00,OANDA:AUDUSD,0.63365,0.63366,0.63354,0.63354,10.0,Interval.in_5_minute,57112800.0
3999,2023-10-24 00:45:00,OANDA:AUDUSD,0.63354,0.63358,0.63353,0.63358,23.0,Interval.in_5_minute,57113100.0
4000,2023-10-24 00:50:00,OANDA:AUDUSD,0.63358,0.63365,0.63353,0.63365,49.0,Interval.in_5_minute,57113400.0
4001,2023-10-24 00:55:00,OANDA:AUDUSD,0.63365,0.63377,0.63364,0.63372,179.0,Interval.in_5_minute,57113700.0
4002,2023-10-24 01:00:00,OANDA:AUDUSD,0.63372,0.63375,0.63354,0.63356,96.0,Interval.in_5_minute,57114000.0
4003,2023-10-24 01:05:00,OANDA:AUDUSD,0.63356,0.63366,0.63348,0.63364,47.0,Interval.in_5_minute,57114300.0
4004,2023-10-24 01:10:00,OANDA:AUDUSD,0.63364,0.63374,0.63362,0.63368,60.0,Interval.in_5_minute,57114600.0
4005,2023-10-24 01:15:00,OANDA:AUDUSD,0.63368,0.63374,0.63367,0.63368,47.0,Interval.in_5_minute,57114900.0
4006,2023-10-24 01:20:00,OANDA:AUDUSD,0.63368,0.6337,0.63362,0.63362,19.0,Interval.in_5_minute,57115200.0
4007,2023-10-24 01:25:00,OANDA:AUDUSD,0.63362,0.63376,0.63358,0.63362,67.0,Interval.in_5_minute,57115500.0
4008,2023-10-24 01:30:00,OANDA:AUDUSD,0.63362,0.63362,0.63348,0.63353,36.0,Interval.in_5_minute,57115800.0
4009,2023-10-24 01:35:00,OANDA:AUDUSD,0.63353,0.63366,0.63352,0.63365,25.0,Interval.in_5_minute,57116100.0
4010,2023-10-24 01:40:00,OANDA:AUDUSD,0.63365,0.63368,0.63356,0.63356,37.0,Interval.in_5_minute,57116400.0
4011,2023-10-24 01:45:00,OANDA:AUDUSD,0.63356,0.63357,0.63346,0.63352,42.0,Interval.in_5_minute,57116700.0
4012,2023-10-24 01:50:00,OANDA:AUDUSD,0.63352,0.63354,0.63346,0.63353,30.0,Interval.in_5_minute,57117000.0
4013,2023-10-24 01:55:00,OANDA:AUDUSD,0.63353,0.63357,0.63336,0.6334,43.0,Interval.in_5_minute,57117300.0
4014,2023-10-24 02:00:00,OANDA:AUDUSD,0.6334,0.63351,0.63331,0.63348,84.0,Interval.in_5_minute,57117600.0
4015,2023-10-24 02:05:00,OANDA:AUDUSD,0.63348,0.63348,0.6334,0.63348,24.0,Interval.in_5_minute,57117900.0
4016,2023-10-24 02:10:00,OANDA:AUDUSD,0.63348,0.63349,0.63344,0.63347,53.0,Interval.in_5_minute,57118200.0
4017,2023-10-24 02:15:00,OANDA:AUDUSD,0.63347,0.63362,0.63346,0.63359,39.0,Interval.in_5_minute,57118500.0
4018,2023-10-24 02:20:00,OANDA:AUDUSD,0.63359,0.63359,0.63348,0.63355,24.0,Interval.in_5_minute,57118800.0
4019,2023-10-24 02:25:00,OANDA:AUDUSD,0.63355,0.63357,0.63353,0.63355,18.0,Interval.in_5_minute,57119100.0
4020,2023-10-24 02:30:00,OANDA:AUDUSD,0.63355,0.63362,0.63353,0.63357,60.0,Interval.in_5_minute,57119400.0
4021,2023-10-24 02:35:00,OANDA:AUDUSD,0.63357,0.63358,0.63349,0.63352,35.0,Interval.in_5_minute,57119700.0
4022,2023-10-24 02:40:00,OANDA:AUDUSD,0.63352,0.63354,0.63346,0.63349,37.0,Interval.in_5_minute,57120000.0
4023,2023-10-24 02:45:00,OANDA:AUDUSD,0.63349,0.63366,0.63344,0.63356,37.0,Interval.in_5_minute,57120300.0
4024,2023-10-24 02:50:00,OANDA:AUDUSD,0.63356,0.63369,0.63356,0.63365,84.0,Interval.in_5_minute,57120600.0
4025,2023-10-24 02:55:00,OANDA:AUDUSD,0.63365,0.63368,0.63359,0.63364,64.0,Interval.in_5_minute,57120900.0
4026,2023-10-24 03:00:00,OANDA:AUDUSD,0.63364,0.63406,0.63364,0.6339,95.0,Interval.in_5_minute,57121200.0
4027,2023-10-24 03:05:00,OANDA:AUDUSD,0.6339,0.63396,0.63374,0.63376,71.0,Interval.in_5_minute,57121500.0
4028,2023-10-24 03:10:00,OANDA:AUDUSD,0.63376,0.6339,0.63368,0.63388,111.0,Interval.in_5_minute,57121800.0
4029,2023-10-24 03:15:00,OANDA:AUDUSD,0.63388,0.63395,0.63356,0.63359,149.0,Interval.in_5_minute,57122100.0
4030,2023-10-24 03:20:00,OANDA:AUDUSD,0.63359,0.63408,0.63359,0.63408,109.0,Interval.in_5_minute,57122400.0
4031,2023-10-24 03:25:00,OANDA:AUDUSD,0.63408,0.63419,0.63403,0.63407,76.0,Interval.in_5_minute,57122700.0
4032,2023-10-24 03:30:00,OANDA:AUDUSD,0.63407,0.63426,0.634,0.63424,124.0,Interval.in_5_minute,57123000.0
4033,2023-10-24 03:35:00,OANDA:AUDUSD,0.63424,0.63424,0.63378,0.63383,103.0,Interval.in_5_minute,57123300.0
4034,2023-10-24 03:40:00,OANDA:AUDUSD,0.63383,0.63384,0.63364,0.6338,125.0,Interval.in_5_minute,57123600.0
4035,2023-10-24 03:45:00,OANDA:AUDUSD,0.6338,0.63386,0.63362,0.63372,167.0,Interval.in_5_minute,57123900.0
4036,2023-10-24 03:50:00,OANDA:AUDUSD,0.63372,0.63408,0.63368,0.63406,101.0,Interval.in_5_minute,57124200.0
4037,2023-10-24 03:55:00,OANDA:AUDUSD,0.63406,0.63444,0.63406,0.63428,144.0,Interval.in_5_minute,57124500.0
4038,2023-10-24 04:00:00,OANDA:AUDUSD,0.63428,0.63484,0.63428,0.6348,137.0,Interval.in_5_minute,57124800.0
4039,2023-10-24 04:05:00,OANDA:AUDUSD,0.6348,0.63484,0.63456,0.63467,146.0,Interval.in_5_minute,57125100.0
4040,2023-10-24 04:10:00,OANDA:AUDUSD,0.63467,0.63519,0.63467,0.63506,200.0,Interval.in_5_minute,57125400.0
4041,2023-10-24 04:15:00,OANDA:AUDUSD,0.63506,0.63519,0.63478,0.63512,251.0,Interval.in_5_minute,57125700.0
4042,2023-10-24 04:20:00,OANDA:AUDUSD,0.63512,0.63515,0.63438,0.63438,169.0,Interval.in_5_minute,57126000.0
4043,2023-10-24 04:25:00,OANDA:AUDUSD,0.63438,0.63454,0.63434,0.63442,144.0,Interval.in_5_minute,57126300.0
4044,2023-10-24 04:30:00,OANDA:AUDUSD,0.63442,0.63452,0.63398,0.6341,256.0,Interval.in_5_minute,57126600.0
4045,2023-10-24 04:35:00,OANDA:AUDUSD,0.6341,0.63419,0.63388,0.63414,310.0,Interval.in_5_minute,57126900.0
4046,2023-10-24 04:40:00,OANDA:AUDUSD,0.63414,0.63452,0.6341,0.6345,286.0,Interval.in_5_minute,57127200.0
4047,2023-10-24 04:45:00,OANDA:AUDUSD,0.6345,0.63459,0.63438,0.63446,160.0,Interval.in_5_minute,57127500.0
4048,2023-10-24 04:50:00,OANDA:AUDUSD,0.63446,0.63449,0.6342,0.63424,201.0,Interval.in_5_minute,57127800.0
4049,2023-10-24 04:55:00,OANDA:AUDUSD,0.63424,0.63436,0.63408,0.63423,171.0,Interval.in_5_minute,57128100.0
4050,2023-10-24 05:00:00,OANDA:AUDUSD,0.63423,0.63428,0.63396,0.6341,180.0,Interval.in_5_minute,57128400.0
4051,2023-10-24 05:05:00,OANDA:AUDUSD,0.6341,0.63444,0.634,0.63436,148.0,Interval.in_5_minute,57128700.0
4052,2023-10-24 05:10:00,OANDA:AUDUSD,0.63436,0.63486,0.63433,0.63485,238.0,Interval.in_5_minute,57129000.0
4053,2023-10-24 05:15:00,OANDA:AUDUSD,0.63485,0.63576,0.63482,0.63574,292.0,Interval.in_5_minute,57129300.0
4054,2023-10-24 05:20:00,OANDA:AUDUSD,0.63574,0.63607,0.63572,0.63578,292.0,Interval.in_5_minute,57129600.0
4055,2023-10-24 05:25:00,OANDA:AUDUSD,0.63578,0.63582,0.63558,0.63572,125.0,Interval.in_5_minute,57129900.0
4056,2023-10-24 05:30:00,OANDA:AUDUSD,0.63572,0.63582,0.63562,0.6358,170.0,Interval.in_5_minute,57130200.0
4057,2023-10-24 05:35:00,OANDA:AUDUSD,0.6358,0.6358,0.63544,0.63569,160.0,Interval.in_5_minute,57130500.0
4058,2023-10-24 05:40:00,OANDA:AUDUSD,0.63569,0.63604,0.63562,0.63595,190.0,Interval.in_5_minute,57130800.0
4059,2023-10-24 05:45:00,OANDA:AUDUSD,0.63595,0.63616,0.63595,0.63609,150.0,Interval.in_5_minute,57131100.0
4060,2023-10-24 05:50:00,OANDA:AUDUSD,0.63609,0.6362,0.63577,0.63577,176.0,Interval.in_5_minute,57131400.0
4061,2023-10-24 05:55:00,OANDA:AUDUSD,0.63577,0.63586,0.63564,0.63578,183.0,Interval.in_5_minute,57131700.0
4062,2023-10-24 06:00:00,OANDA:AUDUSD,0.63578,0.63587,0.63562,0.63574,133.0,Interval.in_5_minute,57132000.0
4063,2023-10-24 06:05:00,OANDA:AUDUSD,0.63574,0.63578,0.63558,0.63561,112.0,Interval.in_5_minute,57132300.0
4064,2023-10-24 06:10:00,OANDA:AUDUSD,0.63561,0.63563,0.63538,0.6354,72.0,Interval.in_5_minute,57132600.0
4065,2023-10-24 06:15:00,OANDA:AUDUSD,0.6354,0.63558,0.6354,0.63552,139.0,Interval.in_5_minute,57132900.0
4066,2023-10-24 06:20:00,OANDA:AUDUSD,0.63552,0.63579,0.63552,0.63574,128.0,Interval.in_5_minute,57133200.0
4067,2023-10-24 06:25:00,OANDA:AUDUSD,0.63574,0.63574,0.63539,0.63546,86.0,Interval.in_5_minute,57133500.0
4068,2023-10-24 06:30:00,OANDA:AUDUSD,0.63546,0.63574,0.63544,0.63568,89.0,Interval.in_5_minute,57133800.0
4069,2023-10-24 06:35:00,OANDA:AUDUSD,0.63568,0.63608,0.63568,0.636,52.0,Interval.in_5_minute,57134100.0
4070,2023-10-24 06:40:00,OANDA:AUDUSD,0.636,0.636,0.6358,0.63594,87.0,Interval.in_5_minute,57134400.0
4071,2023-10-24 06:45:00,OANDA:AUDUSD,0.63594,0.63594,0.63579,0.63585,72.0,Interval.in_5_minute,57134700.0
4072,2023-10-24 06:50:00,OANDA:AUDUSD,0.63585,0.63585,0.63566,0.63569,103.0,Interval.in_5_minute,57135000.0
4073,2023-10-24 06:55:00,OANDA:AUDUSD,0.63569,0.63572,0.63564,0.63568,86.0,Interval.in_5_minute,57135300.0
4074,2023-10-24 07:00:00,OANDA:AUDUSD,0.63568,0.63579,0.63553,0.6356,123.0,Interval.in_5_minute,57135600.0
4075,2023-10-24 07:05:00,OANDA:AUDUSD,0.6356,0.63564,0.63552,0.63563,97.0,Interval.in_5_minute,57135900.0
4076,2023-10-24 07:10:00,OANDA:AUDUSD,0.63563,0.63572,0.63563,0.63567,82.0,Interval.in_5_minute,57136200.0
4077,2023-10-24 07:15:00,OANDA:AUDUSD,0.63567,0.63585,0.63558,0.63585,91.0,Interval.in_5_minute,57136500.0
4078,2023-10-24 07:20:00,OANDA:AUDUSD,0.63585,0.63598,0.63576,0.63594,90.0,Interval.in_5_minute,57136800.0
4079,2023-10-24 07:25:00,OANDA:AUDUSD,0.63594,0.63594,0.6357,0.63575,63.0,Interval.in_5_minute,57137100.0
4080,2023-10-24 07:30:00,OANDA:AUDUSD,0.63575,0.63578,0.6357,0.63574,44.0,Interval.in_5_minute,57137400.0
4081,2023-10-24 07:35:00,OANDA:AUDUSD,0.63574,0.63574,0.63552,0.6356,46.0,Interval.in_5_minute,57137700.0
4082,2023-10-24 07:40:00,OANDA:AUDUSD,0.6356,0.63583,0.6356,0.63577,57.0,Interval.in_5_minute,57138000.0
4083,2023-10-24 07:45:00,OANDA:AUDUSD,0.63577,0.63589,0.63577,0.63586,58.0,Interval.in_5_minute,57138300.0
4084,2023-10-24 07:50:00,OANDA:AUDUSD,0.63586,0.63592,0.63577,0.63582,75.0,Interval.in_5_minute,57138600.0
4085,2023-10-24 07:55:00,OANDA:AUDUSD,0.63582,0.63588,0.63564,0.63587,65.0,Interval.in_5_minute,57138900.0
4086,2023-10-24 08:00:00,OANDA:AUDUSD,0.63587,0.63596,0.63572,0.63573,108.0,Interval.in_5_minute,57139200.0
4087,2023-10-24 08:05:00,OANDA:AUDUSD,0.63573,0.63581,0.6356,0.63576,115.0,Interval.in_5_minute,57139500.0
4088,2023-10-24 08:10:00,OANDA:AUDUSD,0.63576,0.63586,0.63566,0.63574,136.0,Interval.in_5_minute,57139800.0
4089,2023-10-24 08:15:00,OANDA:AUDUSD,0.63574,0.63578,0.63559,0.63575,86.0,Interval.in_5_minute,57140100.0
4090,2023-10-24 08:20:00,OANDA:AUDUSD,0.63575,0.63575,0.63543,0.63543,71.0,Interval.in_5_minute,57140400.0
4091,2023-10-24 08:25:00,OANDA:AUDUSD,0.63543,0.63575,0.63534,0.63563,124.0,Interval.in_5_minute,57140700.0
4092,2023-10-24 08:30:00,OANDA:AUDUSD,0.63563,0.63569,0.63545,0.63546,126.0,Interval.in_5_minute,57141000.0
4093,2023-10-24 08:35:00,OANDA:AUDUSD,0.63546,0.63551,0.63524,0.63524,113.0,Interval.in_5_minute,57141300.0
4094,2023-10-24 08:40:00,OANDA:AUDUSD,0.63524,0.63535,0.63517,0.63535,93.0,Interval.in_5_minute,57141600.0
4095,2023-10-24 08:45:00,OANDA:AUDUSD,0.63535,0.63552,0.6353,0.63538,97.0,Interval.in_5_minute,57141900.0
4096,2023-10-24 08:50:00,OANDA:AUDUSD,0.63538,0.63564,0.63534,0.63556,111.0,Interval.in_5_minute,57142200.0
4097,2023-10-24 08:55:00,OANDA:AUDUSD,0.63556,0.63568,0.6355,0.63563,111.0,Interval.in_5_minute,57142500.0
4098,2023-10-24 09:00:00,OANDA:AUDUSD,0.63563,0.6362,0.63551,0.6362,206.0,Interval.in_5_minute,57142800.0
4099,2023-10-24 09:05:00,OANDA:AUDUSD,0.6362,0.63636,0.63591,0.63596,201.0,Interval.in_5_minute,57143100.0
4100,2023-10-24 09:10:00,OANDA:AUDUSD,0.63596,0.63632,0.63596,0.63614,165.0,Interval.in_5_minute,57143400.0
4101,2023-10-24 09:15:00,OANDA:AUDUSD,0.63614,0.63617,0.6358,0.63592,165.0,Interval.in_5_minute,57143700.0
4102,2023-10-24 09:20:00,OANDA:AUDUSD,0.63592,0.63633,0.63592,0.63628,208.0,Interval.in_5_minute,57144000.0
4103,2023-10-24 09:25:00,OANDA:AUDUSD,0.63628,0.63634,0.63612,0.63632,198.0,Interval.in_5_minute,57144300.0
4104,2023-10-24 09:30:00,OANDA:AUDUSD,0.63632,0.6364,0.63608,0.63638,214.0,Interval.in_5_minute,57144600.0
4105,2023-10-24 09:35:00,OANDA:AUDUSD,0.63638,0.63668,0.63638,0.63666,283.0,Interval.in_5_minute,57144900.0
4106,2023-10-24 09:40:00,OANDA:AUDUSD,0.63666,0.63692,0.63658,0.63686,164.0,Interval.in_5_minute,57145200.0
4107,2023-10-24 09:45:00,OANDA:AUDUSD,0.63686,0.6372,0.63678,0.6371,200.0,Interval.in_5_minute,57145500.0
4108,2023-10-24 09:50:00,OANDA:AUDUSD,0.6371,0.63734,0.63709,0.63723,219.0,Interval.in_5_minute,57145800.0
4109,2023-10-24 09:55:00,OANDA:AUDUSD,0.63723,0.6376,0.63712,0.63742,308.0,Interval.in_5_minute,57146100.0
4110,2023-10-24 10:00:00,OANDA:AUDUSD,0.63742,0.63755,0.63714,0.6375,314.0,Interval.in_5_minute,57146400.0
4111,2023-10-24 10:05:00,OANDA:AUDUSD,0.6375,0.6379,0.63746,0.63772,241.0,Interval.in_5_minute,57146700.0
4112,2023-10-24 10:10:00,OANDA:AUDUSD,0.63772,0.63772,0.63704,0.63729,240.0,Interval.in_5_minute,57147000.0
4113,2023-10-24 10:15:00,OANDA:AUDUSD,0.63729,0.63767,0.63728,0.63758,381.0,Interval.in_5_minute,57147300.0
4114,2023-10-24 10:20:00,OANDA:AUDUSD,0.63758,0.63762,0.63741,0.63754,252.0,Interval.in_5_minute,57147600.0
4115,2023-10-24 10:25:00,OANDA:AUDUSD,0.63754,0.63757,0.63743,0.63745,176.0,Interval.in_5_minute,57147900.0
4116,2023-10-24 10:30:00,OANDA:AUDUSD,0.63745,0.63747,0.63712,0.63731,359.0,Interval.in_5_minute,57148200.0
4117,2023-10-24 10:35:00,OANDA:AUDUSD,0.63731,0.63736,0.6371,0.63718,255.0,Interval.in_5_minute,57148500.0
4118,2023-10-24 10:40:00,OANDA:AUDUSD,0.63718,0.63724,0.63687,0.63689,262.0,Interval.in_5_minute,57148800.0
4119,2023-10-24 10:45:00,OANDA:AUDUSD,0.63689,0.63689,0.63658,0.63676,255.0,Interval.in_5_minute,57149100.0
4120,2023-10-24 10:50:00,OANDA:AUDUSD,0.63676,0.63696,0.63652,0.63662,260.0,Interval.in_5_minute,57149400.0
4121,2023-10-24 10:55:00,OANDA:AUDUSD,0.63662,0.63667,0.63646,0.63649,194.0,Interval.in_5_minute,57149700.0
4122,2023-10-24 11:00:00,OANDA:AUDUSD,0.63649,0.63708,0.63646,0.63681,331.0,Interval.in_5_minute,57150000.0
4123,2023-10-24 11:05:00,OANDA:AUDUSD,0.63681,0.63721,0.6368,0.6371,234.0,Interval.in_5_minute,57150300.0
4124,2023-10-24 11:10:00,OANDA:AUDUSD,0.6371,0.63716,0.63661,0.63668,250.0,Interval.in_5_minute,57150600.0
4125,2023-10-24 11:15:00,OANDA:AUDUSD,0.63668,0.63674,0.63654,0.6366,239.0,Interval.in_5_minute,57150900.0
4126,2023-10-24 11:20:00,OANDA:AUDUSD,0.6366,0.63712,0.63648,0.63709,159.0,Interval.in_5_minute,57151200.0
4127,2023-10-24 11:25:00,OANDA:AUDUSD,0.63709,0.63719,0.63691,0.63691,165.0,Interval.in_5_minute,57151500.0
4128,2023-10-24 11:30:00,OANDA:AUDUSD,0.63691,0.63712,0.6367,0.63682,165.0,Interval.in_5_minute,57151800.0
4129,2023-10-24 11:35:00,OANDA:AUDUSD,0.63682,0.63686,0.63647,0.63657,315.0,Interval.in_5_minute,57152100.0
4130,2023-10-24 11:40:00,OANDA:AUDUSD,0.63657,0.63686,0.63648,0.63686,276.0,Interval.in_5_minute,57152400.0
4131,2023-10-24 11:45:00,OANDA:AUDUSD,0.63686,0.6369,0.63646,0.63688,167.0,Interval.in_5_minute,57152700.0
4132,2023-10-24 11:50:00,OANDA:AUDUSD,0.63688,0.637,0.63658,0.63662,214.0,Interval.in_5_minute,57153000.0
4133,2023-10-24 11:55:00,OANDA:AUDUSD,0.63662,0.6367,0.63641,0.63658,201.0,Interval.in_5_minute,57153300.0
4134,2023-10-24 12:00:00,OANDA:AUDUSD,0.63658,0.63658,0.63634,0.63652,179.0,Interval.in_5_minute,57153600.0
4135,2023-10-24 12:05:00,OANDA:AUDUSD,0.63652,0.63654,0.63632,0.63634,166.0,Interval.in_5_minute,57153900.0
4136,2023-10-24 12:10:00,OANDA:AUDUSD,0.63634,0.63661,0.63633,0.63635,162.0,Interval.in_5_minute,57154200.0
4137,2023-10-24 12:15:00,OANDA:AUDUSD,0.63635,0.63646,0.6361,0.63613,208.0,Interval.in_5_minute,57154500.0
4138,2023-10-24 12:20:00,OANDA:AUDUSD,0.63613,0.63626,0.63613,0.63621,144.0,Interval.in_5_minute,57154800.0
4139,2023-10-24 12:25:00,OANDA:AUDUSD,0.63621,0.6365,0.63618,0.63646,95.0,Interval.in_5_minute,57155100.0
4140,2023-10-24 12:30:00,OANDA:AUDUSD,0.63646,0.63649,0.63626,0.63627,103.0,Interval.in_5_minute,57155400.0
4141,2023-10-24 12:35:00,OANDA:AUDUSD,0.63627,0.63627,0.63592,0.63597,96.0,Interval.in_5_minute,57155700.0
4142,2023-10-24 12:40:00,OANDA:AUDUSD,0.63597,0.6362,0.63596,0.63618,141.0,Interval.in_5_minute,57156000.0
4143,2023-10-24 12:45:00,OANDA:AUDUSD,0.63618,0.63647,0.63612,0.63636,144.0,Interval.in_5_minute,57156300.0
4144,2023-10-24 12:50:00,OANDA:AUDUSD,0.63636,0.63638,0.63618,0.63628,133.0,Interval.in_5_minute,57156600.0
4145,2023-10-24 12:55:00,OANDA:AUDUSD,0.63628,0.63628,0.63612,0.63626,126.0,Interval.in_5_minute,57156900.0
4146,2023-10-24 13:00:00,OANDA:AUDUSD,0.63626,0.63642,0.63611,0.63626,170.0,Interval.in_5_minute,57157200.0
4147,2023-10-24 13:05:00,OANDA:AUDUSD,0.63626,0.63638,0.63618,0.63634,138.0,Interval.in_5_minute,57157500.0
4148,2023-10-24 13:10:00,OANDA:AUDUSD,0.63634,0.63637,0.63614,0.63616,114.0,Interval.in_5_minute,57157800.0
4149,2023-10-24 13:15:00,OANDA:AUDUSD,0.63616,0.63616,0.63589,0.6359,147.0,Interval.in_5_minute,57158100.0
4150,2023-10-24 13:20:00,OANDA:AUDUSD,0.6359,0.63592,0.63568,0.63592,172.0,Interval.in_5_minute,57158400.0
4151,2023-10-24 13:25:00,OANDA:AUDUSD,0.63592,0.63615,0.63584,0.63606,164.0,Interval.in_5_minute,57158700.0
4152,2023-10-24 13:30:00,OANDA:AUDUSD,0.63606,0.63622,0.63598,0.63616,90.0,Interval.in_5_minute,57159000.0
4153,2023-10-24 13:35:00,OANDA:AUDUSD,0.63616,0.63616,0.63598,0.63602,134.0,Interval.in_5_minute,57159300.0
4154,2023-10-24 13:40:00,OANDA:AUDUSD,0.63602,0.63602,0.63576,0.6358,112.0,Interval.in_5_minute,57159600.0
4155,2023-10-24 13:45:00,OANDA:AUDUSD,0.6358,0.63593,0.63575,0.63593,152.0,Interval.in_5_minute,57159900.0
4156,2023-10-24 13:50:00,OANDA:AUDUSD,0.63593,0.63597,0.63552,0.63556,165.0,Interval.in_5_minute,57160200.0
4157,2023-10-24 13:55:00,OANDA:AUDUSD,0.63556,0.63572,0.63546,0.63553,126.0,Interval.in_5_minute,57160500.0
4158,2023-10-24 14:00:00,OANDA:AUDUSD,0.63553,0.63562,0.63536,0.63536,191.0,Interval.in_5_minute,57160800.0
4159,2023-10-24 14:05:00,OANDA:AUDUSD,0.63536,0.63576,0.63534,0.63576,138.0,Interval.in_5_minute,57161100.0
4160,2023-10-24 14:10:00,OANDA:AUDUSD,0.63576,0.63578,0.63558,0.63566,110.0,Interval.in_5_minute,57161400.0
4161,2023-10-24 14:15:00,OANDA:AUDUSD,0.63566,0.63582,0.63566,0.63578,132.0,Interval.in_5_minute,57161700.0
4162,2023-10-24 14:20:00,OANDA:AUDUSD,0.63578,0.63612,0.63574,0.63612,123.0,Interval.in_5_minute,57162000.0
4163,2023-10-24 14:25:00,OANDA:AUDUSD,0.63612,0.63629,0.63602,0.63626,157.0,Interval.in_5_minute,57162300.0
4164,2023-10-24 14:30:00,OANDA:AUDUSD,0.63626,0.63658,0.63612,0.63653,162.0,Interval.in_5_minute,57162600.0
4165,2023-10-24 14:35:00,OANDA:AUDUSD,0.63653,0.63659,0.63639,0.63648,135.0,Interval.in_5_minute,57162900.0
4166,2023-10-24 14:40:00,OANDA:AUDUSD,0.63648,0.63652,0.63634,0.6365,77.0,Interval.in_5_minute,57163200.0
4167,2023-10-24 14:45:00,OANDA:AUDUSD,0.6365,0.63659,0.63642,0.63648,95.0,Interval.in_5_minute,57163500.0
4168,2023-10-24 14:50:00,OANDA:AUDUSD,0.63648,0.63662,0.63647,0.63659,95.0,Interval.in_5_minute,57163800.0
4169,2023-10-24 14:55:00,OANDA:AUDUSD,0.63659,0.63662,0.63636,0.6364,123.0,Interval.in_5_minute,57164100.0
4170,2023-10-24 15:00:00,OANDA:AUDUSD,0.6364,0.6365,0.63602,0.63609,208.0,Interval.in_5_minute,57164400.0
4171,2023-10-24 15:05:00,OANDA:AUDUSD,0.63609,0.63639,0.63598,0.63634,194.0,Interval.in_5_minute,57164700.0
4172,2023-10-24 15:10:00,OANDA:AUDUSD,0.63634,0.63635,0.63604,0.63628,220.0,Interval.in_5_minute,57165000.0
4173,2023-10-24 15:15:00,OANDA:AUDUSD,0.63628,0.63631,0.63599,0.63608,193.0,Interval.in_5_minute,57165300.0
4174,2023-10-24 15:20:00,OANDA:AUDUSD,0.63608,0.63645,0.63608,0.6364,256.0,Interval.in_5_minute,57165600.0
4175,2023-10-24 15:25:00,OANDA:AUDUSD,0.6364,0.63654,0.63625,0.63636,213.0,Interval.in_5_minute,57165900.0
4176,2023-10-24 15:30:00,OANDA:AUDUSD,0.63636,0.63654,0.63612,0.63642,296.0,Interval.in_5_minute,57166200.0
4177,2023-10-24 15:35:00,OANDA:AUDUSD,0.63642,0.63647,0.63607,0.63624,232.0,Interval.in_5_minute,57166500.0
4178,2023-10-24 15:40:00,OANDA:AUDUSD,0.63624,0.63634,0.63615,0.6363,243.0,Interval.in_5_minute,57166800.0
4179,2023-10-24 15:45:00,OANDA:AUDUSD,0.6363,0.63633,0.63582,0.63596,230.0,Interval.in_5_minute,57167100.0
4180,2023-10-24 15:50:00,OANDA:AUDUSD,0.63596,0.63611,0.63583,0.63586,173.0,Interval.in_5_minute,57167400.0
4181,2023-10-24 15:55:00,OANDA:AUDUSD,0.63586,0.63628,0.63584,0.63622,223.0,Interval.in_5_minute,57167700.0
4182,2023-10-24 16:00:00,OANDA:AUDUSD,0.63622,0.63626,0.63605,0.63609,225.0,Interval.in_5_minute,57168000.0
4183,2023-10-24 16:05:00,OANDA:AUDUSD,0.63609,0.63615,0.63594,0.63606,242.0,Interval.in_5_minute,57168300.0
4184,2023-10-24 16:10:00,OANDA:AUDUSD,0.63606,0.63608,0.63578,0.6358,221.0,Interval.in_5_minute,57168600.0
4185,2023-10-24 16:15:00,OANDA:AUDUSD,0.6358,0.63582,0.63545,0.63552,258.0,Interval.in_5_minute,57168900.0
4186,2023-10-24 16:20:00,OANDA:AUDUSD,0.63552,0.63568,0.63536,0.63565,241.0,Interval.in_5_minute,57169200.0
4187,2023-10-24 16:25:00,OANDA:AUDUSD,0.63565,0.63568,0.6355,0.63568,190.0,Interval.in_5_minute,57169500.0
4188,2023-10-24 16:30:00,OANDA:AUDUSD,0.63568,0.63619,0.63568,0.63615,347.0,Interval.in_5_minute,57169800.0
4189,2023-10-24 16:35:00,OANDA:AUDUSD,0.63615,0.63639,0.636,0.63626,403.0,Interval.in_5_minute,57170100.0
4190,2023-10-24 16:40:00,OANDA:AUDUSD,0.63626,0.63637,0.63568,0.6359,387.0,Interval.in_5_minute,57170400.0
4191,2023-10-24 16:45:00,OANDA:AUDUSD,0.6359,0.6359,0.63496,0.6354,860.0,Interval.in_5_minute,57170700.0
4192,2023-10-24 16:50:00,OANDA:AUDUSD,0.6354,0.63569,0.63498,0.63546,841.0,Interval.in_5_minute,57171000.0
4193,2023-10-24 16:55:00,OANDA:AUDUSD,0.63546,0.63606,0.63541,0.63596,393.0,Interval.in_5_minute,57171300.0
4194,2023-10-24 17:00:00,OANDA:AUDUSD,0.63596,0.63638,0.63523,0.63538,704.0,Interval.in_5_minute,57171600.0
4195,2023-10-24 17:05:00,OANDA:AUDUSD,0.63538,0.6362,0.63538,0.63617,545.0,Interval.in_5_minute,57171900.0
4196,2023-10-24 17:10:00,OANDA:AUDUSD,0.63617,0.6362,0.63578,0.63618,347.0,Interval.in_5_minute,57172200.0
4197,2023-10-24 17:15:00,OANDA:AUDUSD,0.63618,0.63636,0.6358,0.63586,475.0,Interval.in_5_minute,57172500.0
4198,2023-10-24 17:20:00,OANDA:AUDUSD,0.63586,0.6362,0.63564,0.636,417.0,Interval.in_5_minute,57172800.0
4199,2023-10-24 17:25:00,OANDA:AUDUSD,0.636,0.6364,0.6359,0.6364,226.0,Interval.in_5_minute,57173100.0
4200,2023-10-24 17:30:00,OANDA:AUDUSD,0.6364,0.63657,0.63598,0.63604,316.0,Interval.in_5_minute,57173400.0
4201,2023-10-24 17:35:00,OANDA:AUDUSD,0.63604,0.63605,0.63566,0.63572,378.0,Interval.in_5_minute,57173700.0
4202,2023-10-24 17:40:00,OANDA:AUDUSD,0.63572,0.63584,0.63543,0.63572,339.0,Interval.in_5_minute,57174000.0
4203,2023-10-24 17:45:00,OANDA:AUDUSD,0.63572,0.63615,0.63564,0.63614,257.0,Interval.in_5_minute,57174300.0
4204,2023-10-24 17:50:00,OANDA:AUDUSD,0.63614,0.63632,0.63608,0.63612,226.0,Interval.in_5_minute,57174600.0
4205,2023-10-24 17:55:00,OANDA:AUDUSD,0.63612,0.63626,0.63586,0.63586,203.0,Interval.in_5_minute,57174900.0
4206,2023-10-24 18:00:00,OANDA:AUDUSD,0.63586,0.63586,0.63524,0.63548,286.0,Interval.in_5_minute,57175200.0
4207,2023-10-24 18:05:00,OANDA:AUDUSD,0.63548,0.63563,0.63526,0.63534,245.0,Interval.in_5_minute,57175500.0
4208,2023-10-24 18:10:00,OANDA:AUDUSD,0.63534,0.63559,0.63504,0.63514,215.0,Interval.in_5_minute,57175800.0
4209,2023-10-24 18:15:00,OANDA:AUDUSD,0.63514,0.63544,0.63498,0.6352,225.0,Interval.in_5_minute,57176100.0
4210,2023-10-24 18:20:00,OANDA:AUDUSD,0.6352,0.63528,0.63472,0.63476,239.0,Interval.in_5_minute,57176400.0
4211,2023-10-24 18:25:00,OANDA:AUDUSD,0.63476,0.63493,0.6347,0.63476,240.0,Interval.in_5_minute,57176700.0
4212,2023-10-24 18:30:00,OANDA:AUDUSD,0.63476,0.63489,0.63454,0.63458,277.0,Interval.in_5_minute,57177000.0
4213,2023-10-24 18:35:00,OANDA:AUDUSD,0.63458,0.63474,0.63448,0.63452,253.0,Interval.in_5_minute,57177300.0
4214,2023-10-24 18:40:00,OANDA:AUDUSD,0.63452,0.63464,0.63446,0.63452,189.0,Interval.in_5_minute,57177600.0
4215,2023-10-24 18:45:00,OANDA:AUDUSD,0.63452,0.63478,0.63448,0.63455,152.0,Interval.in_5_minute,57177900.0
4216,2023-10-24 18:50:00,OANDA:AUDUSD,0.63455,0.63469,0.63446,0.63467,190.0,Interval.in_5_minute,57178200.0
4217,2023-10-24 18:55:00,OANDA:AUDUSD,0.63467,0.63486,0.6344,0.63484,237.0,Interval.in_5_minute,57178500.0
4218,2023-10-24 19:00:00,OANDA:AUDUSD,0.63484,0.63508,0.63483,0.635,196.0,Interval.in_5_minute,57178800.0
4219,2023-10-24 19:05:00,OANDA:AUDUSD,0.635,0.63504,0.63486,0.63489,132.0,Interval.in_5_minute,57179100.0
4220,2023-10-24 19:10:00,OANDA:AUDUSD,0.63489,0.63529,0.63489,0.63529,105.0,Interval.in_5_minute,57179400.0
4221,2023-10-24 19:15:00,OANDA:AUDUSD,0.63529,0.63535,0.63505,0.63514,157.0,Interval.in_5_minute,57179700.0
4222,2023-10-24 19:20:00,OANDA:AUDUSD,0.63514,0.63516,0.635,0.63502,170.0,Interval.in_5_minute,57180000.0
4223,2023-10-24 19:25:00,OANDA:AUDUSD,0.63502,0.63524,0.6349,0.63507,234.0,Interval.in_5_minute,57180300.0
4224,2023-10-24 19:30:00,OANDA:AUDUSD,0.63507,0.63524,0.63486,0.6349,231.0,Interval.in_5_minute,57180600.0
4225,2023-10-24 19:35:00,OANDA:AUDUSD,0.6349,0.63495,0.63474,0.63478,218.0,Interval.in_5_minute,57180900.0
4226,2023-10-24 19:40:00,OANDA:AUDUSD,0.63478,0.63484,0.63463,0.63475,181.0,Interval.in_5_minute,57181200.0
4227,2023-10-24 19:45:00,OANDA:AUDUSD,0.63475,0.63478,0.63446,0.63446,145.0,Interval.in_5_minute,57181500.0
4228,2023-10-24 19:50:00,OANDA:AUDUSD,0.63446,0.63466,0.63444,0.63456,159.0,Interval.in_5_minute,57181800.0
4229,2023-10-24 19:55:00,OANDA:AUDUSD,0.63456,0.6348,0.6345,0.63474,125.0,Interval.in_5_minute,57182100.0
4230,2023-10-24 20:00:00,OANDA:AUDUSD,0.63474,0.63512,0.6347,0.63498,146.0,Interval.in_5_minute,57182400.0
4231,2023-10-24 20:05:00,OANDA:AUDUSD,0.63498,0.63523,0.63492,0.63518,154.0,Interval.in_5_minute,57182700.0
4232,2023-10-24 20:10:00,OANDA:AUDUSD,0.63518,0.63529,0.63501,0.63511,262.0,Interval.in_5_minute,57183000.0
4233,2023-10-24 20:15:00,OANDA:AUDUSD,0.63511,0.63514,0.63496,0.63506,167.0,Interval.in_5_minute,57183300.0
4234,2023-10-24 20:20:00,OANDA:AUDUSD,0.63506,0.63549,0.63506,0.6353,187.0,Interval.in_5_minute,57183600.0
4235,2023-10-24 20:25:00,OANDA:AUDUSD,0.6353,0.63539,0.63524,0.63536,170.0,Interval.in_5_minute,57183900.0
4236,2023-10-24 20:30:00,OANDA:AUDUSD,0.63536,0.6356,0.63534,0.63545,203.0,Interval.in_5_minute,57184200.0
4237,2023-10-24 20:35:00,OANDA:AUDUSD,0.63545,0.63568,0.6354,0.63556,143.0,Interval.in_5_minute,57184500.0
4238,2023-10-24 20:40:00,OANDA:AUDUSD,0.63556,0.63568,0.63554,0.63566,162.0,Interval.in_5_minute,57184800.0
4239,2023-10-24 20:45:00,OANDA:AUDUSD,0.63566,0.63578,0.63561,0.6357,142.0,Interval.in_5_minute,57185100.0
4240,2023-10-24 20:50:00,OANDA:AUDUSD,0.6357,0.63576,0.63551,0.63553,132.0,Interval.in_5_minute,57185400.0
4241,2023-10-24 20:55:00,OANDA:AUDUSD,0.63553,0.63556,0.63531,0.6355,129.0,Interval.in_5_minute,57185700.0
4242,2023-10-24 21:00:00,OANDA:AUDUSD,0.6355,0.63557,0.63537,0.63539,155.0,Interval.in_5_minute,57186000.0
4243,2023-10-24 21:05:00,OANDA:AUDUSD,0.63539,0.63558,0.63539,0.63546,115.0,Interval.in_5_minute,57186300.0
4244,2023-10-24 21:10:00,OANDA:AUDUSD,0.63546,0.6355,0.63532,0.6354,142.0,Interval.in_5_minute,57186600.0
4245,2023-10-24 21:15:00,OANDA:AUDUSD,0.6354,0.63543,0.63529,0.63543,114.0,Interval.in_5_minute,57186900.0
4246,2023-10-24 21:20:00,OANDA:AUDUSD,0.63543,0.63545,0.63534,0.63544,126.0,Interval.in_5_minute,57187200.0
4247,2023-10-24 21:25:00,OANDA:AUDUSD,0.63544,0.63573,0.63544,0.63572,107.0,Interval.in_5_minute,57187500.0
4248,2023-10-24 21:30:00,OANDA:AUDUSD,0.63572,0.63593,0.63572,0.6358,158.0,Interval.in_5_minute,57187800.0
4249,2023-10-24 21:35:00,OANDA:AUDUSD,0.6358,0.6358,0.63554,0.63562,173.0,Interval.in_5_minute,57188100.0
4250,2023-10-24 21:40:00,OANDA:AUDUSD,0.63562,0.63569,0.63556,0.63568,137.0,Interval.in_5_minute,57188400.0
4251,2023-10-24 21:45:00,OANDA:AUDUSD,0.63568,0.63586,0.63568,0.6358,104.0,Interval.in_5_minute,57188700.0
4252,2023-10-24 21:50:00,OANDA:AUDUSD,0.6358,0.63583,0.63566,0.63578,164.0,Interval.in_5_minute,57189000.0
4253,2023-10-24 21:55:00,OANDA:AUDUSD,0.63578,0.6358,0.63567,0.63572,161.0,Interval.in_5_minute,57189300.0
4254,2023-10-24 22:00:00,OANDA:AUDUSD,0.63572,0.6359,0.6357,0.63584,167.0,Interval.in_5_minute,57189600.0
4255,2023-10-24 22:05:00,OANDA:AUDUSD,0.63584,0.63584,0.6356,0.6357,102.0,Interval.in_5_minute,57189900.0
4256,2023-10-24 22:10:00,OANDA:AUDUSD,0.6357,0.63574,0.63554,0.6356,100.0,Interval.in_5_minute,57190200.0
4257,2023-10-24 22:15:00,OANDA:AUDUSD,0.6356,0.63578,0.6356,0.6357,134.0,Interval.in_5_minute,57190500.0
4258,2023-10-24 22:20:00,OANDA:AUDUSD,0.6357,0.63576,0.63558,0.63559,94.0,Interval.in_5_minute,57190800.0
4259,2023-10-24 22:25:00,OANDA:AUDUSD,0.63559,0.63571,0.63554,0.63566,100.0,Interval.in_5_minute,57191100.0
4260,2023-10-24 22:30:00,OANDA:AUDUSD,0.63566,0.63575,0.63559,0.63567,76.0,Interval.in_5_minute,57191400.0
4261,2023-10-24 22:35:00,OANDA:AUDUSD,0.63567,0.63567,0.63556,0.63556,100.0,Interval.in_5_minute,57191700.0
4262,2023-10-24 22:40:00,OANDA:AUDUSD,0.63556,0.6357,0.63555,0.63569,83.0,Interval.in_5_minute,57192000.0
4263,2023-10-24 22:45:00,OANDA:AUDUSD,0.63569,0.6359,0.63568,0.63579,58.0,Interval.in_5_minute,57192300.0
4264,2023-10-24 22:50:00,OANDA:AUDUSD,0.63579,0.63588,0.6357,0.63578,177.0,Interval.in_5_minute,57192600.0
4265,2023-10-24 22:55:00,OANDA:AUDUSD,0.63578,0.6359,0.63576,0.6358,116.0,Interval.in_5_minute,57192900.0
4266,2023-10-24 23:00:00,OANDA:AUDUSD,0.6358,0.63596,0.63562,0.63574,325.0,Interval.in_5_minute,57193200.0
4267,2023-10-24 23:05:00,OANDA:AUDUSD,0.63574,0.63583,0.63574,0.6358,132.0,Interval.in_5_minute,57193500.0
4268,2023-10-24 23:10:00,OANDA:AUDUSD,0.6358,0.63587,0.63574,0.63575,97.0,Interval.in_5_minute,57193800.0
4269,2023-10-24 23:15:00,OANDA:AUDUSD,0.63575,0.63601,0.63575,0.63591,124.0,Interval.in_5_minute,57194100.0
4270,2023-10-24 23:20:00,OANDA:AUDUSD,0.63591,0.63595,0.63591,0.63594,27.0,Interval.in_5_minute,57194400.0
4271,2023-10-24 23:25:00,OANDA:AUDUSD,0.63594,0.63596,0.63565,0.63573,45.0,Interval.in_5_minute,57194700.0
4272,2023-10-24 23:30:00,OANDA:AUDUSD,0.63573,0.63574,0.6356,0.63563,70.0,Interval.in_5_minute,57195000.0
4273,2023-10-24 23:35:00,OANDA:AUDUSD,0.63563,0.63563,0.63551,0.63554,68.0,Interval.in_5_minute,57195300.0
4274,2023-10-24 23:40:00,OANDA:AUDUSD,0.63554,0.6356,0.63552,0.63554,41.0,Interval.in_5_minute,57195600.0
4275,2023-10-24 23:45:00,OANDA:AUDUSD,0.63554,0.63559,0.63552,0.63554,94.0,Interval.in_5_minute,57195900.0
4276,2023-10-24 23:50:00,OANDA:AUDUSD,0.63554,0.63554,0.6355,0.63554,39.0,Interval.in_5_minute,57196200.0
4277,2023-10-24 23:55:00,OANDA:AUDUSD,0.63554,0.63559,0.63552,0.63558,35.0,Interval.in_5_minute,57196500.0
4278,2023-10-25 00:00:00,OANDA:AUDUSD,0.63558,0.63558,0.63534,0.63544,4.0,Interval.in_5_minute,57196800.0
4279,2023-10-25 00:05:00,OANDA:AUDUSD,0.63544,0.63574,0.63531,0.63574,168.0,Interval.in_5_minute,57197100.0
4280,2023-10-25 00:10:00,OANDA:AUDUSD,0.63574,0.63576,0.63554,0.63563,94.0,Interval.in_5_minute,57197400.0
4281,2023-10-25 00:15:00,OANDA:AUDUSD,0.63563,0.6357,0.6355,0.63562,201.0,Interval.in_5_minute,57197700.0
4282,2023-10-25 00:20:00,OANDA:AUDUSD,0.63562,0.63574,0.63555,0.63564,66.0,Interval.in_5_minute,57198000.0
4283,2023-10-25 00:25:00,OANDA:AUDUSD,0.63564,0.63578,0.63556,0.63576,41.0,Interval.in_5_minute,57198300.0
4284,2023-10-25 00:30:00,OANDA:AUDUSD,0.63576,0.63599,0.63556,0.63556,188.0,Interval.in_5_minute,57198600.0
4285,2023-10-25 00:35:00,OANDA:AUDUSD,0.63556,0.63559,0.63544,0.63548,89.0,Interval.in_5_minute,57198900.0
4286,2023-10-25 00:40:00,OANDA:AUDUSD,0.63548,0.63575,0.63538,0.63556,125.0,Interval.in_5_minute,57199200.0
4287,2023-10-25 00:45:00,OANDA:AUDUSD,0.63556,0.6357,0.63527,0.63551,155.0,Interval.in_5_minute,57199500.0
4288,2023-10-25 00:50:00,OANDA:AUDUSD,0.63551,0.63577,0.63536,0.63574,61.0,Interval.in_5_minute,57199800.0
4289,2023-10-25 00:55:00,OANDA:AUDUSD,0.63574,0.63576,0.6357,0.63572,128.0,Interval.in_5_minute,57200100.0
4290,2023-10-25 01:00:00,OANDA:AUDUSD,0.63572,0.63574,0.6354,0.63543,87.0,Interval.in_5_minute,57200400.0
4291,2023-10-25 01:05:00,OANDA:AUDUSD,0.63543,0.63556,0.63542,0.63542,69.0,Interval.in_5_minute,57200700.0
4292,2023-10-25 01:10:00,OANDA:AUDUSD,0.63542,0.63542,0.63531,0.63535,30.0,Interval.in_5_minute,57201000.0
4293,2023-10-25 01:15:00,OANDA:AUDUSD,0.63535,0.63536,0.63526,0.63535,66.0,Interval.in_5_minute,57201300.0
4294,2023-10-25 01:20:00,OANDA:AUDUSD,0.63535,0.63552,0.63534,0.63552,45.0,Interval.in_5_minute,57201600.0
4295,2023-10-25 01:25:00,OANDA:AUDUSD,0.63552,0.6356,0.63551,0.63553,87.0,Interval.in_5_minute,57201900.0
4296,2023-10-25 01:30:00,OANDA:AUDUSD,0.63553,0.63553,0.63534,0.63534,44.0,Interval.in_5_minute,57202200.0
4297,2023-10-25 01:35:00,OANDA:AUDUSD,0.63534,0.6354,0.63533,0.6354,32.0,Interval.in_5_minute,57202500.0
4298,2023-10-25 01:40:00,OANDA:AUDUSD,0.6354,0.63541,0.63538,0.63539,12.0,Interval.in_5_minute,57202800.0
4299,2023-10-25 01:45:00,OANDA:AUDUSD,0.63539,0.63557,0.63538,0.63557,29.0,Interval.in_5_minute,57203100.0
4300,2023-10-25 01:50:00,OANDA:AUDUSD,0.63557,0.63562,0.63552,0.63555,43.0,Interval.in_5_minute,57203400.0
4301,2023-10-25 01:55:00,OANDA:AUDUSD,0.63555,0.63562,0.63552,0.63558,75.0,Interval.in_5_minute,57203700.0
4302,2023-10-25 02:00:00,OANDA:AUDUSD,0.63558,0.63576,0.63558,0.6357,122.0,Interval.in_5_minute,57204000.0
4303,2023-10-25 02:05:00,OANDA:AUDUSD,0.6357,0.6358,0.6357,0.63579,38.0,Interval.in_5_minute,57204300.0
4304,2023-10-25 02:10:00,OANDA:AUDUSD,0.63579,0.63581,0.63572,0.63574,57.0,Interval.in_5_minute,57204600.0
4305,2023-10-25 02:15:00,OANDA:AUDUSD,0.63574,0.63579,0.63572,0.63576,25.0,Interval.in_5_minute,57204900.0
4306,2023-10-25 02:20:00,OANDA:AUDUSD,0.63576,0.63576,0.63568,0.63568,41.0,Interval.in_5_minute,57205200.0
4307,2023-10-25 02:25:00,OANDA:AUDUSD,0.63568,0.63576,0.63554,0.63566,66.0,Interval.in_5_minute,57205500.0
4308,2023-10-25 02:30:00,OANDA:AUDUSD,0.63566,0.63572,0.63554,0.63571,61.0,Interval.in_5_minute,57205800.0
4309,2023-10-25 02:35:00,OANDA:AUDUSD,0.63571,0.6358,0.63568,0.63577,32.0,Interval.in_5_minute,57206100.0
4310,2023-10-25 02:40:00,OANDA:AUDUSD,0.63577,0.63593,0.63568,0.63593,44.0,Interval.in_5_minute,57206400.0
4311,2023-10-25 02:45:00,OANDA:AUDUSD,0.63593,0.63618,0.63593,0.63606,112.0,Interval.in_5_minute,57206700.0
4312,2023-10-25 02:50:00,OANDA:AUDUSD,0.63606,0.63606,0.63587,0.63593,34.0,Interval.in_5_minute,57207000.0
4313,2023-10-25 02:55:00,OANDA:AUDUSD,0.63593,0.63602,0.63588,0.63601,68.0,Interval.in_5_minute,57207300.0
4314,2023-10-25 03:00:00,OANDA:AUDUSD,0.63601,0.63618,0.6358,0.63617,127.0,Interval.in_5_minute,57207600.0
4315,2023-10-25 03:05:00,OANDA:AUDUSD,0.63617,0.6363,0.63598,0.63627,97.0,Interval.in_5_minute,57207900.0
4316,2023-10-25 03:10:00,OANDA:AUDUSD,0.63627,0.63628,0.63596,0.63604,115.0,Interval.in_5_minute,57208200.0
4317,2023-10-25 03:15:00,OANDA:AUDUSD,0.63604,0.63624,0.63592,0.63609,156.0,Interval.in_5_minute,57208500.0
4318,2023-10-25 03:20:00,OANDA:AUDUSD,0.63609,0.63618,0.63583,0.63609,115.0,Interval.in_5_minute,57208800.0
4319,2023-10-25 03:25:00,OANDA:AUDUSD,0.63609,0.63615,0.6358,0.63589,163.0,Interval.in_5_minute,57209100.0
4320,2023-10-25 03:30:00,OANDA:AUDUSD,0.63589,0.639,0.63589,0.6383,994.0,Interval.in_5_minute,57209400.0
4321,2023-10-25 03:35:00,OANDA:AUDUSD,0.6383,0.63831,0.63746,0.63746,358.0,Interval.in_5_minute,57209700.0
4322,2023-10-25 03:40:00,OANDA:AUDUSD,0.63746,0.63825,0.63736,0.63814,270.0,Interval.in_5_minute,57210000.0
4323,2023-10-25 03:45:00,OANDA:AUDUSD,0.63814,0.63858,0.63794,0.6384,192.0,Interval.in_5_minute,57210300.0
4324,2023-10-25 03:50:00,OANDA:AUDUSD,0.6384,0.63872,0.63818,0.6387,281.0,Interval.in_5_minute,57210600.0
4325,2023-10-25 03:55:00,OANDA:AUDUSD,0.6387,0.63925,0.63866,0.63917,265.0,Interval.in_5_minute,57210900.0
4326,2023-10-25 04:00:00,OANDA:AUDUSD,0.63917,0.63926,0.63872,0.63881,231.0,Interval.in_5_minute,57211200.0
4327,2023-10-25 04:05:00,OANDA:AUDUSD,0.63881,0.63954,0.63878,0.63952,196.0,Interval.in_5_minute,57211500.0
4328,2023-10-25 04:10:00,OANDA:AUDUSD,0.63952,0.63993,0.63948,0.63986,287.0,Interval.in_5_minute,57211800.0
4329,2023-10-25 04:15:00,OANDA:AUDUSD,0.63986,0.63997,0.6396,0.63966,263.0,Interval.in_5_minute,57212100.0
4330,2023-10-25 04:20:00,OANDA:AUDUSD,0.63966,0.63972,0.63948,0.63948,171.0,Interval.in_5_minute,57212400.0
4331,2023-10-25 04:25:00,OANDA:AUDUSD,0.63948,0.63967,0.63946,0.63948,138.0,Interval.in_5_minute,57212700.0
4332,2023-10-25 04:30:00,OANDA:AUDUSD,0.63948,0.63956,0.63884,0.63888,186.0,Interval.in_5_minute,57213000.0
4333,2023-10-25 04:35:00,OANDA:AUDUSD,0.63888,0.63916,0.63888,0.63899,212.0,Interval.in_5_minute,57213300.0
4334,2023-10-25 04:40:00,OANDA:AUDUSD,0.63899,0.63903,0.63878,0.63903,175.0,Interval.in_5_minute,57213600.0
4335,2023-10-25 04:45:00,OANDA:AUDUSD,0.63903,0.63903,0.63853,0.63882,199.0,Interval.in_5_minute,57213900.0
4336,2023-10-25 04:50:00,OANDA:AUDUSD,0.63882,0.63885,0.63854,0.63873,147.0,Interval.in_5_minute,57214200.0
4337,2023-10-25 04:55:00,OANDA:AUDUSD,0.63873,0.63932,0.63873,0.6391,202.0,Interval.in_5_minute,57214500.0
4338,2023-10-25 05:00:00,OANDA:AUDUSD,0.6391,0.63936,0.63905,0.63907,171.0,Interval.in_5_minute,57214800.0
4339,2023-10-25 05:05:00,OANDA:AUDUSD,0.63907,0.63924,0.63904,0.63908,102.0,Interval.in_5_minute,57215100.0
4340,2023-10-25 05:10:00,OANDA:AUDUSD,0.63908,0.63916,0.63891,0.63912,189.0,Interval.in_5_minute,57215400.0
4341,2023-10-25 05:15:00,OANDA:AUDUSD,0.63912,0.63912,0.63882,0.63898,142.0,Interval.in_5_minute,57215700.0
4342,2023-10-25 05:20:00,OANDA:AUDUSD,0.63898,0.63912,0.63886,0.63902,166.0,Interval.in_5_minute,57216000.0
4343,2023-10-25 05:25:00,OANDA:AUDUSD,0.63902,0.63925,0.63896,0.63924,135.0,Interval.in_5_minute,57216300.0
4344,2023-10-25 05:30:00,OANDA:AUDUSD,0.63924,0.63924,0.63897,0.63906,124.0,Interval.in_5_minute,57216600.0
4345,2023-10-25 05:35:00,OANDA:AUDUSD,0.63906,0.63914,0.63877,0.63877,132.0,Interval.in_5_minute,57216900.0
4346,2023-10-25 05:40:00,OANDA:AUDUSD,0.63877,0.63886,0.63858,0.63886,128.0,Interval.in_5_minute,57217200.0
4347,2023-10-25 05:45:00,OANDA:AUDUSD,0.63886,0.63908,0.63873,0.63906,169.0,Interval.in_5_minute,57217500.0
4348,2023-10-25 05:50:00,OANDA:AUDUSD,0.63906,0.63911,0.63883,0.63886,100.0,Interval.in_5_minute,57217800.0
4349,2023-10-25 05:55:00,OANDA:AUDUSD,0.63886,0.63892,0.63872,0.63889,86.0,Interval.in_5_minute,57218100.0
4350,2023-10-25 06:00:00,OANDA:AUDUSD,0.63889,0.63911,0.63888,0.63888,98.0,Interval.in_5_minute,57218400.0
4351,2023-10-25 06:05:00,OANDA:AUDUSD,0.63888,0.63888,0.6386,0.63862,137.0,Interval.in_5_minute,57218700.0
4352,2023-10-25 06:10:00,OANDA:AUDUSD,0.63862,0.63872,0.63832,0.6384,174.0,Interval.in_5_minute,57219000.0
4353,2023-10-25 06:15:00,OANDA:AUDUSD,0.6384,0.6386,0.63838,0.6384,189.0,Interval.in_5_minute,57219300.0
4354,2023-10-25 06:20:00,OANDA:AUDUSD,0.6384,0.63852,0.63832,0.63846,125.0,Interval.in_5_minute,57219600.0
4355,2023-10-25 06:25:00,OANDA:AUDUSD,0.63846,0.63846,0.63812,0.63814,131.0,Interval.in_5_minute,57219900.0
4356,2023-10-25 06:30:00,OANDA:AUDUSD,0.63814,0.63836,0.63812,0.63834,136.0,Interval.in_5_minute,57220200.0
4357,2023-10-25 06:35:00,OANDA:AUDUSD,0.63834,0.63834,0.63812,0.6382,158.0,Interval.in_5_minute,57220500.0
4358,2023-10-25 06:40:00,OANDA:AUDUSD,0.6382,0.63821,0.63798,0.63798,59.0,Interval.in_5_minute,57220800.0
4359,2023-10-25 06:45:00,OANDA:AUDUSD,0.63798,0.63804,0.63788,0.63788,79.0,Interval.in_5_minute,57221100.0
4360,2023-10-25 06:50:00,OANDA:AUDUSD,0.63788,0.63802,0.63782,0.63788,79.0,Interval.in_5_minute,57221400.0
4361,2023-10-25 06:55:00,OANDA:AUDUSD,0.63788,0.63814,0.63782,0.63812,66.0,Interval.in_5_minute,57221700.0
4362,2023-10-25 07:00:00,OANDA:AUDUSD,0.63812,0.6382,0.63801,0.63802,79.0,Interval.in_5_minute,57222000.0
4363,2023-10-25 07:05:00,OANDA:AUDUSD,0.63802,0.63808,0.63794,0.63806,63.0,Interval.in_5_minute,57222300.0
4364,2023-10-25 07:10:00,OANDA:AUDUSD,0.63806,0.63819,0.63804,0.63815,71.0,Interval.in_5_minute,57222600.0
4365,2023-10-25 07:15:00,OANDA:AUDUSD,0.63815,0.63818,0.63795,0.6381,79.0,Interval.in_5_minute,57222900.0
4366,2023-10-25 07:20:00,OANDA:AUDUSD,0.6381,0.6382,0.63805,0.63815,46.0,Interval.in_5_minute,57223200.0
4367,2023-10-25 07:25:00,OANDA:AUDUSD,0.63815,0.63828,0.6381,0.6381,76.0,Interval.in_5_minute,57223500.0
4368,2023-10-25 07:30:00,OANDA:AUDUSD,0.6381,0.63818,0.63792,0.63806,79.0,Interval.in_5_minute,57223800.0
4369,2023-10-25 07:35:00,OANDA:AUDUSD,0.63806,0.6382,0.63806,0.63818,72.0,Interval.in_5_minute,57224100.0
4370,2023-10-25 07:40:00,OANDA:AUDUSD,0.63818,0.63849,0.63814,0.63849,61.0,Interval.in_5_minute,57224400.0
4371,2023-10-25 07:45:00,OANDA:AUDUSD,0.63849,0.63849,0.63838,0.63842,65.0,Interval.in_5_minute,57224700.0
4372,2023-10-25 07:50:00,OANDA:AUDUSD,0.63842,0.6386,0.63839,0.63856,121.0,Interval.in_5_minute,57225000.0
4373,2023-10-25 07:55:00,OANDA:AUDUSD,0.63856,0.6387,0.63854,0.63864,65.0,Interval.in_5_minute,57225300.0
4374,2023-10-25 08:00:00,OANDA:AUDUSD,0.63864,0.63872,0.63852,0.63858,129.0,Interval.in_5_minute,57225600.0
4375,2023-10-25 08:05:00,OANDA:AUDUSD,0.63858,0.63863,0.63846,0.6386,112.0,Interval.in_5_minute,57225900.0
4376,2023-10-25 08:10:00,OANDA:AUDUSD,0.6386,0.6386,0.63834,0.63848,72.0,Interval.in_5_minute,57226200.0
4377,2023-10-25 08:15:00,OANDA:AUDUSD,0.63848,0.6385,0.63826,0.63828,91.0,Interval.in_5_minute,57226500.0
4378,2023-10-25 08:20:00,OANDA:AUDUSD,0.63828,0.63828,0.63812,0.63823,138.0,Interval.in_5_minute,57226800.0
4379,2023-10-25 08:25:00,OANDA:AUDUSD,0.63823,0.63824,0.63808,0.63812,65.0,Interval.in_5_minute,57227100.0
4380,2023-10-25 08:30:00,OANDA:AUDUSD,0.63812,0.63842,0.63788,0.63834,85.0,Interval.in_5_minute,57227400.0
4381,2023-10-25 08:35:00,OANDA:AUDUSD,0.63834,0.63837,0.63792,0.63792,106.0,Interval.in_5_minute,57227700.0
4382,2023-10-25 08:40:00,OANDA:AUDUSD,0.63792,0.63794,0.63712,0.63746,230.0,Interval.in_5_minute,57228000.0
4383,2023-10-25 08:45:00,OANDA:AUDUSD,0.63746,0.63762,0.63718,0.63758,171.0,Interval.in_5_minute,57228300.0
4384,2023-10-25 08:50:00,OANDA:AUDUSD,0.63758,0.63784,0.63739,0.6374,153.0,Interval.in_5_minute,57228600.0
4385,2023-10-25 08:55:00,OANDA:AUDUSD,0.6374,0.63756,0.63733,0.63756,147.0,Interval.in_5_minute,57228900.0
4386,2023-10-25 09:00:00,OANDA:AUDUSD,0.63756,0.63788,0.63756,0.63778,251.0,Interval.in_5_minute,57229200.0
4387,2023-10-25 09:05:00,OANDA:AUDUSD,0.63778,0.63798,0.63764,0.63776,152.0,Interval.in_5_minute,57229500.0
4388,2023-10-25 09:10:00,OANDA:AUDUSD,0.63776,0.63779,0.63732,0.63736,150.0,Interval.in_5_minute,57229800.0
4389,2023-10-25 09:15:00,OANDA:AUDUSD,0.63736,0.63786,0.63732,0.63776,121.0,Interval.in_5_minute,57230100.0
4390,2023-10-25 09:20:00,OANDA:AUDUSD,0.63776,0.63802,0.63774,0.638,134.0,Interval.in_5_minute,57230400.0
4391,2023-10-25 09:25:00,OANDA:AUDUSD,0.638,0.63828,0.63785,0.63828,149.0,Interval.in_5_minute,57230700.0
4392,2023-10-25 09:30:00,OANDA:AUDUSD,0.63828,0.63828,0.63778,0.63778,206.0,Interval.in_5_minute,57231000.0
4393,2023-10-25 09:35:00,OANDA:AUDUSD,0.63778,0.63788,0.6377,0.63777,113.0,Interval.in_5_minute,57231300.0
4394,2023-10-25 09:40:00,OANDA:AUDUSD,0.63777,0.63783,0.63746,0.63777,158.0,Interval.in_5_minute,57231600.0
4395,2023-10-25 09:45:00,OANDA:AUDUSD,0.63777,0.63785,0.6376,0.63763,137.0,Interval.in_5_minute,57231900.0
4396,2023-10-25 09:50:00,OANDA:AUDUSD,0.63763,0.6377,0.63737,0.6375,196.0,Interval.in_5_minute,57232200.0
4397,2023-10-25 09:55:00,OANDA:AUDUSD,0.6375,0.6375,0.63706,0.63706,201.0,Interval.in_5_minute,57232500.0
4398,2023-10-25 10:00:00,OANDA:AUDUSD,0.63706,0.63706,0.63648,0.63666,367.0,Interval.in_5_minute,57232800.0
4399,2023-10-25 10:05:00,OANDA:AUDUSD,0.63666,0.6371,0.63658,0.63698,248.0,Interval.in_5_minute,57233100.0
4400,2023-10-25 10:10:00,OANDA:AUDUSD,0.63698,0.637,0.63661,0.63666,217.0,Interval.in_5_minute,57233400.0
4401,2023-10-25 10:15:00,OANDA:AUDUSD,0.63666,0.63669,0.63644,0.63666,239.0,Interval.in_5_minute,57233700.0
4402,2023-10-25 10:20:00,OANDA:AUDUSD,0.63666,0.63672,0.63634,0.63648,247.0,Interval.in_5_minute,57234000.0
4403,2023-10-25 10:25:00,OANDA:AUDUSD,0.63648,0.63658,0.63629,0.63654,257.0,Interval.in_5_minute,57234300.0
4404,2023-10-25 10:30:00,OANDA:AUDUSD,0.63654,0.63668,0.63641,0.63646,241.0,Interval.in_5_minute,57234600.0
4405,2023-10-25 10:35:00,OANDA:AUDUSD,0.63646,0.63654,0.63622,0.63629,286.0,Interval.in_5_minute,57234900.0
4406,2023-10-25 10:40:00,OANDA:AUDUSD,0.63629,0.6364,0.63576,0.63592,249.0,Interval.in_5_minute,57235200.0
4407,2023-10-25 10:45:00,OANDA:AUDUSD,0.63592,0.63596,0.63577,0.6358,168.0,Interval.in_5_minute,57235500.0
4408,2023-10-25 10:50:00,OANDA:AUDUSD,0.6358,0.63584,0.63562,0.63562,150.0,Interval.in_5_minute,57235800.0
4409,2023-10-25 10:55:00,OANDA:AUDUSD,0.63562,0.63586,0.63558,0.6357,137.0,Interval.in_5_minute,57236100.0
4410,2023-10-25 11:00:00,OANDA:AUDUSD,0.6357,0.63598,0.63564,0.63566,293.0,Interval.in_5_minute,57236400.0
4411,2023-10-25 11:05:00,OANDA:AUDUSD,0.63566,0.63593,0.63564,0.63586,201.0,Interval.in_5_minute,57236700.0
4412,2023-10-25 11:10:00,OANDA:AUDUSD,0.63586,0.63598,0.63568,0.63579,132.0,Interval.in_5_minute,57237000.0
4413,2023-10-25 11:15:00,OANDA:AUDUSD,0.63579,0.636,0.6357,0.63578,248.0,Interval.in_5_minute,57237300.0
4414,2023-10-25 11:20:00,OANDA:AUDUSD,0.63578,0.63602,0.63576,0.636,157.0,Interval.in_5_minute,57237600.0
4415,2023-10-25 11:25:00,OANDA:AUDUSD,0.636,0.6362,0.63596,0.63602,161.0,Interval.in_5_minute,57237900.0
4416,2023-10-25 11:30:00,OANDA:AUDUSD,0.63602,0.63612,0.63592,0.63606,152.0,Interval.in_5_minute,57238200.0
4417,2023-10-25 11:35:00,OANDA:AUDUSD,0.63606,0.63608,0.63585,0.6359,110.0,Interval.in_5_minute,57238500.0
4418,2023-10-25 11:40:00,OANDA:AUDUSD,0.6359,0.63605,0.6357,0.63598,132.0,Interval.in_5_minute,57238800.0
4419,2023-10-25 11:45:00,OANDA:AUDUSD,0.63598,0.63606,0.63576,0.63577,188.0,Interval.in_5_minute,57239100.0
4420,2023-10-25 11:50:00,OANDA:AUDUSD,0.63577,0.63577,0.63541,0.63544,198.0,Interval.in_5_minute,57239400.0
4421,2023-10-25 11:55:00,OANDA:AUDUSD,0.63544,0.6355,0.63514,0.63532,182.0,Interval.in_5_minute,57239700.0
4422,2023-10-25 12:00:00,OANDA:AUDUSD,0.63532,0.63535,0.63505,0.63505,265.0,Interval.in_5_minute,57240000.0
4423,2023-10-25 12:05:00,OANDA:AUDUSD,0.63505,0.63508,0.6345,0.6347,220.0,Interval.in_5_minute,57240300.0
4424,2023-10-25 12:10:00,OANDA:AUDUSD,0.6347,0.63476,0.6346,0.63464,148.0,Interval.in_5_minute,57240600.0
4425,2023-10-25 12:15:00,OANDA:AUDUSD,0.63464,0.63476,0.63446,0.63451,114.0,Interval.in_5_minute,57240900.0
4426,2023-10-25 12:20:00,OANDA:AUDUSD,0.63451,0.63459,0.63418,0.6342,191.0,Interval.in_5_minute,57241200.0
4427,2023-10-25 12:25:00,OANDA:AUDUSD,0.6342,0.63446,0.63418,0.63421,247.0,Interval.in_5_minute,57241500.0
4428,2023-10-25 12:30:00,OANDA:AUDUSD,0.63421,0.63438,0.63397,0.63434,163.0,Interval.in_5_minute,57241800.0
4429,2023-10-25 12:35:00,OANDA:AUDUSD,0.63434,0.63436,0.63392,0.63398,135.0,Interval.in_5_minute,57242100.0
4430,2023-10-25 12:40:00,OANDA:AUDUSD,0.63398,0.63408,0.63384,0.63388,153.0,Interval.in_5_minute,57242400.0
4431,2023-10-25 12:45:00,OANDA:AUDUSD,0.63388,0.63388,0.63294,0.633,276.0,Interval.in_5_minute,57242700.0
4432,2023-10-25 12:50:00,OANDA:AUDUSD,0.633,0.63332,0.63292,0.63322,225.0,Interval.in_5_minute,57243000.0
4433,2023-10-25 12:55:00,OANDA:AUDUSD,0.63322,0.63342,0.63314,0.63316,156.0,Interval.in_5_minute,57243300.0
4434,2023-10-25 13:00:00,OANDA:AUDUSD,0.63316,0.63338,0.63308,0.63332,178.0,Interval.in_5_minute,57243600.0
4435,2023-10-25 13:05:00,OANDA:AUDUSD,0.63332,0.63332,0.63298,0.63298,142.0,Interval.in_5_minute,57243900.0
4436,2023-10-25 13:10:00,OANDA:AUDUSD,0.63298,0.63317,0.63282,0.63312,247.0,Interval.in_5_minute,57244200.0
4437,2023-10-25 13:15:00,OANDA:AUDUSD,0.63312,0.63337,0.63298,0.63334,229.0,Interval.in_5_minute,57244500.0
4438,2023-10-25 13:20:00,OANDA:AUDUSD,0.63334,0.6335,0.63334,0.63348,82.0,Interval.in_5_minute,57244800.0
4439,2023-10-25 13:25:00,OANDA:AUDUSD,0.63348,0.63364,0.63342,0.63359,120.0,Interval.in_5_minute,57245100.0
4440,2023-10-25 13:30:00,OANDA:AUDUSD,0.63359,0.63384,0.63352,0.63384,132.0,Interval.in_5_minute,57245400.0
4441,2023-10-25 13:35:00,OANDA:AUDUSD,0.63384,0.63391,0.63358,0.63373,126.0,Interval.in_5_minute,57245700.0
4442,2023-10-25 13:40:00,OANDA:AUDUSD,0.63373,0.63374,0.63353,0.6337,80.0,Interval.in_5_minute,57246000.0
4443,2023-10-25 13:45:00,OANDA:AUDUSD,0.6337,0.63384,0.63357,0.63362,108.0,Interval.in_5_minute,57246300.0
4444,2023-10-25 13:50:00,OANDA:AUDUSD,0.63362,0.63386,0.63362,0.63378,134.0,Interval.in_5_minute,57246600.0
4445,2023-10-25 13:55:00,OANDA:AUDUSD,0.63378,0.63378,0.63364,0.63371,115.0,Interval.in_5_minute,57246900.0
4446,2023-10-25 14:00:00,OANDA:AUDUSD,0.63371,0.6338,0.63358,0.63372,144.0,Interval.in_5_minute,57247200.0
4447,2023-10-25 14:05:00,OANDA:AUDUSD,0.63372,0.63372,0.63354,0.63358,110.0,Interval.in_5_minute,57247500.0
4448,2023-10-25 14:10:00,OANDA:AUDUSD,0.63358,0.63364,0.63342,0.63356,163.0,Interval.in_5_minute,57247800.0
4449,2023-10-25 14:15:00,OANDA:AUDUSD,0.63356,0.63359,0.63328,0.6333,127.0,Interval.in_5_minute,57248100.0
4450,2023-10-25 14:20:00,OANDA:AUDUSD,0.6333,0.63388,0.6333,0.63379,113.0,Interval.in_5_minute,57248400.0
4451,2023-10-25 14:25:00,OANDA:AUDUSD,0.63379,0.63396,0.63372,0.6339,97.0,Interval.in_5_minute,57248700.0
4452,2023-10-25 14:30:00,OANDA:AUDUSD,0.6339,0.63409,0.63383,0.63401,161.0,Interval.in_5_minute,57249000.0
4453,2023-10-25 14:35:00,OANDA:AUDUSD,0.63401,0.6341,0.63388,0.63409,163.0,Interval.in_5_minute,57249300.0
4454,2023-10-25 14:40:00,OANDA:AUDUSD,0.63409,0.63409,0.63392,0.63398,125.0,Interval.in_5_minute,57249600.0
4455,2023-10-25 14:45:00,OANDA:AUDUSD,0.63398,0.63409,0.63392,0.63402,107.0,Interval.in_5_minute,57249900.0
4456,2023-10-25 14:50:00,OANDA:AUDUSD,0.63402,0.63408,0.63378,0.63378,112.0,Interval.in_5_minute,57250200.0
4457,2023-10-25 14:55:00,OANDA:AUDUSD,0.63378,0.63379,0.63364,0.63378,81.0,Interval.in_5_minute,57250500.0
4458,2023-10-25 15:00:00,OANDA:AUDUSD,0.63378,0.63403,0.63378,0.634,180.0,Interval.in_5_minute,57250800.0
4459,2023-10-25 15:05:00,OANDA:AUDUSD,0.634,0.63423,0.634,0.63412,131.0,Interval.in_5_minute,57251100.0
4460,2023-10-25 15:10:00,OANDA:AUDUSD,0.63412,0.63446,0.6341,0.63445,137.0,Interval.in_5_minute,57251400.0
4461,2023-10-25 15:15:00,OANDA:AUDUSD,0.63445,0.63448,0.63424,0.63447,130.0,Interval.in_5_minute,57251700.0
4462,2023-10-25 15:20:00,OANDA:AUDUSD,0.63447,0.63453,0.63414,0.63427,204.0,Interval.in_5_minute,57252000.0
4463,2023-10-25 15:25:00,OANDA:AUDUSD,0.63427,0.63442,0.6341,0.6344,242.0,Interval.in_5_minute,57252300.0
4464,2023-10-25 15:30:00,OANDA:AUDUSD,0.6344,0.63468,0.63436,0.63448,251.0,Interval.in_5_minute,57252600.0
4465,2023-10-25 15:35:00,OANDA:AUDUSD,0.63448,0.63454,0.63402,0.63403,294.0,Interval.in_5_minute,57252900.0
4466,2023-10-25 15:40:00,OANDA:AUDUSD,0.63403,0.63417,0.63396,0.63412,203.0,Interval.in_5_minute,57253200.0
4467,2023-10-25 15:45:00,OANDA:AUDUSD,0.63412,0.63426,0.634,0.63415,210.0,Interval.in_5_minute,57253500.0
4468,2023-10-25 15:50:00,OANDA:AUDUSD,0.63415,0.63438,0.63408,0.63428,234.0,Interval.in_5_minute,57253800.0
4469,2023-10-25 15:55:00,OANDA:AUDUSD,0.63428,0.63432,0.63388,0.63392,190.0,Interval.in_5_minute,57254100.0
4470,2023-10-25 16:00:00,OANDA:AUDUSD,0.63392,0.63427,0.63392,0.63426,248.0,Interval.in_5_minute,57254400.0
4471,2023-10-25 16:05:00,OANDA:AUDUSD,0.63426,0.63434,0.63408,0.63426,237.0,Interval.in_5_minute,57254700.0
4472,2023-10-25 16:10:00,OANDA:AUDUSD,0.63426,0.6344,0.63422,0.63428,150.0,Interval.in_5_minute,57255000.0
4473,2023-10-25 16:15:00,OANDA:AUDUSD,0.63428,0.63432,0.63401,0.6341,173.0,Interval.in_5_minute,57255300.0
4474,2023-10-25 16:20:00,OANDA:AUDUSD,0.6341,0.63426,0.63392,0.63395,138.0,Interval.in_5_minute,57255600.0
4475,2023-10-25 16:25:00,OANDA:AUDUSD,0.63395,0.63402,0.6336,0.63361,234.0,Interval.in_5_minute,57255900.0
4476,2023-10-25 16:30:00,OANDA:AUDUSD,0.63361,0.63386,0.63337,0.63347,417.0,Interval.in_5_minute,57256200.0
4477,2023-10-25 16:35:00,OANDA:AUDUSD,0.63347,0.63352,0.63269,0.63296,435.0,Interval.in_5_minute,57256500.0
4478,2023-10-25 16:40:00,OANDA:AUDUSD,0.63296,0.63296,0.6328,0.63281,277.0,Interval.in_5_minute,57256800.0
4479,2023-10-25 16:45:00,OANDA:AUDUSD,0.63281,0.63293,0.63245,0.63276,343.0,Interval.in_5_minute,57257100.0
4480,2023-10-25 16:50:00,OANDA:AUDUSD,0.63276,0.63316,0.63271,0.63309,366.0,Interval.in_5_minute,57257400.0
4481,2023-10-25 16:55:00,OANDA:AUDUSD,0.63309,0.63348,0.63304,0.63333,316.0,Interval.in_5_minute,57257700.0
4482,2023-10-25 17:00:00,OANDA:AUDUSD,0.63333,0.63333,0.63256,0.63284,759.0,Interval.in_5_minute,57258000.0
4483,2023-10-25 17:05:00,OANDA:AUDUSD,0.63284,0.63314,0.63221,0.63253,449.0,Interval.in_5_minute,57258300.0
4484,2023-10-25 17:10:00,OANDA:AUDUSD,0.63253,0.63258,0.63202,0.63222,516.0,Interval.in_5_minute,57258600.0
4485,2023-10-25 17:15:00,OANDA:AUDUSD,0.63222,0.63262,0.63207,0.6326,463.0,Interval.in_5_minute,57258900.0
4486,2023-10-25 17:20:00,OANDA:AUDUSD,0.6326,0.63279,0.63236,0.63247,368.0,Interval.in_5_minute,57259200.0
4487,2023-10-25 17:25:00,OANDA:AUDUSD,0.63247,0.63268,0.63228,0.63239,466.0,Interval.in_5_minute,57259500.0
4488,2023-10-25 17:30:00,OANDA:AUDUSD,0.63239,0.63308,0.63206,0.63294,500.0,Interval.in_5_minute,57259800.0
4489,2023-10-25 17:35:00,OANDA:AUDUSD,0.63294,0.63364,0.63288,0.6335,296.0,Interval.in_5_minute,57260100.0
4490,2023-10-25 17:40:00,OANDA:AUDUSD,0.6335,0.63364,0.6334,0.6335,294.0,Interval.in_5_minute,57260400.0
4491,2023-10-25 17:45:00,OANDA:AUDUSD,0.6335,0.63384,0.63332,0.63378,330.0,Interval.in_5_minute,57260700.0
4492,2023-10-25 17:50:00,OANDA:AUDUSD,0.63378,0.63381,0.63314,0.63321,352.0,Interval.in_5_minute,57261000.0
4493,2023-10-25 17:55:00,OANDA:AUDUSD,0.63321,0.63346,0.63314,0.63335,329.0,Interval.in_5_minute,57261300.0
4494,2023-10-25 18:00:00,OANDA:AUDUSD,0.63335,0.6337,0.6331,0.63336,470.0,Interval.in_5_minute,57261600.0
4495,2023-10-25 18:05:00,OANDA:AUDUSD,0.63336,0.63372,0.63322,0.63352,689.0,Interval.in_5_minute,57261900.0
4496,2023-10-25 18:10:00,OANDA:AUDUSD,0.63352,0.63376,0.63344,0.63368,430.0,Interval.in_5_minute,57262200.0
4497,2023-10-25 18:15:00,OANDA:AUDUSD,0.63368,0.63382,0.63352,0.63354,359.0,Interval.in_5_minute,57262500.0
4498,2023-10-25 18:20:00,OANDA:AUDUSD,0.63354,0.63358,0.63298,0.63306,353.0,Interval.in_5_minute,57262800.0
4499,2023-10-25 18:25:00,OANDA:AUDUSD,0.63306,0.63346,0.63295,0.63344,264.0,Interval.in_5_minute,57263100.0
4500,2023-10-25 18:30:00,OANDA:AUDUSD,0.63344,0.63359,0.63328,0.63343,310.0,Interval.in_5_minute,57263400.0
4501,2023-10-25 18:35:00,OANDA:AUDUSD,0.63343,0.63384,0.63334,0.63373,253.0,Interval.in_5_minute,57263700.0
4502,2023-10-25 18:40:00,OANDA:AUDUSD,0.63373,0.63394,0.63358,0.6339,245.0,Interval.in_5_minute,57264000.0
4503,2023-10-25 18:45:00,OANDA:AUDUSD,0.6339,0.6341,0.6337,0.63371,255.0,Interval.in_5_minute,57264300.0
4504,2023-10-25 18:50:00,OANDA:AUDUSD,0.63371,0.6338,0.63358,0.63362,195.0,Interval.in_5_minute,57264600.0
4505,2023-10-25 18:55:00,OANDA:AUDUSD,0.63362,0.63366,0.63329,0.6333,206.0,Interval.in_5_minute,57264900.0
4506,2023-10-25 19:00:00,OANDA:AUDUSD,0.6333,0.63332,0.63292,0.63292,188.0,Interval.in_5_minute,57265200.0
4507,2023-10-25 19:05:00,OANDA:AUDUSD,0.63292,0.6331,0.63283,0.63308,194.0,Interval.in_5_minute,57265500.0
4508,2023-10-25 19:10:00,OANDA:AUDUSD,0.63308,0.63318,0.63284,0.63294,173.0,Interval.in_5_minute,57265800.0
4509,2023-10-25 19:15:00,OANDA:AUDUSD,0.63294,0.63306,0.63292,0.633,139.0,Interval.in_5_minute,57266100.0
4510,2023-10-25 19:20:00,OANDA:AUDUSD,0.633,0.633,0.63278,0.63295,218.0,Interval.in_5_minute,57266400.0
4511,2023-10-25 19:25:00,OANDA:AUDUSD,0.63295,0.63306,0.63286,0.63288,113.0,Interval.in_5_minute,57266700.0
4512,2023-10-25 19:30:00,OANDA:AUDUSD,0.63288,0.63316,0.63288,0.63295,142.0,Interval.in_5_minute,57267000.0
4513,2023-10-25 19:35:00,OANDA:AUDUSD,0.63295,0.63296,0.63273,0.63278,162.0,Interval.in_5_minute,57267300.0
4514,2023-10-25 19:40:00,OANDA:AUDUSD,0.63278,0.63285,0.63252,0.63266,192.0,Interval.in_5_minute,57267600.0
4515,2023-10-25 19:45:00,OANDA:AUDUSD,0.63266,0.63266,0.6323,0.63231,164.0,Interval.in_5_minute,57267900.0
4516,2023-10-25 19:50:00,OANDA:AUDUSD,0.63231,0.63231,0.63195,0.63196,131.0,Interval.in_5_minute,57268200.0
4517,2023-10-25 19:55:00,OANDA:AUDUSD,0.63196,0.63199,0.63176,0.63197,206.0,Interval.in_5_minute,57268500.0
4518,2023-10-25 20:00:00,OANDA:AUDUSD,0.63197,0.63218,0.63116,0.63126,318.0,Interval.in_5_minute,57268800.0
4519,2023-10-25 20:05:00,OANDA:AUDUSD,0.63126,0.63152,0.63104,0.63151,313.0,Interval.in_5_minute,57269100.0
4520,2023-10-25 20:10:00,OANDA:AUDUSD,0.63151,0.63154,0.63126,0.63146,185.0,Interval.in_5_minute,57269400.0
4521,2023-10-25 20:15:00,OANDA:AUDUSD,0.63146,0.63164,0.63141,0.63146,307.0,Interval.in_5_minute,57269700.0
4522,2023-10-25 20:20:00,OANDA:AUDUSD,0.63146,0.63166,0.63134,0.63149,291.0,Interval.in_5_minute,57270000.0
4523,2023-10-25 20:25:00,OANDA:AUDUSD,0.63149,0.63159,0.63097,0.63098,368.0,Interval.in_5_minute,57270300.0
4524,2023-10-25 20:30:00,OANDA:AUDUSD,0.63098,0.63106,0.63074,0.63099,317.0,Interval.in_5_minute,57270600.0
4525,2023-10-25 20:35:00,OANDA:AUDUSD,0.63099,0.63104,0.63072,0.6308,190.0,Interval.in_5_minute,57270900.0
4526,2023-10-25 20:40:00,OANDA:AUDUSD,0.6308,0.63092,0.63068,0.63076,166.0,Interval.in_5_minute,57271200.0
4527,2023-10-25 20:45:00,OANDA:AUDUSD,0.63076,0.63094,0.63068,0.63076,247.0,Interval.in_5_minute,57271500.0
4528,2023-10-25 20:50:00,OANDA:AUDUSD,0.63076,0.63082,0.63062,0.6307,225.0,Interval.in_5_minute,57271800.0
4529,2023-10-25 20:55:00,OANDA:AUDUSD,0.6307,0.63098,0.63066,0.63089,166.0,Interval.in_5_minute,57272100.0
4530,2023-10-25 21:00:00,OANDA:AUDUSD,0.63089,0.63109,0.63085,0.63098,210.0,Interval.in_5_minute,57272400.0
4531,2023-10-25 21:05:00,OANDA:AUDUSD,0.63098,0.63109,0.63094,0.63108,169.0,Interval.in_5_minute,57272700.0
4532,2023-10-25 21:10:00,OANDA:AUDUSD,0.63108,0.63128,0.63095,0.63122,222.0,Interval.in_5_minute,57273000.0
4533,2023-10-25 21:15:00,OANDA:AUDUSD,0.63122,0.63138,0.63118,0.63129,208.0,Interval.in_5_minute,57273300.0
4534,2023-10-25 21:20:00,OANDA:AUDUSD,0.63129,0.63136,0.63112,0.63117,126.0,Interval.in_5_minute,57273600.0
4535,2023-10-25 21:25:00,OANDA:AUDUSD,0.63117,0.63126,0.63098,0.63108,159.0,Interval.in_5_minute,57273900.0
4536,2023-10-25 21:30:00,OANDA:AUDUSD,0.63108,0.63127,0.63108,0.63121,138.0,Interval.in_5_minute,57274200.0
4537,2023-10-25 21:35:00,OANDA:AUDUSD,0.63121,0.63121,0.63098,0.63106,165.0,Interval.in_5_minute,57274500.0
4538,2023-10-25 21:40:00,OANDA:AUDUSD,0.63106,0.6311,0.63088,0.63095,136.0,Interval.in_5_minute,57274800.0
4539,2023-10-25 21:45:00,OANDA:AUDUSD,0.63095,0.631,0.63062,0.63062,127.0,Interval.in_5_minute,57275100.0
4540,2023-10-25 21:50:00,OANDA:AUDUSD,0.63062,0.63086,0.63054,0.63086,183.0,Interval.in_5_minute,57275400.0
4541,2023-10-25 21:55:00,OANDA:AUDUSD,0.63086,0.6311,0.63085,0.6309,221.0,Interval.in_5_minute,57275700.0
4542,2023-10-25 22:00:00,OANDA:AUDUSD,0.6309,0.63097,0.63078,0.63086,172.0,Interval.in_5_minute,57276000.0
4543,2023-10-25 22:05:00,OANDA:AUDUSD,0.63086,0.63092,0.6308,0.63088,160.0,Interval.in_5_minute,57276300.0
4544,2023-10-25 22:10:00,OANDA:AUDUSD,0.63088,0.63107,0.63088,0.63092,123.0,Interval.in_5_minute,57276600.0
4545,2023-10-25 22:15:00,OANDA:AUDUSD,0.63092,0.63106,0.63088,0.63105,114.0,Interval.in_5_minute,57276900.0
4546,2023-10-25 22:20:00,OANDA:AUDUSD,0.63105,0.63122,0.63105,0.6312,115.0,Interval.in_5_minute,57277200.0
4547,2023-10-25 22:25:00,OANDA:AUDUSD,0.6312,0.6313,0.63112,0.63126,126.0,Interval.in_5_minute,57277500.0
4548,2023-10-25 22:30:00,OANDA:AUDUSD,0.63126,0.63142,0.6312,0.63133,129.0,Interval.in_5_minute,57277800.0
4549,2023-10-25 22:35:00,OANDA:AUDUSD,0.63133,0.63138,0.6312,0.6313,144.0,Interval.in_5_minute,57278100.0
4550,2023-10-25 22:40:00,OANDA:AUDUSD,0.6313,0.63132,0.63098,0.631,80.0,Interval.in_5_minute,57278400.0
4551,2023-10-25 22:45:00,OANDA:AUDUSD,0.631,0.63117,0.63096,0.63112,129.0,Interval.in_5_minute,57278700.0
4552,2023-10-25 22:50:00,OANDA:AUDUSD,0.63112,0.63122,0.63102,0.63111,140.0,Interval.in_5_minute,57279000.0
4553,2023-10-25 22:55:00,OANDA:AUDUSD,0.63111,0.63116,0.63096,0.63107,210.0,Interval.in_5_minute,57279300.0
4554,2023-10-25 23:00:00,OANDA:AUDUSD,0.63107,0.63108,0.63094,0.63094,113.0,Interval.in_5_minute,57279600.0
4555,2023-10-25 23:05:00,OANDA:AUDUSD,0.63094,0.63098,0.63085,0.63098,92.0,Interval.in_5_minute,57279900.0
4556,2023-10-25 23:10:00,OANDA:AUDUSD,0.63098,0.63116,0.63098,0.63114,87.0,Interval.in_5_minute,57280200.0
4557,2023-10-25 23:15:00,OANDA:AUDUSD,0.63114,0.63118,0.63097,0.631,162.0,Interval.in_5_minute,57280500.0
4558,2023-10-25 23:20:00,OANDA:AUDUSD,0.631,0.63102,0.63085,0.631,106.0,Interval.in_5_minute,57280800.0
4559,2023-10-25 23:25:00,OANDA:AUDUSD,0.631,0.63106,0.63095,0.631,90.0,Interval.in_5_minute,57281100.0
4560,2023-10-25 23:30:00,OANDA:AUDUSD,0.631,0.63102,0.63076,0.63079,78.0,Interval.in_5_minute,57281400.0
4561,2023-10-25 23:35:00,OANDA:AUDUSD,0.63079,0.63083,0.63072,0.63072,86.0,Interval.in_5_minute,57281700.0
4562,2023-10-25 23:40:00,OANDA:AUDUSD,0.63072,0.63084,0.63072,0.63074,80.0,Interval.in_5_minute,57282000.0
4563,2023-10-25 23:45:00,OANDA:AUDUSD,0.63074,0.63092,0.63074,0.63092,82.0,Interval.in_5_minute,57282300.0
4564,2023-10-25 23:50:00,OANDA:AUDUSD,0.63092,0.63093,0.63086,0.63088,92.0,Interval.in_5_minute,57282600.0
4565,2023-10-25 23:55:00,OANDA:AUDUSD,0.63088,0.6309,0.63075,0.63086,74.0,Interval.in_5_minute,57282900.0
4566,2023-10-26 00:00:00,OANDA:AUDUSD,0.63086,0.6313,0.63086,0.6313,2.0,Interval.in_5_minute,57283200.0
4567,2023-10-26 00:05:00,OANDA:AUDUSD,0.6313,0.6313,0.631,0.63105,74.0,Interval.in_5_minute,57283500.0
4568,2023-10-26 00:10:00,OANDA:AUDUSD,0.63105,0.63116,0.63105,0.63112,22.0,Interval.in_5_minute,57283800.0
4569,2023-10-26 00:15:00,OANDA:AUDUSD,0.63112,0.63116,0.63105,0.63108,24.0,Interval.in_5_minute,57284100.0
4570,2023-10-26 00:20:00,OANDA:AUDUSD,0.63108,0.63141,0.63101,0.63105,43.0,Interval.in_5_minute,57284400.0
4571,2023-10-26 00:25:00,OANDA:AUDUSD,0.63105,0.63106,0.63098,0.63104,19.0,Interval.in_5_minute,57284700.0
4572,2023-10-26 00:30:00,OANDA:AUDUSD,0.63104,0.63104,0.63088,0.631,66.0,Interval.in_5_minute,57285000.0
4573,2023-10-26 00:35:00,OANDA:AUDUSD,0.631,0.63102,0.63088,0.63094,40.0,Interval.in_5_minute,57285300.0
4574,2023-10-26 00:40:00,OANDA:AUDUSD,0.63094,0.63094,0.63078,0.63078,64.0,Interval.in_5_minute,57285600.0
4575,2023-10-26 00:45:00,OANDA:AUDUSD,0.63078,0.63078,0.63068,0.63072,68.0,Interval.in_5_minute,57285900.0
4576,2023-10-26 00:50:00,OANDA:AUDUSD,0.63072,0.63074,0.63065,0.63073,247.0,Interval.in_5_minute,57286200.0
4577,2023-10-26 00:55:00,OANDA:AUDUSD,0.63073,0.63082,0.63073,0.63082,31.0,Interval.in_5_minute,57286500.0
4578,2023-10-26 01:00:00,OANDA:AUDUSD,0.63082,0.63086,0.63043,0.63045,89.0,Interval.in_5_minute,57286800.0
4579,2023-10-26 01:05:00,OANDA:AUDUSD,0.63045,0.63045,0.62942,0.62948,170.0,Interval.in_5_minute,57287100.0
4580,2023-10-26 01:10:00,OANDA:AUDUSD,0.62948,0.62966,0.6292,0.62934,91.0,Interval.in_5_minute,57287400.0
4581,2023-10-26 01:15:00,OANDA:AUDUSD,0.62934,0.62934,0.62849,0.6288,207.0,Interval.in_5_minute,57287700.0
4582,2023-10-26 01:20:00,OANDA:AUDUSD,0.6288,0.62934,0.62869,0.62932,178.0,Interval.in_5_minute,57288000.0
4583,2023-10-26 01:25:00,OANDA:AUDUSD,0.62932,0.62932,0.62904,0.62932,122.0,Interval.in_5_minute,57288300.0
4584,2023-10-26 01:30:00,OANDA:AUDUSD,0.62932,0.62933,0.62916,0.62916,75.0,Interval.in_5_minute,57288600.0
4585,2023-10-26 01:35:00,OANDA:AUDUSD,0.62916,0.62922,0.62884,0.62914,153.0,Interval.in_5_minute,57288900.0
4586,2023-10-26 01:40:00,OANDA:AUDUSD,0.62914,0.6292,0.62896,0.62903,73.0,Interval.in_5_minute,57289200.0
4587,2023-10-26 01:45:00,OANDA:AUDUSD,0.62903,0.62923,0.62872,0.62882,172.0,Interval.in_5_minute,57289500.0
4588,2023-10-26 01:50:00,OANDA:AUDUSD,0.62882,0.62919,0.62882,0.62916,125.0,Interval.in_5_minute,57289800.0
4589,2023-10-26 01:55:00,OANDA:AUDUSD,0.62916,0.62919,0.62894,0.62894,91.0,Interval.in_5_minute,57290100.0
4590,2023-10-26 02:00:00,OANDA:AUDUSD,0.62894,0.62914,0.62889,0.62912,62.0,Interval.in_5_minute,57290400.0
4591,2023-10-26 02:05:00,OANDA:AUDUSD,0.62912,0.62951,0.62902,0.6293,137.0,Interval.in_5_minute,57290700.0
4592,2023-10-26 02:10:00,OANDA:AUDUSD,0.6293,0.62942,0.6291,0.62914,111.0,Interval.in_5_minute,57291000.0
4593,2023-10-26 02:15:00,OANDA:AUDUSD,0.62914,0.62919,0.62902,0.62913,90.0,Interval.in_5_minute,57291300.0
4594,2023-10-26 02:20:00,OANDA:AUDUSD,0.62913,0.62914,0.629,0.62903,88.0,Interval.in_5_minute,57291600.0
4595,2023-10-26 02:25:00,OANDA:AUDUSD,0.62903,0.62912,0.62903,0.6291,44.0,Interval.in_5_minute,57291900.0
4596,2023-10-26 02:30:00,OANDA:AUDUSD,0.6291,0.62922,0.629,0.62916,100.0,Interval.in_5_minute,57292200.0
4597,2023-10-26 02:35:00,OANDA:AUDUSD,0.62916,0.62927,0.62916,0.62918,36.0,Interval.in_5_minute,57292500.0
4598,2023-10-26 02:40:00,OANDA:AUDUSD,0.62918,0.62923,0.62903,0.62916,63.0,Interval.in_5_minute,57292800.0
4599,2023-10-26 02:45:00,OANDA:AUDUSD,0.62916,0.62937,0.62914,0.6292,86.0,Interval.in_5_minute,57293100.0
4600,2023-10-26 02:50:00,OANDA:AUDUSD,0.6292,0.62944,0.6292,0.62932,81.0,Interval.in_5_minute,57293400.0
4601,2023-10-26 02:55:00,OANDA:AUDUSD,0.62932,0.62947,0.6293,0.6294,94.0,Interval.in_5_minute,57293700.0
4602,2023-10-26 03:00:00,OANDA:AUDUSD,0.6294,0.6297,0.62934,0.62968,162.0,Interval.in_5_minute,57294000.0
4603,2023-10-26 03:05:00,OANDA:AUDUSD,0.62968,0.62978,0.62952,0.62954,146.0,Interval.in_5_minute,57294300.0
4604,2023-10-26 03:10:00,OANDA:AUDUSD,0.62954,0.62988,0.62938,0.62984,173.0,Interval.in_5_minute,57294600.0
4605,2023-10-26 03:15:00,OANDA:AUDUSD,0.62984,0.62985,0.62956,0.6296,183.0,Interval.in_5_minute,57294900.0
4606,2023-10-26 03:20:00,OANDA:AUDUSD,0.6296,0.62976,0.6296,0.62968,118.0,Interval.in_5_minute,57295200.0
4607,2023-10-26 03:25:00,OANDA:AUDUSD,0.62968,0.6297,0.62948,0.6296,154.0,Interval.in_5_minute,57295500.0
4608,2023-10-26 03:30:00,OANDA:AUDUSD,0.6296,0.62981,0.62909,0.62918,206.0,Interval.in_5_minute,57295800.0
4609,2023-10-26 03:35:00,OANDA:AUDUSD,0.62918,0.62941,0.62908,0.62936,114.0,Interval.in_5_minute,57296100.0
4610,2023-10-26 03:40:00,OANDA:AUDUSD,0.62936,0.62941,0.62906,0.62924,143.0,Interval.in_5_minute,57296400.0
4611,2023-10-26 03:45:00,OANDA:AUDUSD,0.62924,0.62928,0.62886,0.62888,117.0,Interval.in_5_minute,57296700.0
4612,2023-10-26 03:50:00,OANDA:AUDUSD,0.62888,0.62893,0.62809,0.6281,250.0,Interval.in_5_minute,57297000.0
4613,2023-10-26 03:55:00,OANDA:AUDUSD,0.6281,0.62816,0.6276,0.62796,251.0,Interval.in_5_minute,57297300.0
4614,2023-10-26 04:00:00,OANDA:AUDUSD,0.62796,0.62816,0.62768,0.62768,229.0,Interval.in_5_minute,57297600.0
4615,2023-10-26 04:05:00,OANDA:AUDUSD,0.62768,0.62816,0.6276,0.62792,208.0,Interval.in_5_minute,57297900.0
4616,2023-10-26 04:10:00,OANDA:AUDUSD,0.62792,0.62806,0.6278,0.628,146.0,Interval.in_5_minute,57298200.0
4617,2023-10-26 04:15:00,OANDA:AUDUSD,0.628,0.6284,0.62788,0.62832,242.0,Interval.in_5_minute,57298500.0
4618,2023-10-26 04:20:00,OANDA:AUDUSD,0.62832,0.62868,0.62819,0.6286,236.0,Interval.in_5_minute,57298800.0
4619,2023-10-26 04:25:00,OANDA:AUDUSD,0.6286,0.62868,0.62828,0.62858,206.0,Interval.in_5_minute,57299100.0
4620,2023-10-26 04:30:00,OANDA:AUDUSD,0.62858,0.62886,0.62846,0.6288,307.0,Interval.in_5_minute,57299400.0
4621,2023-10-26 04:35:00,OANDA:AUDUSD,0.6288,0.62932,0.6288,0.62912,293.0,Interval.in_5_minute,57299700.0
4622,2023-10-26 04:40:00,OANDA:AUDUSD,0.62912,0.62929,0.62902,0.62929,188.0,Interval.in_5_minute,57300000.0
4623,2023-10-26 04:45:00,OANDA:AUDUSD,0.62929,0.62944,0.62918,0.62936,150.0,Interval.in_5_minute,57300300.0
4624,2023-10-26 04:50:00,OANDA:AUDUSD,0.62936,0.62936,0.6287,0.62884,209.0,Interval.in_5_minute,57300600.0
4625,2023-10-26 04:55:00,OANDA:AUDUSD,0.62884,0.62888,0.62844,0.6288,310.0,Interval.in_5_minute,57300900.0
4626,2023-10-26 05:00:00,OANDA:AUDUSD,0.6288,0.62888,0.62849,0.62864,362.0,Interval.in_5_minute,57301200.0
4627,2023-10-26 05:05:00,OANDA:AUDUSD,0.62864,0.62872,0.62834,0.62834,216.0,Interval.in_5_minute,57301500.0
4628,2023-10-26 05:10:00,OANDA:AUDUSD,0.62834,0.62842,0.628,0.62813,233.0,Interval.in_5_minute,57301800.0
4629,2023-10-26 05:15:00,OANDA:AUDUSD,0.62813,0.62838,0.62778,0.62782,218.0,Interval.in_5_minute,57302100.0
4630,2023-10-26 05:20:00,OANDA:AUDUSD,0.62782,0.62782,0.62731,0.62732,152.0,Interval.in_5_minute,57302400.0
4631,2023-10-26 05:25:00,OANDA:AUDUSD,0.62732,0.6274,0.62705,0.62725,172.0,Interval.in_5_minute,57302700.0
4632,2023-10-26 05:30:00,OANDA:AUDUSD,0.62725,0.62767,0.62718,0.62753,249.0,Interval.in_5_minute,57303000.0
4633,2023-10-26 05:35:00,OANDA:AUDUSD,0.62753,0.62766,0.62749,0.62755,191.0,Interval.in_5_minute,57303300.0
4634,2023-10-26 05:40:00,OANDA:AUDUSD,0.62755,0.62768,0.62753,0.6276,131.0,Interval.in_5_minute,57303600.0
4635,2023-10-26 05:45:00,OANDA:AUDUSD,0.6276,0.62794,0.62754,0.62778,160.0,Interval.in_5_minute,57303900.0
4636,2023-10-26 05:50:00,OANDA:AUDUSD,0.62778,0.6278,0.62752,0.62754,126.0,Interval.in_5_minute,57304200.0
4637,2023-10-26 05:55:00,OANDA:AUDUSD,0.62754,0.62759,0.62742,0.6275,146.0,Interval.in_5_minute,57304500.0
4638,2023-10-26 06:00:00,OANDA:AUDUSD,0.6275,0.62764,0.62742,0.62744,115.0,Interval.in_5_minute,57304800.0
4639,2023-10-26 06:05:00,OANDA:AUDUSD,0.62744,0.62754,0.62741,0.62747,143.0,Interval.in_5_minute,57305100.0
4640,2023-10-26 06:10:00,OANDA:AUDUSD,0.62747,0.62749,0.62728,0.62729,81.0,Interval.in_5_minute,57305400.0
4641,2023-10-26 06:15:00,OANDA:AUDUSD,0.62729,0.62746,0.62729,0.62736,97.0,Interval.in_5_minute,57305700.0
4642,2023-10-26 06:20:00,OANDA:AUDUSD,0.62736,0.62742,0.62728,0.62739,99.0,Interval.in_5_minute,57306000.0
4643,2023-10-26 06:25:00,OANDA:AUDUSD,0.62739,0.62766,0.62736,0.62764,90.0,Interval.in_5_minute,57306300.0
4644,2023-10-26 06:30:00,OANDA:AUDUSD,0.62764,0.62784,0.62743,0.62784,134.0,Interval.in_5_minute,57306600.0
4645,2023-10-26 06:35:00,OANDA:AUDUSD,0.62784,0.6279,0.62765,0.6278,108.0,Interval.in_5_minute,57306900.0
4646,2023-10-26 06:40:00,OANDA:AUDUSD,0.6278,0.62784,0.62755,0.62755,127.0,Interval.in_5_minute,57307200.0
4647,2023-10-26 06:45:00,OANDA:AUDUSD,0.62755,0.6278,0.62748,0.62768,143.0,Interval.in_5_minute,57307500.0
4648,2023-10-26 06:50:00,OANDA:AUDUSD,0.62768,0.62788,0.62766,0.62776,195.0,Interval.in_5_minute,57307800.0
4649,2023-10-26 06:55:00,OANDA:AUDUSD,0.62776,0.6278,0.62764,0.62772,142.0,Interval.in_5_minute,57308100.0
4650,2023-10-26 07:00:00,OANDA:AUDUSD,0.62772,0.62788,0.62769,0.62774,110.0,Interval.in_5_minute,57308400.0
4651,2023-10-26 07:05:00,OANDA:AUDUSD,0.62774,0.62784,0.62774,0.62778,73.0,Interval.in_5_minute,57308700.0
4652,2023-10-26 07:10:00,OANDA:AUDUSD,0.62778,0.62782,0.62772,0.6278,56.0,Interval.in_5_minute,57309000.0
4653,2023-10-26 07:15:00,OANDA:AUDUSD,0.6278,0.62786,0.62762,0.62786,119.0,Interval.in_5_minute,57309300.0
4654,2023-10-26 07:20:00,OANDA:AUDUSD,0.62786,0.62786,0.62745,0.62745,73.0,Interval.in_5_minute,57309600.0
4655,2023-10-26 07:25:00,OANDA:AUDUSD,0.62745,0.62755,0.62742,0.62754,59.0,Interval.in_5_minute,57309900.0
4656,2023-10-26 07:30:00,OANDA:AUDUSD,0.62754,0.62776,0.62754,0.62775,85.0,Interval.in_5_minute,57310200.0
4657,2023-10-26 07:35:00,OANDA:AUDUSD,0.62775,0.6279,0.62772,0.62786,66.0,Interval.in_5_minute,57310500.0
4658,2023-10-26 07:40:00,OANDA:AUDUSD,0.62786,0.62786,0.62766,0.62776,65.0,Interval.in_5_minute,57310800.0
4659,2023-10-26 07:45:00,OANDA:AUDUSD,0.62776,0.62776,0.62762,0.62768,69.0,Interval.in_5_minute,57311100.0
4660,2023-10-26 07:50:00,OANDA:AUDUSD,0.62768,0.6279,0.62758,0.6279,76.0,Interval.in_5_minute,57311400.0
4661,2023-10-26 07:55:00,OANDA:AUDUSD,0.6279,0.62792,0.62768,0.62772,76.0,Interval.in_5_minute,57311700.0
4662,2023-10-26 08:00:00,OANDA:AUDUSD,0.62772,0.62816,0.62772,0.62816,155.0,Interval.in_5_minute,57312000.0
4663,2023-10-26 08:05:00,OANDA:AUDUSD,0.62816,0.62888,0.62816,0.62862,230.0,Interval.in_5_minute,57312300.0
4664,2023-10-26 08:10:00,OANDA:AUDUSD,0.62862,0.62877,0.62827,0.62836,171.0,Interval.in_5_minute,57312600.0
4665,2023-10-26 08:15:00,OANDA:AUDUSD,0.62836,0.62869,0.62836,0.62868,108.0,Interval.in_5_minute,57312900.0
4666,2023-10-26 08:20:00,OANDA:AUDUSD,0.62868,0.62891,0.62852,0.62852,131.0,Interval.in_5_minute,57313200.0
4667,2023-10-26 08:25:00,OANDA:AUDUSD,0.62852,0.62856,0.62833,0.62856,134.0,Interval.in_5_minute,57313500.0
4668,2023-10-26 08:30:00,OANDA:AUDUSD,0.62856,0.62888,0.62847,0.62888,127.0,Interval.in_5_minute,57313800.0
4669,2023-10-26 08:35:00,OANDA:AUDUSD,0.62888,0.62929,0.62888,0.62919,103.0,Interval.in_5_minute,57314100.0
4670,2023-10-26 08:40:00,OANDA:AUDUSD,0.62919,0.62919,0.62881,0.629,207.0,Interval.in_5_minute,57314400.0
4671,2023-10-26 08:45:00,OANDA:AUDUSD,0.629,0.62912,0.62896,0.62908,144.0,Interval.in_5_minute,57314700.0
4672,2023-10-26 08:50:00,OANDA:AUDUSD,0.62908,0.62936,0.62905,0.62927,158.0,Interval.in_5_minute,57315000.0
4673,2023-10-26 08:55:00,OANDA:AUDUSD,0.62927,0.62927,0.62874,0.62875,191.0,Interval.in_5_minute,57315300.0
4674,2023-10-26 09:00:00,OANDA:AUDUSD,0.62875,0.6289,0.62836,0.62836,221.0,Interval.in_5_minute,57315600.0
4675,2023-10-26 09:05:00,OANDA:AUDUSD,0.62836,0.62846,0.62817,0.62838,187.0,Interval.in_5_minute,57315900.0
4676,2023-10-26 09:10:00,OANDA:AUDUSD,0.62838,0.62878,0.62838,0.6286,260.0,Interval.in_5_minute,57316200.0
4677,2023-10-26 09:15:00,OANDA:AUDUSD,0.6286,0.62896,0.6286,0.62894,173.0,Interval.in_5_minute,57316500.0
4678,2023-10-26 09:20:00,OANDA:AUDUSD,0.62894,0.6294,0.62894,0.62932,180.0,Interval.in_5_minute,57316800.0
4679,2023-10-26 09:25:00,OANDA:AUDUSD,0.62932,0.62962,0.62924,0.6293,199.0,Interval.in_5_minute,57317100.0
4680,2023-10-26 09:30:00,OANDA:AUDUSD,0.6293,0.62932,0.62888,0.62892,248.0,Interval.in_5_minute,57317400.0
4681,2023-10-26 09:35:00,OANDA:AUDUSD,0.62892,0.629,0.62866,0.62869,203.0,Interval.in_5_minute,57317700.0
4682,2023-10-26 09:40:00,OANDA:AUDUSD,0.62869,0.62893,0.62864,0.62868,187.0,Interval.in_5_minute,57318000.0
4683,2023-10-26 09:45:00,OANDA:AUDUSD,0.62868,0.63024,0.62868,0.62931,503.0,Interval.in_5_minute,57318300.0
4684,2023-10-26 09:50:00,OANDA:AUDUSD,0.62931,0.62947,0.62884,0.62929,425.0,Interval.in_5_minute,57318600.0
4685,2023-10-26 09:55:00,OANDA:AUDUSD,0.62929,0.62943,0.62921,0.6293,238.0,Interval.in_5_minute,57318900.0
4686,2023-10-26 10:00:00,OANDA:AUDUSD,0.6293,0.62954,0.62906,0.6295,344.0,Interval.in_5_minute,57319200.0
4687,2023-10-26 10:05:00,OANDA:AUDUSD,0.6295,0.62962,0.62938,0.6295,236.0,Interval.in_5_minute,57319500.0
4688,2023-10-26 10:10:00,OANDA:AUDUSD,0.6295,0.62978,0.62944,0.62964,297.0,Interval.in_5_minute,57319800.0
4689,2023-10-26 10:15:00,OANDA:AUDUSD,0.62964,0.62977,0.62952,0.62952,247.0,Interval.in_5_minute,57320100.0
4690,2023-10-26 10:20:00,OANDA:AUDUSD,0.62952,0.62958,0.62922,0.62942,327.0,Interval.in_5_minute,57320400.0
4691,2023-10-26 10:25:00,OANDA:AUDUSD,0.62942,0.6295,0.62922,0.62944,181.0,Interval.in_5_minute,57320700.0
4692,2023-10-26 10:30:00,OANDA:AUDUSD,0.62944,0.62964,0.62922,0.6296,191.0,Interval.in_5_minute,57321000.0
4693,2023-10-26 10:35:00,OANDA:AUDUSD,0.6296,0.62996,0.62958,0.62995,153.0,Interval.in_5_minute,57321300.0
4694,2023-10-26 10:40:00,OANDA:AUDUSD,0.62995,0.6302,0.62995,0.62999,237.0,Interval.in_5_minute,57321600.0
4695,2023-10-26 10:45:00,OANDA:AUDUSD,0.62999,0.63037,0.62989,0.63037,216.0,Interval.in_5_minute,57321900.0
4696,2023-10-26 10:50:00,OANDA:AUDUSD,0.63037,0.630525,0.63021,0.63052,154.0,Interval.in_5_minute,57322200.0
4697,2023-10-26 10:55:00,OANDA:AUDUSD,0.63052,0.63089,0.630415,0.63068,214.0,Interval.in_5_minute,57322500.0
4698,2023-10-26 11:00:00,OANDA:AUDUSD,0.63068,0.630965,0.630635,0.63086,215.0,Interval.in_5_minute,57322800.0
4699,2023-10-26 11:05:00,OANDA:AUDUSD,0.63086,0.631125,0.63073,0.63104,231.0,Interval.in_5_minute,57323100.0
4700,2023-10-26 11:10:00,OANDA:AUDUSD,0.63104,0.6311,0.63086,0.63109,163.0,Interval.in_5_minute,57323400.0
4701,2023-10-26 11:15:00,OANDA:AUDUSD,0.63109,0.63131,0.63102,0.63116,163.0,Interval.in_5_minute,57323700.0
4702,2023-10-26 11:20:00,OANDA:AUDUSD,0.63116,0.63122,0.630555,0.63066,261.0,Interval.in_5_minute,57324000.0
4703,2023-10-26 11:25:00,OANDA:AUDUSD,0.63066,0.6307,0.63047,0.63058,189.0,Interval.in_5_minute,57324300.0
4704,2023-10-26 11:30:00,OANDA:AUDUSD,0.63058,0.63096,0.63047,0.63096,126.0,Interval.in_5_minute,57324600.0
4705,2023-10-26 11:35:00,OANDA:AUDUSD,0.63096,0.63108,0.63082,0.63092,167.0,Interval.in_5_minute,57324900.0
4706,2023-10-26 11:40:00,OANDA:AUDUSD,0.63092,0.63103,0.63074,0.63098,177.0,Interval.in_5_minute,57325200.0
4707,2023-10-26 11:45:00,OANDA:AUDUSD,0.63098,0.631065,0.63086,0.63106,189.0,Interval.in_5_minute,57325500.0
4708,2023-10-26 11:50:00,OANDA:AUDUSD,0.63106,0.631225,0.630975,0.63118,199.0,Interval.in_5_minute,57325800.0
4709,2023-10-26 11:55:00,OANDA:AUDUSD,0.63118,0.631205,0.630895,0.63095,140.0,Interval.in_5_minute,57326100.0
4710,2023-10-26 12:00:00,OANDA:AUDUSD,0.63095,0.630965,0.630655,0.63091,148.0,Interval.in_5_minute,57326400.0
4711,2023-10-26 12:05:00,OANDA:AUDUSD,0.63091,0.63106,0.63085,0.63104,152.0,Interval.in_5_minute,57326700.0
4712,2023-10-26 12:10:00,OANDA:AUDUSD,0.63104,0.63122,0.63102,0.63104,91.0,Interval.in_5_minute,57327000.0
4713,2023-10-26 12:15:00,OANDA:AUDUSD,0.63104,0.63108,0.63068,0.6307,156.0,Interval.in_5_minute,57327300.0
4714,2023-10-26 12:20:00,OANDA:AUDUSD,0.6307,0.631225,0.63066,0.6312,221.0,Interval.in_5_minute,57327600.0
4715,2023-10-26 12:25:00,OANDA:AUDUSD,0.6312,0.63152,0.63105,0.6315,166.0,Interval.in_5_minute,57327900.0
4716,2023-10-26 12:30:00,OANDA:AUDUSD,0.6315,0.6316,0.63126,0.63134,184.0,Interval.in_5_minute,57328200.0
4717,2023-10-26 12:35:00,OANDA:AUDUSD,0.63134,0.63159,0.6313,0.63158,122.0,Interval.in_5_minute,57328500.0
4718,2023-10-26 12:40:00,OANDA:AUDUSD,0.63158,0.63166,0.631235,0.63124,189.0,Interval.in_5_minute,57328800.0
4719,2023-10-26 12:45:00,OANDA:AUDUSD,0.63124,0.63164,0.631175,0.63154,170.0,Interval.in_5_minute,57329100.0
4720,2023-10-26 12:50:00,OANDA:AUDUSD,0.63154,0.631565,0.63135,0.63136,127.0,Interval.in_5_minute,57329400.0
4721,2023-10-26 12:55:00,OANDA:AUDUSD,0.63136,0.631405,0.631155,0.6312,117.0,Interval.in_5_minute,57329700.0
4722,2023-10-26 13:00:00,OANDA:AUDUSD,0.6312,0.631305,0.631115,0.63122,165.0,Interval.in_5_minute,57330000.0
4723,2023-10-26 13:05:00,OANDA:AUDUSD,0.63122,0.63138,0.63112,0.63126,129.0,Interval.in_5_minute,57330300.0
4724,2023-10-26 13:10:00,OANDA:AUDUSD,0.63126,0.63149,0.63123,0.63136,120.0,Interval.in_5_minute,57330600.0
4725,2023-10-26 13:15:00,OANDA:AUDUSD,0.63136,0.631525,0.63128,0.63145,122.0,Interval.in_5_minute,57330900.0
4726,2023-10-26 13:20:00,OANDA:AUDUSD,0.63145,0.63148,0.63122,0.63124,149.0,Interval.in_5_minute,57331200.0
4727,2023-10-26 13:25:00,OANDA:AUDUSD,0.63124,0.63125,0.631055,0.63113,110.0,Interval.in_5_minute,57331500.0
4728,2023-10-26 13:30:00,OANDA:AUDUSD,0.63113,0.6313,0.631,0.63106,105.0,Interval.in_5_minute,57331800.0
4729,2023-10-26 13:35:00,OANDA:AUDUSD,0.63106,0.63115,0.63086,0.63092,208.0,Interval.in_5_minute,57332100.0
4730,2023-10-26 13:40:00,OANDA:AUDUSD,0.63092,0.63092,0.63056,0.63062,165.0,Interval.in_5_minute,57332400.0
4731,2023-10-26 13:45:00,OANDA:AUDUSD,0.63062,0.630665,0.630495,0.63063,109.0,Interval.in_5_minute,57332700.0
4732,2023-10-26 13:50:00,OANDA:AUDUSD,0.63063,0.63064,0.63029,0.63031,86.0,Interval.in_5_minute,57333000.0
4733,2023-10-26 13:55:00,OANDA:AUDUSD,0.63031,0.63032,0.63019,0.63028,96.0,Interval.in_5_minute,57333300.0
4734,2023-10-26 14:00:00,OANDA:AUDUSD,0.63028,0.630385,0.63012,0.63028,130.0,Interval.in_5_minute,57333600.0
4735,2023-10-26 14:05:00,OANDA:AUDUSD,0.63028,0.63028,0.63008,0.63016,124.0,Interval.in_5_minute,57333900.0
4736,2023-10-26 14:10:00,OANDA:AUDUSD,0.63016,0.63031,0.63013,0.63017,107.0,Interval.in_5_minute,57334200.0
4737,2023-10-26 14:15:00,OANDA:AUDUSD,0.63017,0.63047,0.63016,0.63046,110.0,Interval.in_5_minute,57334500.0
4738,2023-10-26 14:20:00,OANDA:AUDUSD,0.63046,0.630485,0.630275,0.63031,114.0,Interval.in_5_minute,57334800.0
4739,2023-10-26 14:25:00,OANDA:AUDUSD,0.63031,0.630365,0.63012,0.63032,147.0,Interval.in_5_minute,57335100.0
4740,2023-10-26 14:30:00,OANDA:AUDUSD,0.63032,0.63035,0.62997,0.63006,164.0,Interval.in_5_minute,57335400.0
4741,2023-10-26 14:35:00,OANDA:AUDUSD,0.63006,0.63018,0.62996,0.63014,149.0,Interval.in_5_minute,57335700.0
4742,2023-10-26 14:40:00,OANDA:AUDUSD,0.63014,0.63028,0.63012,0.63016,104.0,Interval.in_5_minute,57336000.0
4743,2023-10-26 14:45:00,OANDA:AUDUSD,0.63016,0.63035,0.630155,0.63025,136.0,Interval.in_5_minute,57336300.0
4744,2023-10-26 14:50:00,OANDA:AUDUSD,0.63025,0.63025,0.62988,0.63005,164.0,Interval.in_5_minute,57336600.0
4745,2023-10-26 14:55:00,OANDA:AUDUSD,0.63005,0.6303,0.629955,0.62996,162.0,Interval.in_5_minute,57336900.0
4746,2023-10-26 15:00:00,OANDA:AUDUSD,0.62996,0.63026,0.6299,0.63024,170.0,Interval.in_5_minute,57337200.0
4747,2023-10-26 15:05:00,OANDA:AUDUSD,0.63024,0.63041,0.630115,0.63041,130.0,Interval.in_5_minute,57337500.0
4748,2023-10-26 15:10:00,OANDA:AUDUSD,0.63041,0.63041,0.63016,0.63026,154.0,Interval.in_5_minute,57337800.0
4749,2023-10-26 15:15:00,OANDA:AUDUSD,0.63026,0.63072,0.630055,0.63047,474.0,Interval.in_5_minute,57338100.0
4750,2023-10-26 15:20:00,OANDA:AUDUSD,0.63047,0.6306,0.6301,0.6302,367.0,Interval.in_5_minute,57338400.0
4751,2023-10-26 15:25:00,OANDA:AUDUSD,0.6302,0.63065,0.6301,0.63041,334.0,Interval.in_5_minute,57338700.0
4752,2023-10-26 15:30:00,OANDA:AUDUSD,0.63041,0.631485,0.6293,0.63119,1256.0,Interval.in_5_minute,57339000.0
4753,2023-10-26 15:35:00,OANDA:AUDUSD,0.63119,0.63167,0.630915,0.63129,641.0,Interval.in_5_minute,57339300.0
4754,2023-10-26 15:40:00,OANDA:AUDUSD,0.63129,0.63164,0.63102,0.63145,580.0,Interval.in_5_minute,57339600.0
4755,2023-10-26 15:45:00,OANDA:AUDUSD,0.63145,0.6318,0.63099,0.6313,628.0,Interval.in_5_minute,57339900.0
4756,2023-10-26 15:50:00,OANDA:AUDUSD,0.6313,0.632285,0.6313,0.63224,582.0,Interval.in_5_minute,57340200.0
4757,2023-10-26 15:55:00,OANDA:AUDUSD,0.63224,0.63224,0.63178,0.63216,357.0,Interval.in_5_minute,57340500.0
4758,2023-10-26 16:00:00,OANDA:AUDUSD,0.63216,0.63222,0.63146,0.63176,550.0,Interval.in_5_minute,57340800.0
4759,2023-10-26 16:05:00,OANDA:AUDUSD,0.63176,0.63184,0.631255,0.6313,384.0,Interval.in_5_minute,57341100.0
4760,2023-10-26 16:10:00,OANDA:AUDUSD,0.6313,0.63184,0.6313,0.63171,336.0,Interval.in_5_minute,57341400.0
4761,2023-10-26 16:15:00,OANDA:AUDUSD,0.63171,0.632105,0.63157,0.63196,279.0,Interval.in_5_minute,57341700.0
4762,2023-10-26 16:20:00,OANDA:AUDUSD,0.63196,0.631965,0.63131,0.6315,318.0,Interval.in_5_minute,57342000.0
4763,2023-10-26 16:25:00,OANDA:AUDUSD,0.6315,0.63193,0.63138,0.63186,225.0,Interval.in_5_minute,57342300.0
4764,2023-10-26 16:30:00,OANDA:AUDUSD,0.63186,0.63261,0.631735,0.63252,443.0,Interval.in_5_minute,57342600.0
4765,2023-10-26 16:35:00,OANDA:AUDUSD,0.63252,0.63264,0.63214,0.63227,602.0,Interval.in_5_minute,57342900.0
4766,2023-10-26 16:40:00,OANDA:AUDUSD,0.63227,0.63288,0.63214,0.63288,662.0,Interval.in_5_minute,57343200.0
4767,2023-10-26 16:45:00,OANDA:AUDUSD,0.63288,0.63294,0.632195,0.63236,519.0,Interval.in_5_minute,57343500.0
4768,2023-10-26 16:50:00,OANDA:AUDUSD,0.63236,0.632445,0.63197,0.63226,503.0,Interval.in_5_minute,57343800.0
4769,2023-10-26 16:55:00,OANDA:AUDUSD,0.63226,0.63227,0.63154,0.63158,406.0,Interval.in_5_minute,57344100.0
4770,2023-10-26 17:00:00,OANDA:AUDUSD,0.63158,0.63166,0.63101,0.63141,640.0,Interval.in_5_minute,57344400.0
4771,2023-10-26 17:05:00,OANDA:AUDUSD,0.63141,0.63142,0.6308,0.63084,411.0,Interval.in_5_minute,57344700.0
4772,2023-10-26 17:10:00,OANDA:AUDUSD,0.63084,0.63144,0.6306,0.63063,417.0,Interval.in_5_minute,57345000.0
4773,2023-10-26 17:15:00,OANDA:AUDUSD,0.63063,0.63092,0.63038,0.63046,438.0,Interval.in_5_minute,57345300.0
4774,2023-10-26 17:20:00,OANDA:AUDUSD,0.63046,0.630725,0.63039,0.6304,507.0,Interval.in_5_minute,57345600.0
4775,2023-10-26 17:25:00,OANDA:AUDUSD,0.6304,0.631405,0.6304,0.63115,460.0,Interval.in_5_minute,57345900.0
4776,2023-10-26 17:30:00,OANDA:AUDUSD,0.63115,0.63132,0.630755,0.63097,328.0,Interval.in_5_minute,57346200.0
4777,2023-10-26 17:35:00,OANDA:AUDUSD,0.63097,0.63133,0.630695,0.63132,308.0,Interval.in_5_minute,57346500.0
4778,2023-10-26 17:40:00,OANDA:AUDUSD,0.63132,0.63193,0.63131,0.63188,294.0,Interval.in_5_minute,57346800.0
4779,2023-10-26 17:45:00,OANDA:AUDUSD,0.63188,0.632325,0.6317,0.63199,420.0,Interval.in_5_minute,57347100.0
4780,2023-10-26 17:50:00,OANDA:AUDUSD,0.63199,0.63246,0.631935,0.63232,357.0,Interval.in_5_minute,57347400.0
4781,2023-10-26 17:55:00,OANDA:AUDUSD,0.63232,0.63232,0.632,0.63212,359.0,Interval.in_5_minute,57347700.0
4782,2023-10-26 18:00:00,OANDA:AUDUSD,0.63212,0.63215,0.63172,0.63183,380.0,Interval.in_5_minute,57348000.0
4783,2023-10-26 18:05:00,OANDA:AUDUSD,0.63183,0.63187,0.63145,0.63152,290.0,Interval.in_5_minute,57348300.0
4784,2023-10-26 18:10:00,OANDA:AUDUSD,0.63152,0.631925,0.631295,0.6313,348.0,Interval.in_5_minute,57348600.0
4785,2023-10-26 18:15:00,OANDA:AUDUSD,0.6313,0.631425,0.63103,0.63138,258.0,Interval.in_5_minute,57348900.0
4786,2023-10-26 18:20:00,OANDA:AUDUSD,0.63138,0.63138,0.63088,0.63094,242.0,Interval.in_5_minute,57349200.0
4787,2023-10-26 18:25:00,OANDA:AUDUSD,0.63094,0.63097,0.63034,0.63036,325.0,Interval.in_5_minute,57349500.0
4788,2023-10-26 18:30:00,OANDA:AUDUSD,0.63036,0.63046,0.630235,0.63041,248.0,Interval.in_5_minute,57349800.0
4789,2023-10-26 18:35:00,OANDA:AUDUSD,0.63041,0.63067,0.6304,0.63054,198.0,Interval.in_5_minute,57350100.0
4790,2023-10-26 18:40:00,OANDA:AUDUSD,0.63054,0.63071,0.63044,0.63064,270.0,Interval.in_5_minute,57350400.0
4791,2023-10-26 18:45:00,OANDA:AUDUSD,0.63064,0.63112,0.63063,0.63102,121.0,Interval.in_5_minute,57350700.0
4792,2023-10-26 18:50:00,OANDA:AUDUSD,0.63102,0.63135,0.63102,0.63131,85.0,Interval.in_5_minute,57351000.0
4793,2023-10-26 18:55:00,OANDA:AUDUSD,0.63131,0.631525,0.63114,0.63114,170.0,Interval.in_5_minute,57351300.0
4794,2023-10-26 19:00:00,OANDA:AUDUSD,0.63114,0.63116,0.63075,0.63076,277.0,Interval.in_5_minute,57351600.0
4795,2023-10-26 19:05:00,OANDA:AUDUSD,0.63076,0.63076,0.63035,0.63054,284.0,Interval.in_5_minute,57351900.0
4796,2023-10-26 19:10:00,OANDA:AUDUSD,0.63054,0.6307,0.63047,0.6307,217.0,Interval.in_5_minute,57352200.0
4797,2023-10-26 19:15:00,OANDA:AUDUSD,0.6307,0.630825,0.63036,0.63042,220.0,Interval.in_5_minute,57352500.0
4798,2023-10-26 19:20:00,OANDA:AUDUSD,0.63042,0.6307,0.63041,0.63061,239.0,Interval.in_5_minute,57352800.0
4799,2023-10-26 19:25:00,OANDA:AUDUSD,0.63061,0.631005,0.63061,0.631,226.0,Interval.in_5_minute,57353100.0
4800,2023-10-26 19:30:00,OANDA:AUDUSD,0.631,0.631125,0.630895,0.63096,225.0,Interval.in_5_minute,57353400.0
4801,2023-10-26 19:35:00,OANDA:AUDUSD,0.63096,0.63108,0.63065,0.63069,162.0,Interval.in_5_minute,57353700.0
4802,2023-10-26 19:40:00,OANDA:AUDUSD,0.63069,0.63069,0.63053,0.63054,163.0,Interval.in_5_minute,57354000.0
4803,2023-10-26 19:45:00,OANDA:AUDUSD,0.63054,0.6306,0.63042,0.63049,169.0,Interval.in_5_minute,57354300.0
4804,2023-10-26 19:50:00,OANDA:AUDUSD,0.63049,0.6306,0.63022,0.6303,195.0,Interval.in_5_minute,57354600.0
4805,2023-10-26 19:55:00,OANDA:AUDUSD,0.6303,0.63044,0.63018,0.63028,221.0,Interval.in_5_minute,57354900.0
4806,2023-10-26 20:00:00,OANDA:AUDUSD,0.63028,0.63126,0.6302,0.63111,350.0,Interval.in_5_minute,57355200.0
4807,2023-10-26 20:05:00,OANDA:AUDUSD,0.63111,0.63139,0.63098,0.6313,281.0,Interval.in_5_minute,57355500.0
4808,2023-10-26 20:10:00,OANDA:AUDUSD,0.6313,0.63132,0.63108,0.63124,170.0,Interval.in_5_minute,57355800.0
4809,2023-10-26 20:15:00,OANDA:AUDUSD,0.63124,0.6317,0.63123,0.63168,180.0,Interval.in_5_minute,57356100.0
4810,2023-10-26 20:20:00,OANDA:AUDUSD,0.63168,0.6317,0.631375,0.63148,180.0,Interval.in_5_minute,57356400.0
4811,2023-10-26 20:25:00,OANDA:AUDUSD,0.63148,0.63167,0.631455,0.63156,187.0,Interval.in_5_minute,57356700.0
4812,2023-10-26 20:30:00,OANDA:AUDUSD,0.63156,0.63174,0.631435,0.63174,204.0,Interval.in_5_minute,57357000.0
4813,2023-10-26 20:35:00,OANDA:AUDUSD,0.63174,0.631885,0.63166,0.6317,201.0,Interval.in_5_minute,57357300.0
4814,2023-10-26 20:40:00,OANDA:AUDUSD,0.6317,0.63221,0.63168,0.63212,210.0,Interval.in_5_minute,57357600.0
4815,2023-10-26 20:45:00,OANDA:AUDUSD,0.63212,0.63256,0.632115,0.63238,207.0,Interval.in_5_minute,57357900.0
4816,2023-10-26 20:50:00,OANDA:AUDUSD,0.63238,0.63248,0.63228,0.63245,159.0,Interval.in_5_minute,57358200.0
4817,2023-10-26 20:55:00,OANDA:AUDUSD,0.63245,0.63257,0.632335,0.63242,241.0,Interval.in_5_minute,57358500.0
4818,2023-10-26 21:00:00,OANDA:AUDUSD,0.63242,0.632585,0.63226,0.63238,254.0,Interval.in_5_minute,57358800.0
4819,2023-10-26 21:05:00,OANDA:AUDUSD,0.63238,0.632705,0.63238,0.6326,164.0,Interval.in_5_minute,57359100.0
4820,2023-10-26 21:10:00,OANDA:AUDUSD,0.6326,0.63283,0.632595,0.63278,155.0,Interval.in_5_minute,57359400.0
4821,2023-10-26 21:15:00,OANDA:AUDUSD,0.63278,0.632845,0.63266,0.63268,156.0,Interval.in_5_minute,57359700.0
4822,2023-10-26 21:20:00,OANDA:AUDUSD,0.63268,0.632765,0.632555,0.63266,185.0,Interval.in_5_minute,57360000.0
4823,2023-10-26 21:25:00,OANDA:AUDUSD,0.63266,0.632665,0.63248,0.63266,192.0,Interval.in_5_minute,57360300.0
4824,2023-10-26 21:30:00,OANDA:AUDUSD,0.63266,0.63307,0.63261,0.63294,154.0,Interval.in_5_minute,57360600.0
4825,2023-10-26 21:35:00,OANDA:AUDUSD,0.63294,0.63294,0.6327,0.63278,185.0,Interval.in_5_minute,57360900.0
4826,2023-10-26 21:40:00,OANDA:AUDUSD,0.63278,0.63295,0.63261,0.63274,202.0,Interval.in_5_minute,57361200.0
4827,2023-10-26 21:45:00,OANDA:AUDUSD,0.63274,0.63286,0.63268,0.63278,212.0,Interval.in_5_minute,57361500.0
4828,2023-10-26 21:50:00,OANDA:AUDUSD,0.63278,0.63302,0.63278,0.633,184.0,Interval.in_5_minute,57361800.0
4829,2023-10-26 21:55:00,OANDA:AUDUSD,0.633,0.63308,0.63281,0.63282,198.0,Interval.in_5_minute,57362100.0
4830,2023-10-26 22:00:00,OANDA:AUDUSD,0.63282,0.63303,0.63278,0.633,159.0,Interval.in_5_minute,57362400.0
4831,2023-10-26 22:05:00,OANDA:AUDUSD,0.633,0.63305,0.63274,0.63279,217.0,Interval.in_5_minute,57362700.0
4832,2023-10-26 22:10:00,OANDA:AUDUSD,0.63279,0.63284,0.63243,0.63244,211.0,Interval.in_5_minute,57363000.0
4833,2023-10-26 22:15:00,OANDA:AUDUSD,0.63244,0.632585,0.63237,0.63248,183.0,Interval.in_5_minute,57363300.0
4834,2023-10-26 22:20:00,OANDA:AUDUSD,0.63248,0.632545,0.63233,0.63239,202.0,Interval.in_5_minute,57363600.0
4835,2023-10-26 22:25:00,OANDA:AUDUSD,0.63239,0.63239,0.63209,0.63212,195.0,Interval.in_5_minute,57363900.0
4836,2023-10-26 22:30:00,OANDA:AUDUSD,0.63212,0.63212,0.63196,0.63196,113.0,Interval.in_5_minute,57364200.0
4837,2023-10-26 22:35:00,OANDA:AUDUSD,0.63196,0.63196,0.6316,0.63168,128.0,Interval.in_5_minute,57364500.0
4838,2023-10-26 22:40:00,OANDA:AUDUSD,0.63168,0.63168,0.63146,0.6315,141.0,Interval.in_5_minute,57364800.0
4839,2023-10-26 22:45:00,OANDA:AUDUSD,0.6315,0.63172,0.6314,0.6316,134.0,Interval.in_5_minute,57365100.0
4840,2023-10-26 22:50:00,OANDA:AUDUSD,0.6316,0.63193,0.6316,0.63176,160.0,Interval.in_5_minute,57365400.0
4841,2023-10-26 22:55:00,OANDA:AUDUSD,0.63176,0.63187,0.6317,0.63175,197.0,Interval.in_5_minute,57365700.0
4842,2023-10-26 23:00:00,OANDA:AUDUSD,0.63175,0.63186,0.6316,0.6318,309.0,Interval.in_5_minute,57366000.0
4843,2023-10-26 23:05:00,OANDA:AUDUSD,0.6318,0.631985,0.6318,0.63198,147.0,Interval.in_5_minute,57366300.0
4844,2023-10-26 23:10:00,OANDA:AUDUSD,0.63198,0.63204,0.63195,0.63198,37.0,Interval.in_5_minute,57366600.0
4845,2023-10-26 23:15:00,OANDA:AUDUSD,0.63198,0.632045,0.63192,0.63204,55.0,Interval.in_5_minute,57366900.0
4846,2023-10-26 23:20:00,OANDA:AUDUSD,0.63204,0.63244,0.631995,0.63244,66.0,Interval.in_5_minute,57367200.0
4847,2023-10-26 23:25:00,OANDA:AUDUSD,0.63244,0.63257,0.63244,0.63251,41.0,Interval.in_5_minute,57367500.0
4848,2023-10-26 23:30:00,OANDA:AUDUSD,0.63251,0.63252,0.63222,0.63222,49.0,Interval.in_5_minute,57367800.0
4849,2023-10-26 23:35:00,OANDA:AUDUSD,0.63222,0.63222,0.63219,0.6322,39.0,Interval.in_5_minute,57368100.0
4850,2023-10-26 23:40:00,OANDA:AUDUSD,0.6322,0.6322,0.63208,0.6321,94.0,Interval.in_5_minute,57368400.0
4851,2023-10-26 23:45:00,OANDA:AUDUSD,0.6321,0.632145,0.632,0.63212,50.0,Interval.in_5_minute,57368700.0
4852,2023-10-26 23:50:00,OANDA:AUDUSD,0.63212,0.63218,0.632115,0.63214,60.0,Interval.in_5_minute,57369000.0
4853,2023-10-26 23:55:00,OANDA:AUDUSD,0.63214,0.63224,0.63212,0.632225,38.0,Interval.in_5_minute,57369300.0
4854,2023-10-27 00:00:00,OANDA:AUDUSD,0.63222,0.632405,0.63222,0.63229,4.0,Interval.in_5_minute,57369600.0
4855,2023-10-27 00:05:00,OANDA:AUDUSD,0.63229,0.63229,0.63208,0.63216,27.0,Interval.in_5_minute,57369900.0
4856,2023-10-27 00:10:00,OANDA:AUDUSD,0.63216,0.632165,0.632015,0.63209,47.0,Interval.in_5_minute,57370200.0
4857,2023-10-27 00:15:00,OANDA:AUDUSD,0.63209,0.63211,0.632035,0.6321,67.0,Interval.in_5_minute,57370500.0
4858,2023-10-27 00:20:00,OANDA:AUDUSD,0.6321,0.632205,0.632095,0.6322,263.0,Interval.in_5_minute,57370800.0
4859,2023-10-27 00:25:00,OANDA:AUDUSD,0.6322,0.6322,0.6321,0.63211,17.0,Interval.in_5_minute,57371100.0
4860,2023-10-27 00:30:00,OANDA:AUDUSD,0.63211,0.63217,0.63204,0.63213,68.0,Interval.in_5_minute,57371400.0
4861,2023-10-27 00:35:00,OANDA:AUDUSD,0.63213,0.63226,0.6321,0.63224,42.0,Interval.in_5_minute,57371700.0
4862,2023-10-27 00:40:00,OANDA:AUDUSD,0.63224,0.63226,0.63214,0.63216,21.0,Interval.in_5_minute,57372000.0
4863,2023-10-27 00:45:00,OANDA:AUDUSD,0.63216,0.63216,0.63204,0.6321,40.0,Interval.in_5_minute,57372300.0
4864,2023-10-27 00:50:00,OANDA:AUDUSD,0.6321,0.632145,0.63202,0.63214,47.0,Interval.in_5_minute,57372600.0
4865,2023-10-27 00:55:00,OANDA:AUDUSD,0.63214,0.63226,0.63212,0.63224,81.0,Interval.in_5_minute,57372900.0
4866,2023-10-27 01:00:00,OANDA:AUDUSD,0.63224,0.6326,0.63214,0.63244,65.0,Interval.in_5_minute,57373200.0
4867,2023-10-27 01:05:00,OANDA:AUDUSD,0.63244,0.63268,0.63244,0.63254,42.0,Interval.in_5_minute,57373500.0
4868,2023-10-27 01:10:00,OANDA:AUDUSD,0.63254,0.632545,0.63244,0.6325,59.0,Interval.in_5_minute,57373800.0
4869,2023-10-27 01:15:00,OANDA:AUDUSD,0.6325,0.63263,0.63244,0.63262,31.0,Interval.in_5_minute,57374100.0
4870,2023-10-27 01:20:00,OANDA:AUDUSD,0.63262,0.63266,0.63256,0.63259,69.0,Interval.in_5_minute,57374400.0
4871,2023-10-27 01:25:00,OANDA:AUDUSD,0.63259,0.63259,0.63249,0.6325,37.0,Interval.in_5_minute,57374700.0
4872,2023-10-27 01:30:00,OANDA:AUDUSD,0.6325,0.632545,0.63248,0.63248,23.0,Interval.in_5_minute,57375000.0
4873,2023-10-27 01:35:00,OANDA:AUDUSD,0.63248,0.63264,0.63248,0.63264,17.0,Interval.in_5_minute,57375300.0
4874,2023-10-27 01:40:00,OANDA:AUDUSD,0.63264,0.63264,0.63256,0.63258,19.0,Interval.in_5_minute,57375600.0
4875,2023-10-27 01:45:00,OANDA:AUDUSD,0.63258,0.63263,0.632575,0.63259,9.0,Interval.in_5_minute,57375900.0
4876,2023-10-27 01:50:00,OANDA:AUDUSD,0.63259,0.63283,0.63259,0.63279,22.0,Interval.in_5_minute,57376200.0
4877,2023-10-27 01:55:00,OANDA:AUDUSD,0.63279,0.63282,0.63255,0.63258,50.0,Interval.in_5_minute,57376500.0
4878,2023-10-27 02:00:00,OANDA:AUDUSD,0.63258,0.63282,0.63256,0.63279,167.0,Interval.in_5_minute,57376800.0
4879,2023-10-27 02:05:00,OANDA:AUDUSD,0.63279,0.63289,0.63268,0.63274,195.0,Interval.in_5_minute,57377100.0
4880,2023-10-27 02:10:00,OANDA:AUDUSD,0.63274,0.63288,0.63272,0.63286,325.0,Interval.in_5_minute,57377400.0
4881,2023-10-27 02:15:00,OANDA:AUDUSD,0.63286,0.63291,0.63278,0.63286,402.0,Interval.in_5_minute,57377700.0
4882,2023-10-27 02:20:00,OANDA:AUDUSD,0.63286,0.63288,0.63282,0.63284,28.0,Interval.in_5_minute,57378000.0
4883,2023-10-27 02:25:00,OANDA:AUDUSD,0.63284,0.633005,0.63284,0.63296,113.0,Interval.in_5_minute,57378300.0
4884,2023-10-27 02:30:00,OANDA:AUDUSD,0.63296,0.63308,0.63296,0.63306,71.0,Interval.in_5_minute,57378600.0
4885,2023-10-27 02:35:00,OANDA:AUDUSD,0.63306,0.63315,0.633,0.63304,205.0,Interval.in_5_minute,57378900.0
4886,2023-10-27 02:40:00,OANDA:AUDUSD,0.63304,0.63308,0.63302,0.63308,81.0,Interval.in_5_minute,57379200.0
4887,2023-10-27 02:45:00,OANDA:AUDUSD,0.63308,0.6332,0.633075,0.63315,102.0,Interval.in_5_minute,57379500.0
4888,2023-10-27 02:50:00,OANDA:AUDUSD,0.63315,0.6335,0.63315,0.63328,90.0,Interval.in_5_minute,57379800.0
4889,2023-10-27 02:55:00,OANDA:AUDUSD,0.63328,0.63344,0.63323,0.63336,56.0,Interval.in_5_minute,57380100.0
4890,2023-10-27 03:00:00,OANDA:AUDUSD,0.63336,0.6335,0.63324,0.63336,160.0,Interval.in_5_minute,57380400.0
4891,2023-10-27 03:05:00,OANDA:AUDUSD,0.63336,0.63337,0.63295,0.6331,166.0,Interval.in_5_minute,57380700.0
4892,2023-10-27 03:10:00,OANDA:AUDUSD,0.6331,0.63324,0.63304,0.63308,105.0,Interval.in_5_minute,57381000.0
4893,2023-10-27 03:15:00,OANDA:AUDUSD,0.63308,0.63336,0.63308,0.63336,158.0,Interval.in_5_minute,57381300.0
4894,2023-10-27 03:20:00,OANDA:AUDUSD,0.63336,0.6335,0.6333,0.63338,133.0,Interval.in_5_minute,57381600.0
4895,2023-10-27 03:25:00,OANDA:AUDUSD,0.63338,0.6337,0.63338,0.63346,96.0,Interval.in_5_minute,57381900.0
4896,2023-10-27 03:30:00,OANDA:AUDUSD,0.63346,0.63386,0.63346,0.63377,161.0,Interval.in_5_minute,57382200.0
4897,2023-10-27 03:35:00,OANDA:AUDUSD,0.63377,0.63377,0.633435,0.63354,61.0,Interval.in_5_minute,57382500.0
4898,2023-10-27 03:40:00,OANDA:AUDUSD,0.63354,0.63366,0.63331,0.6336,106.0,Interval.in_5_minute,57382800.0
4899,2023-10-27 03:45:00,OANDA:AUDUSD,0.6336,0.63386,0.6336,0.63384,108.0,Interval.in_5_minute,57383100.0
4900,2023-10-27 03:50:00,OANDA:AUDUSD,0.63384,0.63399,0.633455,0.63346,152.0,Interval.in_5_minute,57383400.0
4901,2023-10-27 03:55:00,OANDA:AUDUSD,0.63346,0.633665,0.63344,0.63348,165.0,Interval.in_5_minute,57383700.0
4902,2023-10-27 04:00:00,OANDA:AUDUSD,0.63348,0.63353,0.63328,0.63342,170.0,Interval.in_5_minute,57384000.0
4903,2023-10-27 04:05:00,OANDA:AUDUSD,0.63342,0.63351,0.63296,0.63307,183.0,Interval.in_5_minute,57384300.0
4904,2023-10-27 04:10:00,OANDA:AUDUSD,0.63307,0.63307,0.632535,0.63257,245.0,Interval.in_5_minute,57384600.0
4905,2023-10-27 04:15:00,OANDA:AUDUSD,0.63257,0.633165,0.63246,0.63306,234.0,Interval.in_5_minute,57384900.0
4906,2023-10-27 04:20:00,OANDA:AUDUSD,0.63306,0.63328,0.63299,0.633,203.0,Interval.in_5_minute,57385200.0
4907,2023-10-27 04:25:00,OANDA:AUDUSD,0.633,0.63315,0.63289,0.6329,119.0,Interval.in_5_minute,57385500.0
4908,2023-10-27 04:30:00,OANDA:AUDUSD,0.6329,0.633,0.63266,0.63297,185.0,Interval.in_5_minute,57385800.0
4909,2023-10-27 04:35:00,OANDA:AUDUSD,0.63297,0.63326,0.63283,0.6331,217.0,Interval.in_5_minute,57386100.0
4910,2023-10-27 04:40:00,OANDA:AUDUSD,0.6331,0.63354,0.6331,0.63334,167.0,Interval.in_5_minute,57386400.0
4911,2023-10-27 04:45:00,OANDA:AUDUSD,0.63334,0.633745,0.633255,0.63374,144.0,Interval.in_5_minute,57386700.0
4912,2023-10-27 04:50:00,OANDA:AUDUSD,0.63374,0.63426,0.63374,0.63422,133.0,Interval.in_5_minute,57387000.0
4913,2023-10-27 04:55:00,OANDA:AUDUSD,0.63422,0.63426,0.6338,0.63381,163.0,Interval.in_5_minute,57387300.0
4914,2023-10-27 05:00:00,OANDA:AUDUSD,0.63381,0.63398,0.633675,0.63397,127.0,Interval.in_5_minute,57387600.0
4915,2023-10-27 05:05:00,OANDA:AUDUSD,0.63397,0.63426,0.63397,0.63414,236.0,Interval.in_5_minute,57387900.0
4916,2023-10-27 05:10:00,OANDA:AUDUSD,0.63414,0.63415,0.63394,0.63394,129.0,Interval.in_5_minute,57388200.0
4917,2023-10-27 05:15:00,OANDA:AUDUSD,0.63394,0.634145,0.633875,0.6341,98.0,Interval.in_5_minute,57388500.0
4918,2023-10-27 05:20:00,OANDA:AUDUSD,0.6341,0.63418,0.63397,0.63414,107.0,Interval.in_5_minute,57388800.0
4919,2023-10-27 05:25:00,OANDA:AUDUSD,0.63414,0.63418,0.63382,0.63383,101.0,Interval.in_5_minute,57389100.0
4920,2023-10-27 05:30:00,OANDA:AUDUSD,0.63383,0.63428,0.63383,0.6341,163.0,Interval.in_5_minute,57389400.0
4921,2023-10-27 05:35:00,OANDA:AUDUSD,0.6341,0.63412,0.63393,0.63398,137.0,Interval.in_5_minute,57389700.0
4922,2023-10-27 05:40:00,OANDA:AUDUSD,0.63398,0.63414,0.63389,0.63395,98.0,Interval.in_5_minute,57390000.0
4923,2023-10-27 05:45:00,OANDA:AUDUSD,0.63395,0.63402,0.63373,0.63395,93.0,Interval.in_5_minute,57390300.0
4924,2023-10-27 05:50:00,OANDA:AUDUSD,0.63395,0.634025,0.63391,0.63402,115.0,Interval.in_5_minute,57390600.0
4925,2023-10-27 05:55:00,OANDA:AUDUSD,0.63402,0.63408,0.6339,0.63404,136.0,Interval.in_5_minute,57390900.0
4926,2023-10-27 06:00:00,OANDA:AUDUSD,0.63404,0.63425,0.634,0.63412,139.0,Interval.in_5_minute,57391200.0
4927,2023-10-27 06:05:00,OANDA:AUDUSD,0.63412,0.634185,0.63392,0.63396,79.0,Interval.in_5_minute,57391500.0
4928,2023-10-27 06:10:00,OANDA:AUDUSD,0.63396,0.63398,0.63374,0.63388,102.0,Interval.in_5_minute,57391800.0
4929,2023-10-27 06:15:00,OANDA:AUDUSD,0.63388,0.634,0.6338,0.63381,112.0,Interval.in_5_minute,57392100.0
4930,2023-10-27 06:20:00,OANDA:AUDUSD,0.63381,0.63388,0.633735,0.63384,129.0,Interval.in_5_minute,57392400.0
4931,2023-10-27 06:25:00,OANDA:AUDUSD,0.63384,0.63405,0.63382,0.63398,69.0,Interval.in_5_minute,57392700.0
4932,2023-10-27 06:30:00,OANDA:AUDUSD,0.63398,0.633985,0.63378,0.63386,121.0,Interval.in_5_minute,57393000.0
4933,2023-10-27 06:35:00,OANDA:AUDUSD,0.63386,0.63389,0.63365,0.63379,72.0,Interval.in_5_minute,57393300.0
4934,2023-10-27 06:40:00,OANDA:AUDUSD,0.63379,0.63379,0.63367,0.63367,46.0,Interval.in_5_minute,57393600.0
4935,2023-10-27 06:45:00,OANDA:AUDUSD,0.63367,0.63385,0.633635,0.63385,82.0,Interval.in_5_minute,57393900.0
4936,2023-10-27 06:50:00,OANDA:AUDUSD,0.63385,0.63389,0.63375,0.63387,79.0,Interval.in_5_minute,57394200.0
4937,2023-10-27 06:55:00,OANDA:AUDUSD,0.63387,0.63393,0.63381,0.63388,43.0,Interval.in_5_minute,57394500.0
4938,2023-10-27 07:00:00,OANDA:AUDUSD,0.63388,0.63395,0.63383,0.63384,76.0,Interval.in_5_minute,57394800.0
4939,2023-10-27 07:05:00,OANDA:AUDUSD,0.63384,0.63385,0.63371,0.6338,60.0,Interval.in_5_minute,57395100.0
4940,2023-10-27 07:10:00,OANDA:AUDUSD,0.6338,0.633885,0.633755,0.63384,70.0,Interval.in_5_minute,57395400.0
4941,2023-10-27 07:15:00,OANDA:AUDUSD,0.63384,0.633925,0.63381,0.6339,53.0,Interval.in_5_minute,57395700.0
4942,2023-10-27 07:20:00,OANDA:AUDUSD,0.6339,0.63398,0.633875,0.63396,34.0,Interval.in_5_minute,57396000.0
4943,2023-10-27 07:25:00,OANDA:AUDUSD,0.63396,0.634025,0.63387,0.63389,41.0,Interval.in_5_minute,57396300.0
4944,2023-10-27 07:30:00,OANDA:AUDUSD,0.63389,0.63393,0.63383,0.63387,102.0,Interval.in_5_minute,57396600.0
4945,2023-10-27 07:35:00,OANDA:AUDUSD,0.63387,0.634085,0.63387,0.63408,67.0,Interval.in_5_minute,57396900.0
4946,2023-10-27 07:40:00,OANDA:AUDUSD,0.63408,0.63415,0.63404,0.6341,47.0,Interval.in_5_minute,57397200.0
4947,2023-10-27 07:45:00,OANDA:AUDUSD,0.6341,0.63414,0.63402,0.6341,57.0,Interval.in_5_minute,57397500.0
4948,2023-10-27 07:50:00,OANDA:AUDUSD,0.6341,0.6343,0.63409,0.6343,59.0,Interval.in_5_minute,57397800.0
4949,2023-10-27 07:55:00,OANDA:AUDUSD,0.6343,0.634505,0.63424,0.63439,80.0,Interval.in_5_minute,57398100.0
4950,2023-10-27 08:00:00,OANDA:AUDUSD,0.63439,0.63464,0.6343,0.63454,125.0,Interval.in_5_minute,57398400.0
4951,2023-10-27 08:05:00,OANDA:AUDUSD,0.63454,0.63458,0.63404,0.6341,98.0,Interval.in_5_minute,57398700.0
4952,2023-10-27 08:10:00,OANDA:AUDUSD,0.6341,0.63424,0.63401,0.63418,121.0,Interval.in_5_minute,57399000.0
4953,2023-10-27 08:15:00,OANDA:AUDUSD,0.63418,0.63437,0.6341,0.63434,138.0,Interval.in_5_minute,57399300.0
4954,2023-10-27 08:20:00,OANDA:AUDUSD,0.63434,0.63434,0.634135,0.63415,97.0,Interval.in_5_minute,57399600.0
4955,2023-10-27 08:25:00,OANDA:AUDUSD,0.63415,0.634245,0.634095,0.63424,90.0,Interval.in_5_minute,57399900.0
4956,2023-10-27 08:30:00,OANDA:AUDUSD,0.63424,0.63447,0.634035,0.63404,136.0,Interval.in_5_minute,57400200.0
4957,2023-10-27 08:35:00,OANDA:AUDUSD,0.63404,0.63404,0.63388,0.63389,104.0,Interval.in_5_minute,57400500.0
4958,2023-10-27 08:40:00,OANDA:AUDUSD,0.63389,0.634045,0.6338,0.63403,121.0,Interval.in_5_minute,57400800.0
4959,2023-10-27 08:45:00,OANDA:AUDUSD,0.63403,0.63418,0.63403,0.63416,127.0,Interval.in_5_minute,57401100.0
4960,2023-10-27 08:50:00,OANDA:AUDUSD,0.63416,0.63458,0.634155,0.63458,89.0,Interval.in_5_minute,57401400.0
4961,2023-10-27 08:55:00,OANDA:AUDUSD,0.63458,0.6346,0.634435,0.63447,86.0,Interval.in_5_minute,57401700.0
4962,2023-10-27 09:00:00,OANDA:AUDUSD,0.63447,0.63484,0.63444,0.63474,148.0,Interval.in_5_minute,57402000.0
4963,2023-10-27 09:05:00,OANDA:AUDUSD,0.63474,0.635085,0.63468,0.63492,146.0,Interval.in_5_minute,57402300.0
4964,2023-10-27 09:10:00,OANDA:AUDUSD,0.63492,0.634965,0.63434,0.63442,119.0,Interval.in_5_minute,57402600.0
4965,2023-10-27 09:15:00,OANDA:AUDUSD,0.63442,0.634485,0.63424,0.63432,143.0,Interval.in_5_minute,57402900.0
4966,2023-10-27 09:20:00,OANDA:AUDUSD,0.63432,0.63442,0.63415,0.63436,154.0,Interval.in_5_minute,57403200.0
4967,2023-10-27 09:25:00,OANDA:AUDUSD,0.63436,0.63436,0.63404,0.63428,120.0,Interval.in_5_minute,57403500.0
4968,2023-10-27 09:30:00,OANDA:AUDUSD,0.63428,0.63432,0.63414,0.63414,144.0,Interval.in_5_minute,57403800.0
4969,2023-10-27 09:35:00,OANDA:AUDUSD,0.63414,0.6344,0.634,0.634,164.0,Interval.in_5_minute,57404100.0
4970,2023-10-27 09:40:00,OANDA:AUDUSD,0.634,0.6342,0.63384,0.63397,179.0,Interval.in_5_minute,57404400.0
4971,2023-10-27 09:45:00,OANDA:AUDUSD,0.63397,0.63398,0.63358,0.63358,151.0,Interval.in_5_minute,57404700.0
4972,2023-10-27 09:50:00,OANDA:AUDUSD,0.63358,0.633845,0.633575,0.63373,151.0,Interval.in_5_minute,57405000.0
4973,2023-10-27 09:55:00,OANDA:AUDUSD,0.63373,0.63374,0.63356,0.63357,168.0,Interval.in_5_minute,57405300.0
4974,2023-10-27 10:00:00,OANDA:AUDUSD,0.63357,0.63357,0.63312,0.6334,315.0,Interval.in_5_minute,57405600.0
4975,2023-10-27 10:05:00,OANDA:AUDUSD,0.6334,0.63372,0.63335,0.63368,147.0,Interval.in_5_minute,57405900.0
4976,2023-10-27 10:10:00,OANDA:AUDUSD,0.63368,0.63368,0.63324,0.63328,158.0,Interval.in_5_minute,57406200.0
4977,2023-10-27 10:15:00,OANDA:AUDUSD,0.63328,0.6334,0.63314,0.63336,217.0,Interval.in_5_minute,57406500.0
4978,2023-10-27 10:20:00,OANDA:AUDUSD,0.63336,0.63364,0.63319,0.63359,223.0,Interval.in_5_minute,57406800.0
4979,2023-10-27 10:25:00,OANDA:AUDUSD,0.63359,0.63374,0.63353,0.6337,244.0,Interval.in_5_minute,57407100.0
4980,2023-10-27 10:30:00,OANDA:AUDUSD,0.6337,0.63379,0.63346,0.63354,235.0,Interval.in_5_minute,57407400.0
4981,2023-10-27 10:35:00,OANDA:AUDUSD,0.63354,0.63378,0.63344,0.63374,134.0,Interval.in_5_minute,57407700.0
4982,2023-10-27 10:40:00,OANDA:AUDUSD,0.63374,0.63406,0.63366,0.63404,159.0,Interval.in_5_minute,57408000.0
4983,2023-10-27 10:45:00,OANDA:AUDUSD,0.63404,0.63409,0.63379,0.63406,184.0,Interval.in_5_minute,57408300.0
4984,2023-10-27 10:50:00,OANDA:AUDUSD,0.63406,0.63422,0.634,0.63409,155.0,Interval.in_5_minute,57408600.0
4985,2023-10-27 10:55:00,OANDA:AUDUSD,0.63409,0.634285,0.63402,0.63428,98.0,Interval.in_5_minute,57408900.0
4986,2023-10-27 11:00:00,OANDA:AUDUSD,0.63428,0.634565,0.63418,0.63446,171.0,Interval.in_5_minute,57409200.0
4987,2023-10-27 11:05:00,OANDA:AUDUSD,0.63446,0.6347,0.63443,0.63459,147.0,Interval.in_5_minute,57409500.0
4988,2023-10-27 11:10:00,OANDA:AUDUSD,0.63459,0.6346,0.63428,0.6345,208.0,Interval.in_5_minute,57409800.0
4989,2023-10-27 11:15:00,OANDA:AUDUSD,0.6345,0.63498,0.634455,0.63495,219.0,Interval.in_5_minute,57410100.0
4990,2023-10-27 11:20:00,OANDA:AUDUSD,0.63495,0.63502,0.63483,0.63489,247.0,Interval.in_5_minute,57410400.0
4991,2023-10-27 11:25:00,OANDA:AUDUSD,0.63489,0.635045,0.63477,0.63494,132.0,Interval.in_5_minute,57410700.0
4992,2023-10-27 11:30:00,OANDA:AUDUSD,0.63494,0.63516,0.63488,0.635,110.0,Interval.in_5_minute,57411000.0
4993,2023-10-27 11:35:00,OANDA:AUDUSD,0.635,0.63501,0.6348,0.63501,117.0,Interval.in_5_minute,57411300.0
4994,2023-10-27 11:40:00,OANDA:AUDUSD,0.63501,0.63516,0.63492,0.63506,123.0,Interval.in_5_minute,57411600.0
4995,2023-10-27 11:45:00,OANDA:AUDUSD,0.63506,0.63508,0.63486,0.63486,140.0,Interval.in_5_minute,57411900.0
4996,2023-10-27 11:50:00,OANDA:AUDUSD,0.63486,0.63503,0.63483,0.635,115.0,Interval.in_5_minute,57412200.0
4997,2023-10-27 11:55:00,OANDA:AUDUSD,0.635,0.63518,0.63491,0.63504,107.0,Interval.in_5_minute,57412500.0
4998,2023-10-27 12:00:00,OANDA:AUDUSD,0.63504,0.6351500000000001,0.6349199999999999,0.63514,157.0,Interval.in_5_minute,57412800.0
4999,2023-10-27 12:05:00,OANDA:AUDUSD,0.63514,0.6352800000000001,0.63514,0.6352249999999999,48.0,Interval.in_5_minute,57413100.0
